#                     time          SMEAR_TEMP_168.dat             SMEAR_PRESS.dat                SMEAR_RH.dat               SMEAR_SWR.dat                SA_tower.dat               SA_ground.dat                     NH3.dat                SMEAR_CS.dat            SMEAR_GAS_CO.dat           SMEAR_GAS_NO2.dat            SMEAR_GAS_NO.dat            SMEAR_GAS_O3.dat           SMEAR_GAS_SO2.dat
9.10000000000000000000e+01  -2.89999999999999991118e+00  9.91059999999999945430e+02  3.59500000000000028422e+01  -1.92123299999999996857e+00  5.16558867187500000000e+04  1.75394343750000000000e+05  2.00000000000000000000e+00  0.00000000000000000000e+00  1.87270000000000010232e+02  9.55999999999999960920e-01  5.00000000000000027756e-02  4.87800000000000011369e+01  2.39999999999999991118e-01
9.10069444444444428655e+01  -2.59994884092793210328e+00  9.91179936051159870658e+02  3.53799744204639665668e+01  -1.76510531111106394597e+00  5.11976783862702504848e+04  1.86183312479901534971e+05  2.00000000000000000000e+00  0.00000000000000000000e+00  1.89431333336790544308e+02  1.01600096001535766810e+00  5.00000000000000027756e-02  4.89940000003423108410e+01  1.69999616003040227019e-01
9.10138888888888857309e+01  -2.33999999999999985789e+00  9.91179984012788395376e+02  3.41299984012788470977e+01  -1.88265743650765182693e+00  5.07394700537905009696e+04  1.96972281209803040838e+05  2.00000000000000000000e+00  0.00000000000000000000e+00  1.91592666673581078385e+02  1.07600192003071559732e+00  5.00000000000000027756e-02  4.92080000006846134397e+01  1.39999904000146169203e-01
9.10208333333333285964e+01  -2.48997122302165596608e+00  9.91089995203837020199e+02  3.42099856115108309496e+01  -1.74777845714306234726e+00  5.02812617213107514544e+04  2.07761249939704575809e+05  2.00000000000000000000e+00  0.00000000000000000000e+00  1.93753999998864287591e+02  1.13599539214746281246e+00  5.00000000000000027756e-02  4.94220000015579827846e+01  5.00000000000000027756e-02
9.10277777777777714618e+01  -2.53997761790525489189e+00  9.91129987210231547579e+02  3.37400287769789599679e+01  -2.07967056507965031287e+00  4.82888450557963078609e+04  1.73452822980602300959e+05  2.00000000000000000000e+00  5.24918666666655993336e-03  1.93517333332954933667e+02  1.03999846404921969523e+00  5.00000000000000027756e-02  4.97466666671857709048e+01  1.89999648002786847290e-01
9.10347222222222285382e+01  -2.34998721023157397525e+00  9.91139977617905287843e+02  3.33799616306947228850e+01  -1.75856199999999995853e+00  4.62964283817036921391e+04  1.39144395769397699041e+05  2.00000000000000000000e+00  5.35022833333340629147e-03  1.93280666667045068152e+02  9.44001535950780179540e-01  5.00000000000000027756e-02  5.00713333328142269352e+01  1.69999488004053622703e-01
9.10416666666666714036e+01  -1.98999520383694261660e+00  9.91070004796163061656e+02  3.17800959232611504035e+01  -2.18192472381062696485e+00  4.43040117369438958121e+04  1.04835968888279836392e+05  2.00000000000000000000e+00  5.45127000000004621749e-03  1.93044000001135714228e+02  8.48004607852537062307e-01  5.00000000000000027756e-02  5.03959999984420150554e+01  5.00000000000000027756e-02
9.10486111111111142691e+01  -2.00000319744231092045e+00  9.91070020783375071005e+02  3.09799968025576895059e+01  -2.08174021746017512413e+00  4.75595390746292614494e+04  1.29579088633853214560e+05  2.00000000000000000000e+00  5.31278449999993736957e-03  1.92755333334256818034e+02  7.70669141372922417155e-01  5.00000000000000027756e-02  5.04646666664469947250e+01  5.00000000000000027756e-02
9.10555555555555571345e+01  -2.05001918465202548347e+00  9.91209923261391963933e+02  3.12699872102319815781e+01  -1.91292920952371003906e+00  5.08150664123146343627e+04  1.54322208379426621832e+05  2.00000000000000000000e+00  5.16222199999994205144e-03  1.92466666667128407653e+02  6.93334570686461204581e-01  5.00000000000000027756e-02  5.05333333332234957425e+01  7.00000000000000066613e-02
9.10625000000000000000e+01  -1.98999999999999999112e+00  9.91149999999999977263e+02  3.17399999999999984368e+01  -1.69649000000000005350e+00  5.40705937500000000000e+04  1.79065328125000000000e+05  2.00000000000000000000e+00  5.01352952380948110878e-03  1.92177999999999997272e+02  6.15999999999999992006e-01  5.00000000000000027756e-02  5.06019999999999967599e+01  1.70000000000000012212e-01
9.10694444444444428655e+01  -1.96002557953603395724e+00  9.91099929656275890011e+02  3.21600127897680110323e+01  -1.92841503492034127554e+00  4.89745911553265395924e+04  1.59488299515636172146e+05  2.00000000000000000000e+00  4.88893957671956719963e-03  1.90538666664044427534e+02  6.86667797351421471674e-01  5.00000000000000027756e-02  5.04526666664277954055e+01  1.09999424004560308887e-01
9.10763888888888857309e+01  -2.22999360511537814133e+00  9.91039984012788409018e+02  3.21799920063942224147e+01  -2.35556272857039061819e+00  4.38785885606530719087e+04  1.39911270906272344291e+05  2.00000000000000000000e+00  4.76434962962965329047e-03  1.88899333328088857797e+02  7.57335594702842840320e-01  5.00000000000000027756e-02  5.03033333328555940511e+01  5.00000000000000027756e-02
9.10833333333333285964e+01  -3.21002398081528683704e+00  9.90960076738608904634e+02  3.46401534772178365529e+01  -3.15047112380790750308e+00  3.87825859659796115011e+04  1.20334242296908516437e+05  2.00000000000000000000e+00  4.64384809523811330212e-03  1.87260000003067972330e+02  8.27999968001024044817e-01  5.00000000000000027756e-02  5.01539999985475901667e+01  5.00000000000000027756e-02
9.10902777777777714618e+01  -3.64999040767368043703e+00  9.91059971223020966136e+02  3.62698657074315278237e+01  -2.84243857459532067722e+00  4.11240117143866227707e+04  1.20729359374263673089e+05  2.00000000000000000000e+00  4.60443341269844118313e-03  1.87899333334355560510e+02  8.27333322667008430606e-01  5.00000000000000027756e-02  4.98513333328494070429e+01  1.49999456004306946921e-01
9.10972222222222285382e+01  -3.80000959232631929652e+00  9.90930038369305179913e+02  3.83200479616315945464e+01  -2.91621822539499397919e+00  4.34654375043633772293e+04  1.21124476563236326911e+05  2.00000000000000000000e+00  4.56501873015868839950e-03  1.88538666665644427667e+02  8.26666677332991484128e-01  5.00000000000000027756e-02  4.95486666671505986415e+01  1.09999936000506698397e-01
9.11041666666666714036e+01  -3.84000479616305723241e+00  9.90989971223021711921e+02  3.79399088729019098309e+01  -2.77920164761989418878e+00  4.58068632399545385852e+04  1.21519593761263749911e+05  2.00000000000000000000e+00  4.52638888888888361872e-03  1.89177999996932015847e+02  8.26000031998975869918e-01  5.00000000000000027756e-02  4.92460000014524155176e+01  1.89999280007235149537e-01
9.11111111111111142691e+01  -3.57999520383653369038e+00  9.90869987210230760866e+02  3.77199968025576879427e+01  -2.66630664285840435213e+00  3.84176549203863614821e+04  1.23535075528342509642e+05  2.00000000000000000000e+00  4.51967592592592178058e-03  1.89068000000351901235e+02  8.36666325327872772988e-01  5.00000000000000027756e-02  4.90273333340328818508e+01  5.00000000000000027756e-02
9.11180555555555571345e+01  -3.70002557953603394836e+00  9.90759999999999990905e+02  3.78399104716238880997e+01  -2.99569181904762915636e+00  3.10284466008181807410e+04  1.25550557295421254821e+05  2.00000000000000000000e+00  4.51296296296296080980e-03  1.88958000000175957211e+02  8.47333162663936323433e-01  5.00000000000000027756e-02  4.88086666670164461834e+01  1.30000959992399495180e-01
9.11250000000000000000e+01  -3.81999999999999984013e+00  9.90799999999999954525e+02  3.88900000000000005684e+01  -3.01498299999999996857e+00  2.36392382812500000000e+04  1.27566039062500000000e+05  2.00000000000000000000e+00  4.50624999999999983902e-03  1.88848000000000013188e+02  8.57999999999999984901e-01  5.00000000000000027756e-02  4.85900000000000034106e+01  5.00000000000000027756e-02
9.11319444444444428655e+01  -3.99000000000000021316e+00  9.90750089528376065573e+02  3.93404092725765437422e+01  -3.03438910476102430280e+00  2.09414899138797263731e+04  1.33528812488892115653e+05  2.00000000000000000000e+00  5.77709325396791664731e-03  1.91615333337759892629e+02  8.23332778657793307175e-01  5.00000000000000027756e-02  4.84073333330411443853e+01  1.70000255997973220845e-01
9.11388888888888857309e+01  -4.85998081534613479704e+00  9.90930009592326882739e+02  4.24098641087017824702e+01  -3.75349974444489209446e+00  1.82437415465094563842e+04  1.39491585915284231305e+05  2.00000000000000000000e+00  7.04793650793583432296e-03  1.94382666675519772070e+02  7.88665557315586518428e-01  5.00000000000000027756e-02  4.82246666660822924655e+01  5.00000000000000027756e-02
9.11458333333333285964e+01  -5.65001438848917292290e+00  9.90980081534772011764e+02  4.27296163069554069125e+01  -2.55402037143052140777e+00  1.55459931791391827574e+04  1.45454359341676346958e+05  2.00000000000000000000e+00  8.31877976190375026389e-03  1.97149999994276726056e+02  7.54007711753204468152e-01  5.00000000000000027756e-02  4.80419999993825683759e+01  1.50000143998552964986e-01
9.11527777777777714618e+01  -5.11001598721053262864e+00  9.90979993605115851096e+02  4.07998816946420603813e+01  -1.50148776825262530998e+00  2.09538567607554832648e+04  1.39215885428292414872e+05  2.00000000000000000000e+00  7.78168306878368638835e-03  1.95957333331426383438e+02  9.14669237250958611085e-01  5.00000000000000027756e-02  4.79133333331276105582e+01  5.00000000000000027756e-02
9.11597222222222285382e+01  -4.89998081534736140696e+00  9.90890019184652601325e+02  4.02599392485999771907e+01  -2.41871852381497687290e+00  2.63617203876820167352e+04  1.32977411446707585128e+05  2.00000000000000000000e+00  7.20012883597841765043e-03  1.94764666668573624975e+02  1.07533076274904138003e+00  5.00000000000000027756e-02  4.77846666668723898397e+01  3.09999456004306950252e-01
9.11666666666666714036e+01  -4.67004316546751674366e+00  9.90899952038369406182e+02  3.95400143884891690504e+01  -2.75369970476767811363e+00  3.17695839475793145539e+04  1.26738937536478159018e+05  2.00000000000000000000e+00  6.61857460317433893282e-03  1.93572000005723282356e+02  1.23599228824679552297e+00  5.00000000000000027756e-02  4.76560000006174320220e+01  2.39999232007717444581e-01
9.11736111111111142691e+01  -5.04998401278844522011e+00  9.90760020783375011888e+02  4.05099520383653342037e+01  -1.65379071904827035233e+00  2.51855429442195418233e+04  1.33266161482652096311e+05  2.00000000000000000000e+00  6.53236574074072921803e-03  1.92979333335229370050e+02  1.46865922121422487479e+00  5.00000000000000027756e-02  4.71213333350438077218e+01  5.00000000000000027756e-02
9.11805555555555571345e+01  -4.95005115907206771908e+00  9.90680063948840029298e+02  3.98800319744200422178e+01  -2.22088999999999980872e+00  1.86015019408597727306e+04  1.39793385428826062707e+05  2.00000000000000000000e+00  6.47113227513227990545e-03  1.92386666667614690596e+02  1.70132961060711251911e+00  5.00000000000000027756e-02  4.65866666675219036620e+01  9.00003199974664935823e-02
9.11875000000000000000e+01  -5.12000000000000010658e+00  9.90759999999999990905e+02  4.19699999999999988631e+01  -2.21446899999999979869e+00  1.20174609375000000000e+04  1.46320609375000000000e+05  2.00000000000000000000e+00  6.40989880952383059287e-03  1.91794000000000011141e+02  1.93399999999999994138e+00  5.00000000000000027756e-02  4.60519999999999996021e+01  2.80000000000000026645e-01
9.11944444444444428655e+01  -5.54002557953603425034e+00  9.90790012789767956747e+02  4.38701151079121487442e+01  -2.68321899999999979869e+00  1.56146712172571897099e+04  1.46036114583863323787e+05  2.00000000000000000000e+00  6.70797288888876248880e-03  1.92403333334308030089e+02  1.81733146663680411592e+00  5.00000000000000027756e-02  4.63560000004862686751e+01  5.00000000000000027756e-02
9.12013888888888857309e+01  -5.51998561150960043165e+00  9.90789979216624942637e+02  4.47699904076730703650e+01  -2.36432857777796057164e+00  1.92118814970143794199e+04  1.45751619792726618471e+05  2.00000000000000000000e+00  7.03392427777764246005e-03  1.93012666668616020615e+02  1.70066293327360851251e+00  5.00000000000000027756e-02  4.66600000009725377481e+01  1.60000239999634641386e-01
9.12083333333333285964e+01  -5.68003357314140178147e+00  9.90690019184652328477e+02  4.59900000000000019895e+01  -2.06455846190496705717e+00  2.28090917767715654918e+04  1.45467125001589942258e+05  2.00000000000000000000e+00  7.43793174603085867347e-03  1.93622000023993621198e+02  1.58404268663391989413e+00  5.00000000000000027756e-02  4.69639999873409692555e+01  9.00004319956589082796e-02
9.12152777777777714618e+01  -6.49994564348418979449e+00  9.90409999999999968168e+02  4.36101023181474047874e+01  -1.82484605079324380128e+00  6.80874413218713161768e+04  1.25547117224622023059e+05  2.00000000000000000000e+00  9.39005145502504884325e-03  1.98622000007994472526e+02  2.47334756221069973492e+00  5.00000000000000027756e-02  4.43259999957821193561e+01  1.69999776001773461598e-01
9.12222222222222285382e+01  -6.60002557953685187186e+00  9.90449952038368451213e+02  4.68801247002421561660e+01  -1.63621145714078175537e+00  1.13365791100003669271e+05  1.05627109337877976941e+05  2.00000000000000000000e+00  1.13421711640232340812e-02  2.03621999992005555669e+02  3.36265243778929967533e+00  5.00000000000000027756e-02  4.16880000042178764375e+01  2.19999424004560295565e-01
9.12291666666666714036e+01  -7.50999040767388503781e+00  9.90429966426858527484e+02  4.90299232613910831446e+01  7.69610133337849111612e-01  1.58644141191319038626e+05  8.57071015568878647173e+04  2.00000000000000000000e+00  1.32305107936502314853e-02  2.08621999976006406996e+02  4.25195731336607973816e+00  5.00000000000000027756e-02  3.90500000126590265381e+01  2.19999184008199788476e-01
9.12361111111111142691e+01  -7.66001278976924382391e+00  9.90100022382096199181e+02  4.78000751398943037884e+01  5.27984385397264954776e+00  2.59978510794212692417e+05  8.47028932254252431449e+04  2.00000000000000000000e+00  1.25251271957668216389e-02  2.10251333328120864508e+02  5.54195871933961292655e+00  5.00000000000000027756e-02  3.78020000039925321289e+01  1.39999984000024363384e-01
9.12430555555555571345e+01  -7.82998721023198296365e+00  9.90210038369304129446e+02  5.44195011990473389574e+01  1.30988519047648903637e+01  3.61312880397106346209e+05  8.36986848939626215724e+04  2.00000000000000000000e+00  1.18197435978834100578e-02  2.11880666664060413495e+02  6.83197935966980640643e+00  5.00000000000000027756e-02  3.65540000019962647571e+01  1.30000255997973213073e-01
9.12500000000000000000e+01  -7.91999999999999992895e+00  9.90320000000000050022e+02  5.46799999999999997158e+01  2.42014099999999992008e+01  4.62647250000000000000e+05  8.26944765625000000000e+04  2.00000000000000000000e+00  1.11143600000000002115e-02  2.13509999999999990905e+02  8.12199999999999988631e+00  6.60000000000000031086e-02  3.53059999999999973852e+01  2.20000000000000001110e-01
9.12569444444444428655e+01  -7.16995523581194049711e+00  9.90350057553956048650e+02  5.28098529176678042063e+01  3.71998002857107792352e+01  4.77160302056297368836e+05  1.00285223925564016099e+05  2.00000000000000000000e+00  1.28022865873011395393e-02  2.10559999995281259544e+02  6.86531322634500540403e+00  7.46666680533307203227e-02  3.75260000035510543626e+01  8.99991680065870963690e-02
9.12638888888888857309e+01  -6.55999999999999960920e+00  9.90469976019182695381e+02  5.08800015987211580182e+01  5.25820328412535147322e+01  4.91673354112594737671e+05  1.17875971288628032198e+05  2.00000000000000000000e+00  1.44902131746022806019e-02  2.07609999990562499761e+02  5.60862645269001180992e+00  8.33333361066614236590e-02  3.97460000071021113399e+01  2.89999728000414069840e-01
9.12708333333333285964e+01  -6.79000479616305785413e+00  9.90340038369304465959e+02  5.20999760191847158808e+01  5.13151109523802944068e+01  5.06186406168892106507e+05  1.35466718651692033745e+05  2.00000000000000000000e+00  1.61781397619034199298e-02  2.04660000002770459560e+02  4.35196880099844740641e+00  9.19999990400022782389e-02  4.19660000036406302115e+01  1.70000767992282530994e-01
9.12777777777777714618e+01  -7.29998401278946751347e+00  9.90279980815347357748e+02  5.20099936051157882844e+01  8.38906252062620438892e+01  5.87763749847976141609e+05  1.34628046876562904799e+05  2.00000000000000000000e+00  1.48381619047634055741e-02  2.05237333334256419448e+02  3.70198960033325930041e+00  8.99999996800021212495e-02  4.27246666678796955807e+01  5.00000000000000027756e-02
9.12847222222222285382e+01  -6.75997761790525419912e+00  9.90309977617905246916e+02  4.82500000000000000000e+01  1.08549904127018891131e+02  6.69341093902023858391e+05  1.33789374998437095201e+05  2.00000000000000000000e+00  1.34237273809513623507e-02  2.05814666665743573049e+02  3.05201039966674114723e+00  8.80000003199978703128e-02  4.34833333321203028277e+01  3.29999488004053598278e-01
9.12916666666666714036e+01  -6.05003836930445881848e+00  9.90350076738608890992e+02  4.98199328537171979292e+01  1.30230282857168333521e+02  7.50918437570277135819e+05  1.32950703133728879038e+05  4.78770205656833702790e+00  1.20092928571422126460e-02  2.06391999997229532937e+02  2.40203119900155304123e+00  8.60000009599977133234e-02  4.42419999963593681969e+01  1.69999856001447041676e-01
9.12986111111111142691e+01  -4.95000639488462201854e+00  9.90469976019182695381e+02  4.85399840127884445451e+01  1.50989729206370924430e+02  7.63493479213518090546e+05  1.34512604172485909658e+05  2.39960690561044920344e+00  1.17956646666666029738e-02  2.06421999999904016931e+02  2.34933501869362837411e+00  8.59999999999999931166e-02  4.35313333356068596913e+01  1.90000079999878224157e-01
9.13055555555555571345e+01  -4.63994884092793213881e+00  9.90360038369304106709e+02  4.63500191846520266381e+01  1.74483791428577120541e+02  7.76068520856759045273e+05  1.36074505211242969381e+05  3.07913711620499874755e+00  1.16425813333332749816e-02  2.06451999999952022335e+02  2.29666750934681429541e+00  8.59999999999999931166e-02  4.28206666678034295614e+01  2.50000127998986576561e-01
9.13125000000000000000e+01  -4.92999999999999971578e+00  9.90399999999999977263e+02  4.80700000000000002842e+01  1.95489699999999999136e+02  7.88643562500000000000e+05  1.37636406250000000000e+05  4.76206411827846842755e+00  1.14806045238094300148e-02  2.06481999999999999318e+02  2.24400000000000021672e+00  8.59999999999999931166e-02  4.21099999999999994316e+01  3.80000000000000004441e-01
9.13194444444444428655e+01  -5.01005115907206732828e+00  9.90350102318144195124e+02  4.90601215027961643500e+01  2.17319391111105716163e+02  8.91228583142230520025e+05  2.78575478904115152545e+05  3.14220075194831194310e+00  1.12040006878306661053e-02  2.03797999995706732079e+02  1.95266200525876287841e+00  7.86666654933355496970e-02  4.28440000011740877994e+01  5.00000000000000027756e-02
9.13263888888888857309e+01  -4.99998721023075631820e+00  9.90480011191048106411e+02  5.13199536370864919377e+01  2.38740128095217301052e+02  9.93813603784461040050e+05  4.19514551558230305091e+05  2.45037940147184851725e+00  1.09273968518519039306e-02  2.01113999991413493262e+02  1.66132401051752531806e+00  7.13333309866710923997e-02  4.35780000023481761673e+01  3.89999824000267947266e-01
9.13333333333333285964e+01  -5.15997601918471282545e+00  9.90749976019184714460e+02  5.30703021582726179872e+01  2.64743154285677178450e+02  1.09639862442669156007e+06  5.60453624212345457636e+05  4.35221095650821609979e+00  1.06857087301585242795e-02  1.98429999995604390506e+02  1.36999577613517442565e+00  6.40000060799855996496e-02  4.43120000010237262700e+01  2.30000239997588284968e-01
9.13402777777777714618e+01  -4.95997761790525437675e+00  9.90809968025578882589e+02  5.35599616306947226008e+01  2.88103706666631353528e+02  1.16182749987806961872e+06  6.74806374786897446029e+05  2.00000000000000000000e+00  1.11365156084652829754e-02  1.97513999998535410896e+02  1.28199859204511823485e+00  7.66666686933198948672e-02  4.45253333336744248072e+01  1.70000095999239958511e-01
9.13472222222222285382e+01  -4.57997442046314784392e+00  9.90700022382094743989e+02  5.23601087130316216189e+01  3.12008315238136049174e+02  1.22725637512193038128e+06  7.89159125213102553971e+05  2.00000000000000000000e+00  1.15873224867729645443e-02  1.96598000001464583875e+02  1.19400140795488196588e+00  8.93333313066800999147e-02  4.47386666663255709864e+01  1.99999648002786856171e-01
9.13541666666666714036e+01  -4.38997601918471236360e+00  9.90730023980815303730e+02  5.16799999999999997158e+01  3.33092996666690623897e+02  1.29268525154153583571e+06  9.03511876347641809843e+05  2.52340473658008512814e+00  1.19956356349195832067e-02  1.95682000004395604265e+02  1.10600422386482577508e+00  1.01999993920014395132e-01  4.49519999989762695236e+01  3.39999184008199839546e-01
9.13611111111111142691e+01  -4.20999680255768904402e+00  9.90870000000000004547e+02  5.17499808153461344773e+01  3.54970744285731313994e+02  1.56852016769435722381e+06  1.14465233423176128417e+06  3.22419299818862725715e+00  1.06758704232797225347e-02  1.94863333335952347625e+02  1.08800057600921484813e+00  1.09333330986671098395e-01  4.59439999968264416452e+01  3.89999856000219247143e-01
9.13680555555555571345e+01  -3.69006394884008459556e+00  9.91000019184652046533e+02  5.19900191846520272065e+01  3.69456353650828134505e+02  1.84435508384717861190e+06  1.38579279211588064209e+06  3.92498125979716938616e+00  9.35610521163986186277e-03  1.94044666667976173358e+02  1.07000028800460733613e+00  1.16666665493335541814e-01  4.69359999984132230111e+01  3.00000511995946406163e-01
9.13750000000000000000e+01  -3.41000000000000014211e+00  9.91179999999999949978e+02  5.19200000000000017053e+01  3.86482899999999972351e+02  2.12019000000000000000e+06  1.62693325000000000000e+06  4.62576952140571151517e+00  8.03633999999999945607e-03  1.93225999999999999091e+02  1.05200000000000004619e+00  1.23999999999999999112e-01  4.79279999999999972715e+01  3.90000000000000013323e-01
9.13819444444444428655e+01  -2.99998721023198289259e+00  9.91199955235812012688e+02  4.99097761790596976539e+01  4.16407809841264679562e+02  2.56402708250652160496e+06  1.96617508270136918873e+06  5.32655778301425364418e+00  7.48373087301601892102e-03  1.93109333333146707901e+02  1.13600134402150110269e+00  9.93333293866741212641e-02  4.91773333353317312344e+01  4.10000063999493291611e-01
9.13888888888888857309e+01  -2.46998241406729013292e+00  9.91389990407673053596e+02  4.85200207833750241093e+01  4.35471663015854801415e+02  3.00786416501304274425e+06  2.30541691540273837745e+06  6.52356421928965701795e+00  6.93112174603203925333e-03  1.92992666666293445132e+02  1.22000268804300193715e+00  7.46666587733482434164e-02  5.04266666706634651973e+01  3.99999984000024400022e-01
9.13958333333333285964e+01  -1.74995683453248362937e+00  9.91420081534771952647e+02  4.79900335731414031670e+01  4.51889194285688347463e+02  3.45170124751956434920e+06  2.64465874810410710052e+06  7.91186323167077354412e+00  6.37851261904805871827e-03  1.92875999993646502162e+02  1.30399836805222646419e+00  5.00000105599749875007e-02  5.16760000035030699905e+01  5.60000623993729629291e-01
9.14027777777777714618e+01  -1.04003836930527771010e+00  9.91460019184652651347e+02  4.69499904076736811476e+01  4.30153372380824635002e+02  3.53080849985257908702e+06  2.96233016607466852292e+06  3.63108230836723766544e+00  6.23041095238109892546e-03  1.91551999997883058313e+02  1.26999945601743213786e+00  7.20000035199766519334e-02  5.24060000011671931475e+01  3.80000351997213159372e-01
9.14097222222222285382e+01  -9.79971223021041670798e-01  9.91529990407673608388e+02  4.61999840127894714215e+01  4.91536268888930578669e+02  3.60991575014742091298e+06  3.28000158392533147708e+06  5.42784940006712801619e+00  6.09225619047609138340e-03  1.90228000002116942824e+02  1.23600054398256808952e+00  9.39999964800233567264e-02  5.31359999988328084441e+01  5.90000287997719863320e-01
9.14166666666666714036e+01  -8.20038369304459058284e-01  9.91729923261391149936e+02  4.59400335731413989038e+01  5.07477289999988727232e+02  3.68902300373987853527e+06  3.59767300335334939882e+06  5.31647279831380181747e+00  5.95410142857136573391e-03  1.88904000006353498975e+02  1.20200163194777354114e+00  1.15999989440025028098e-01  5.38659999964969316011e+01  7.79999088009164509572e-01
9.14236111111111142691e+01  -7.29999999999999982236e-01  9.91729976019182686287e+02  4.52000111910480910637e+01  5.06663061428641867678e+02  4.35821866915991902351e+06  4.19770500223556626588e+06  4.75945449770096473685e+00  5.68536462962957768463e-03  1.86518000007633162340e+02  1.06133783473867771008e+00  9.60000063999879166277e-02  5.48353333302322951681e+01  6.29999920000121838015e-01
9.14305555555555571345e+01  -4.40051159072067876732e-01  9.91610006394884067049e+02  4.20200639488400895516e+01  5.46485578412697122985e+02  5.02741433457995951176e+06  4.79773700111778266728e+06  2.00000000000000000000e+00  5.41004386243388365324e-03  1.84132000003816585831e+02  9.20668917369338979384e-01  7.60000031999939623661e-02  5.58046666651161444861e+01  5.10000767993919579268e-01
9.14375000000000000000e+01  2.09999999999999992228e-01  9.91470000000000027285e+02  4.00900000000000034106e+01  5.55881399999999985084e+02  5.69661000000000000000e+06  5.39776900000000000000e+06  4.02430158900308931891e+00  5.13472309523818962185e-03  1.81746000000000009322e+02  7.80000000000000026645e-01  5.60000000000000011657e-02  5.67740000000000009095e+01  4.60000000000000019984e-01
9.14444444444444428655e+01  8.00767386081018273103e-02  9.91479916866507892337e+02  3.74599872102319864098e+01  5.59217679047615661148e+02  5.54174150028850045055e+06  5.41377349997018557042e+06  2.00000000000000000000e+00  5.06294811111113272212e-03  1.81266666665899947475e+02  6.70664917305348051713e-01  6.06666674133319247519e-02  5.67033333332203000055e+01  6.20000447996453041277e-01
9.14513888888888857309e+01  5.30001598721155486871e-01  9.91200023980817377378e+02  3.46301790567694141032e+01  5.67352556666679674890e+02  5.38687300057700090110e+06  5.42977799994037114084e+06  2.00000000000000000000e+00  5.00696547222224605522e-03  1.80787333331799885627e+02  5.61329834610695965758e-01  6.53333348266638552770e-02  5.66326666664405919960e+01  7.60000000000000008882e-01
9.14583333333333285964e+01  6.39889688249680177456e-01  9.91370023980815290088e+02  3.56499616306955360301e+01  5.83353828571383132839e+02  5.23200450086550042033e+06  5.44578249991055671126e+06  2.00000000000000000000e+00  4.93872746031760213870e-03  1.80307999997616633436e+02  4.51999808006144310202e-01  6.99999824000416964731e-02  5.65619999976294280941e+01  6.99999760002411708371e-01
9.14652777777777714618e+01  4.10038369305277705656e-01  9.91170003197442042620e+02  3.75602302158316661007e+01  5.35620199683412238301e+02  4.89972116728589497507e+06  5.25966500034684035927e+06  2.36061352617519171204e+00  4.62742455026477449154e-03  1.79811333332539220464e+02  4.47999936002050846984e-01  5.00000000000000027756e-02  5.60679999992101443240e+01  4.10000831993412861998e-01
9.14722222222222285382e+01  7.19961630694722187762e-01  9.91019936051157856127e+02  3.97799008792947006441e+01  6.06589969841229617487e+02  4.56743783271410502493e+06  5.07354749965315964073e+06  2.00000000000000000000e+00  4.31612164021131020086e-03  1.79314666667460784311e+02  4.44000063997949168115e-01  5.00000000000000027756e-02  5.55740000007898515832e+01  4.19999744002026775824e-01
9.14791666666666714036e+01  7.99894484412737583057e-01  9.90949980815347771568e+02  4.16802302158267536925e+01  6.20104793333349789464e+02  4.23515449871802795678e+06  4.88742999944549892098e+06  2.00000000000000000000e+00  4.01941150793674439184e-03  1.78818000002383371339e+02  4.40000191993855704897e-01  5.00000000000000027756e-02  5.50800000023705678132e+01  4.09999328006752761233e-01
9.14861111111111142691e+01  1.44001119104808794624e+00  9.90909992006394190867e+02  4.34599616306922698072e+01  6.00022178888919370365e+02  4.00576474914535228163e+06  4.78821033296366594732e+06  2.00000000000000000000e+00  4.31614100529116237470e-03  1.79957999996352981498e+02  4.72665621316610384817e-01  5.00000000000000027756e-02  5.50626666667221158491e+01  2.30000191999707725987e-01
9.14930555555555571345e+01  1.23999360511599143742e+00  9.90660031974420007828e+02  4.26099040767398733465e+01  6.24071652063491569606e+02  3.77637499957267614082e+06  4.68899066648183297366e+06  2.00000000000000000000e+00  4.61287050264558122492e-03  1.81097999998176476311e+02  5.05332810658305264795e-01  5.00000000000000027756e-02  5.50453333333610572708e+01  2.80000255997973235278e-01
9.15000000000000000000e+01  1.21999999999999997335e+00  9.90470000000000027285e+02  4.08200000000000002842e+01  6.14677699999999958891e+02  3.54698525000000000000e+06  4.58977100000000000000e+06  2.59007855412227483427e+00  4.90960000000000007514e-03  1.82237999999999999545e+02  5.38000000000000033751e-01  5.00000000000000027756e-02  5.50279999999999986926e+01  3.90000000000000013323e-01
9.15069444444444428655e+01  1.42004476418805936078e+00  9.90440063948840133889e+02  4.01798401278997872055e+01  6.24675376190483461869e+02  3.69380241639316501096e+06  4.47292433355100359768e+06  3.76188527512587311818e+00  4.87301600529101500148e-03  1.82533333333805728671e+02  4.75999007984130251270e-01  5.00000000000000027756e-02  5.52746666670612256667e+01  3.79999104007093801982e-01
9.15138888888888857309e+01  1.52992645882684952241e+00  9.90499992006394222699e+02  4.39499456434807171945e+01  6.23715014603198710574e+02  3.84061958278633002192e+06  4.35607766710200719535e+06  2.00000000000000000000e+00  4.83643201058202992781e-03  1.82828666667611486218e+02  4.13998015968260468789e-01  5.00000000000000027756e-02  5.55213333341224597461e+01  3.09999888000170531477e-01
9.15208333333333285964e+01  1.87988489208662268304e+00  9.90630052757793578166e+02  4.57900287769783460590e+01  6.08900915714210213991e+02  3.98743674917949503288e+06  4.23923100065301172435e+06  3.05639210807247962975e+00  4.79984801587304485415e-03  1.83124000006555036180e+02  3.52001151963134251144e-01  5.00000000000000027756e-02  5.57680000013020560345e+01  2.90000335996623559431e-01
9.15277777777777714618e+01  2.23989128696837980215e+00  9.90550041566747381694e+02  4.47600607514000188303e+01  6.28997835873020790132e+02  4.21307666624617390335e+06  4.49056216619829740375e+06  2.00000000000000000000e+00  5.00302629629607430867e-03  1.84490000002184075356e+02  3.76000383987695030452e-01  5.00000000000000027756e-02  5.60393333337671677441e+01  3.00000383996959774091e-01
9.15347222222222285382e+01  1.69015987210532392382e+00  9.90620025579536900295e+02  4.41701534772211132918e+01  6.26160566666541285485e+02  4.43871658375382609665e+06  4.74189333380170259625e+06  2.40289189571912942256e+00  5.21210037037052060366e-03  1.85855999997815928282e+02  3.99999616012304937129e-01  5.00000000000000027756e-02  5.63106666662328336770e+01  4.39999936000506686185e-01
9.15416666666666714036e+01  2.07998561151082794751e+00  9.90509966426858568411e+02  4.39399904076738820891e+01  6.17884488095171150235e+02  4.66435650352902989835e+06  4.99322450138501543552e+06  2.00000000000000000000e+00  5.42117444444453928931e-03  1.87221999993444967458e+02  4.23998848036865716438e-01  5.00000000000000027756e-02  5.65819999986979453865e+01  4.89999280007235138434e-01
9.15486111111111142691e+01  2.41001119104808836369e+00  9.90419984012788404470e+02  4.25500367705865727430e+01  6.21086755079348677100e+02  5.29582400235268659890e+06  5.24105233425667695701e+06  6.62652883552185478777e+00  5.53464413888893422971e-03  1.86393333335984351606e+02  4.76664981306371804415e-01  5.00000000000000027756e-02  5.68593333324461056577e+01  4.50000031999951310979e-01
9.15555555555555571345e+01  2.56014708233219501210e+00  9.90390006394884039764e+02  4.16697633892916883269e+01  5.91285574285744928602e+02  5.92729150117634329945e+06  5.48888016712833847851e+06  3.44733992146540035861e+00  5.64329344444448616908e-03  1.85564666667992185012e+02  5.29332490653185883112e-01  5.00000000000000027756e-02  5.71366666662230500151e+01  4.00000447996453123434e-01
9.15625000000000000000e+01  2.72999999999999998224e+00  9.90470000000000027285e+02  4.09200000000000017053e+01  6.08849299999999971078e+02  6.55875900000000000000e+06  5.73670800000000000000e+06  7.99530651714041784572e+00  5.76121333333341409388e-03  1.84735999999999989996e+02  5.81999999999999961808e-01  5.00000000000000027756e-02  5.74140000000000014779e+01  5.60000000000000053291e-01
9.15694444444444428655e+01  2.86993605115991545773e+00  9.90339910471623966259e+02  4.07397889688277246023e+01  5.92136672698416873573e+02  6.38706866698650363833e+06  5.97544799955525808036e+06  6.17683365446427501411e+00  5.99862074074075830865e-03  1.84225999999184210765e+02  5.88666773335039694715e-01  5.26666674133319245854e-02  5.76093333336457860128e+01  4.40000511995946419486e-01
9.15763888888888857309e+01  3.23000319744231090269e+00  9.90270015987211536412e+02  3.76701454836251485858e+01  5.88564223333322047438e+02  6.21537833397300727665e+06  6.21418799911051522940e+06  3.44811625988021308586e+00  6.23602814814810252342e-03  1.83715999998368431534e+02  5.95333546670079538643e-01  5.73333348266638481716e-02  5.78046666672915705476e+01  5.20000287999561550123e-01
9.15833333333333285964e+01  2.94016306954395112427e+00  9.90120067146282849535e+02  3.82700479616305742070e+01  5.81100326666705086609e+02  6.04368800095951184630e+06  6.45292799866577330977e+06  4.07576014278896359144e+00  6.45918587301589925548e-03  1.83206000007553171827e+02  6.01999392019456847081e-01  6.19999993600015147921e-02  5.80000000006846150313e+01  5.70000623993729527150e-01
9.15902777777777714618e+01  2.96995523581050946405e+00  9.89929964828136803590e+02  3.85001183053579367765e+01  5.63908389206303013452e+02  5.54386083426478877664e+06  5.84943300112464558333e+06  2.00000000000000000000e+00  6.39972489417993655597e-03  1.84780000002516658242e+02  5.89333130673160954238e-01  6.06666664533347457788e-02  5.81426666668947760286e+01  6.39999968000253383060e-01
9.15972222222222285382e+01  3.32997442046314828801e+00  9.89970067146284236514e+02  3.88497729816104424572e+01  5.55940027301552731842e+02  5.04403366573521122336e+06  5.24593799887535441667e+06  2.00000000000000000000e+00  6.34026391534385155846e-03  1.86353999997483327888e+02  5.76666869326838971155e-01  5.93333335466652567192e-02  5.82853333331052212429e+01  5.00000159998733262334e-01
9.16041666666666714036e+01  3.48011510791337741466e+00  9.90169990407673822119e+02  3.72999040767388478912e+01  5.32832564761922299112e+02  4.54420649901652708650e+06  4.64244299794498272240e+06  4.68086051828423332921e+00  6.28213484126983762873e-03  1.87927999992446814304e+02  5.64000607980543078313e-01  5.80000006399984877059e-02  5.84279999993153822402e+01  6.09999952000482292824e-01
9.16111111111111142691e+01  3.84998721023075640701e+00  9.90029993605115350874e+02  3.70001183053655040567e+01  5.08217515714287003448e+02  4.36822858267768472433e+06  4.27472816529665514827e+06  2.00000000000000000000e+00  6.27816989417989169964e-03  1.91607333321562606443e+02  5.91332458652673920163e-01  6.93333297066735243508e-02  5.82926666670996169728e+01  5.40000015999975713221e-01
9.16180555555555571345e+01  3.59996163069594921069e+00  9.89840031974420071492e+02  3.80702238209402992197e+01  4.80762438095222535139e+02  4.19225066633884236217e+06  3.90701333264832757413e+06  3.34591104350940327095e+00  6.27420494708994577054e-03  1.95286666660781293103e+02  6.18666229326336969407e-01  8.06666648533367613982e-02  5.81573333335498077190e+01  5.39999680002533510859e-01
9.16250000000000000000e+01  3.75999999999999978684e+00  9.89830000000000040927e+02  3.92999999999999971578e+01  4.72096099999999978536e+02  4.01627275000000000000e+06  3.53929850000000000000e+06  3.88026022604715903341e+00  6.27023999999999984145e-03  1.98966000000000008185e+02  6.46000000000000018652e-01  9.19999999999999984457e-02  5.80219999999999984652e+01  3.09999999999999997780e-01
9.16319444444444428655e+01  3.62991686650788958346e+00  9.89700019184652092008e+02  4.05599680255799626138e+01  4.64064077142853136593e+02  3.86078375028965622187e+06  3.41081125023935548961e+06  3.96235312022361529927e+00  6.24778629629630169462e-03  1.95912666661782651545e+02  6.84667285343230624939e-01  5.99999948800096702395e-02  5.79353333331947055740e+01  4.00000511995946439470e-01
9.16388888888888857309e+01  3.23003996802888604378e+00  9.89729969624298064446e+02  3.94099712230191983053e+01  4.48398778412373076208e+02  3.70529475057931244373e+06  3.28232400047871097922e+06  3.00192321337056888808e+00  6.22533259259260441515e-03  1.92859333323565266483e+02  7.23334570686461231226e-01  5.00000000000000027756e-02  5.78486666663894055773e+01  5.09999824000267887314e-01
9.16458333333333285964e+01  3.68999040767388519768e+00  9.89519937649880262143e+02  3.96599376498802485003e+01  4.41060315238126634085e+02  3.54980575086896866560e+06  3.15383675071806600317e+06  6.37060429915133852319e+00  6.20287888888890626832e-03  1.89806000012908583585e+02  7.61995392147462924370e-01  5.00000000000000027756e-02  5.77619999996928825681e+01  4.49999616003858737834e-01
9.16527777777777714618e+01  3.26995843325261592582e+00  9.89170067146284168302e+02  4.00500415667473816939e+01  4.13698053968284852999e+02  3.10557166749452101067e+06  2.88815416716178087518e+06  2.25525495563047240211e+00  6.22673031746029045919e-03  1.92496000004301038189e+02  6.65998464049219807137e-01  5.00000000000000027756e-02  5.76979999998976680331e+01  4.60000159998733282318e-01
9.16597222222222285382e+01  3.35003517186317134602e+00  9.89130031974421058294e+02  4.02099040767368052229e+01  3.92993175555538073240e+02  2.66133758250547898933e+06  2.62247158283821959049e+06  3.58855494918073070210e+00  6.25172039682541508254e-03  1.95185999995698978182e+02  5.70001535950780180428e-01  5.00000000000000027756e-02  5.76340000001023327059e+01  4.89999648002786836187e-01
9.16666666666666714036e+01  3.32000479616305721464e+00  9.89219961630695593158e+02  4.08299232613910803025e+01  3.66579336190428534792e+02  2.21710349967132136226e+06  2.35678899942349176854e+06  3.31444737760665963933e+00  6.27671047619048766419e-03  1.97875999987091432786e+02  4.74004607852537063195e-01  5.00000000000000027756e-02  5.75700000003071181709e+01  3.79999856001447033904e-01
9.16736111111111142691e+01  3.25001918465386552271e+00  9.88979977617903841747e+02  4.17499984012788445398e+01  3.51631525396784866189e+02  2.15829137478088121861e+06  2.25363145794899482280e+06  2.00000000000000000000e+00  6.38665648148150320862e-03  1.96422000004651579275e+02  5.06665621316610303992e-01  5.00000000000000027756e-02  5.74606666670164401012e+01  4.39999760000365391921e-01
9.16805555555555571345e+01  3.30997442046396628257e+00  9.88919936051159879753e+02  4.15598465227838005376e+01  3.05161908571426124581e+02  2.09947924989044060931e+06  2.15047391647449741140e+06  2.90218298412499065009e+00  6.50088597883597026084e-03  1.94968000002325794640e+02  5.39332810658305183971e-01  5.00000000000000027756e-02  5.73513333335082151621e+01  2.30001023991892789011e-01
9.16875000000000000000e+01  3.33000000000000007105e+00  9.89009999999999990905e+02  4.08200000000000002842e+01  2.92857700000000022555e+02  2.04066712500000000000e+06  2.04731637500000000000e+06  2.97324409794450383870e+00  6.61511547619043731305e-03  1.93514000000000010004e+02  5.71999999999999952927e-01  5.00000000000000027756e-02  5.72419999999999973284e+01  4.19999999999999984457e-01
9.16944444444444428655e+01  3.15010231814413588225e+00  9.88849942446043996824e+02  4.18906906474729154866e+01  2.62493200634945594629e+02  1.93554941686248756014e+06  1.95405858350706077181e+06  6.05150189992117404358e+00  6.56631311111113488699e-03  1.93810666667141219932e+02  6.27334218680829946990e-01  5.00000000000000027756e-02  5.68026666659639190016e+01  3.50000191998479870392e-01
9.17013888888888857309e+01  3.15998880895191192053e+00  9.88830020783375061910e+02  4.48099872102307585919e+01  2.54156329523829441541e+02  1.83043170872497512028e+06  1.86080079201412154362e+06  2.00000000000000000000e+00  6.50486172222224795503e-03  1.94107333334282401438e+02  6.82668437361659941054e-01  5.00000000000000027756e-02  5.63633333319278406748e+01  4.90000111999829512932e-01
9.17083333333333285964e+01  3.19999520383694280312e+00  9.88829952038369469847e+02  4.67401007194242055220e+01  2.42098392857140851220e+02  1.72531400058746268041e+06  1.76754300052118208259e+06  3.37224129685693130298e+00  6.44413079365081450933e-03  1.94403999999532913989e+02  7.38000127995903754119e-01  5.00000000000000027756e-02  5.59240000003359085667e+01  6.09999664003376351751e-01
9.17152777777777714618e+01  3.10004156674738418076e+00  9.88530022382094671229e+02  4.72800159872105325576e+01  1.89611566031876975558e+02  1.49894481292185140774e+06  1.58465254200749308802e+06  4.22462081431193769987e+00  6.39768899470902815269e-03  1.94306666666511034691e+02  7.40666709331966099938e-01  5.00000000000000027756e-02  5.59940000001119244644e+01  4.89999584003293575662e-01
9.17222222222222285382e+01  3.03001918465263875291e+00  9.88519948840926304001e+02  4.74900479616315962517e+01  1.73630841269805586080e+02  1.27257562457814859226e+06  1.40176208299250691198e+06  5.02119029908177871846e+00  6.35124719576714638625e-03  1.94209333333488956441e+02  7.43333290668033885851e-01  5.00000000000000027756e-02  5.60639999998880753651e+01  5.59999872001013421219e-01
9.17291666666666714036e+01  3.05998561151082792975e+00  9.88400033573141399756e+02  4.84498800959235680352e+01  1.67826927619018363202e+02  1.04620643643392575905e+06  1.21887162410362064838e+06  3.52062820641393203758e+00  6.30536746031744137209e-03  1.94112000000467077143e+02  7.45999872004096231670e-01  5.00000000000000027756e-02  5.61339999996640912627e+01  6.10000239997588233898e-01
9.17361111111111142691e+01  2.84998721023075640701e+00  9.88470000000000027285e+02  4.91900223820961741694e+01  1.11411640793615092093e+02  8.55448301372617133893e+05  1.05847785356908035465e+06  4.58191599491068757288e+00  6.28234497354496126270e-03  1.94961999997280713615e+02  7.20667477346302209895e-01  5.00000000000000027756e-02  5.61659999998976289248e+01  4.40000127999805146217e-01
9.17430555555555571345e+01  2.56001278976801716070e+00  9.88380057553956021366e+02  5.03798401278997900476e+01  1.02769601904761287869e+02  6.64690166311308508739e+05  8.98084083034540177323e+05  4.48091180902933849950e+00  6.25932248677248028595e-03  1.95811999998640374088e+02  6.95333738673151069420e-01  5.00000000000000027756e-02  5.61979999999488128992e+01  4.50000575995439744403e-01
9.17500000000000000000e+01  2.37000000000000010658e+00  9.88500000000000000000e+02  5.09900000000000019895e+01  7.91425499999999999545e+01  4.73932031250000000000e+05  7.37690312500000000000e+05  4.46359685460377342281e+00  6.23630000000000017657e-03  1.96662000000000006139e+02  6.70000000000000039968e-01  5.00000000000000027756e-02  5.62299999999999968736e+01  5.89999999999999968914e-01
9.17569444444444428655e+01  2.11998721023198299918e+00  9.88550044764187987312e+02  5.24802621902443462432e+01  6.21968327936500813280e+01  4.36433093819855712354e+05  7.06329416725088027306e+05  2.08007008918141567122e+00  6.32075436507934310115e-03  1.98974000003698222372e+02  6.03998943983106384437e-01  5.00000000000000027756e-02  5.61666666665653551149e+01  4.79999999999999982236e-01
9.17638888888888857309e+01  1.92999840127884447760e+00  9.88550012789769198207e+02  5.36799999999999997158e+01  4.43825688889021776617e+01  3.98934156389711482916e+05  6.74968520950176054612e+05  4.12020719035108484718e+00  6.40520873015868515837e-03  2.01286000007396438605e+02  5.37997887966212839927e-01  5.00000000000000027756e-02  5.61033333331307204617e+01  4.79999920000121760300e-01
9.17708333333333285964e+01  1.67997601918471306526e+00  9.88420071942445815694e+02  5.48700191846522287165e+01  3.31630887619182601611e+01  3.61435218959567253478e+05  6.43607625175264081918e+05  3.03162874245546642982e+00  6.48966309523802721559e-03  2.03597999992334848685e+02  4.72000383987711380485e-01  5.00000000000000027756e-02  5.60399999981988798936e+01  4.10000095999035307770e-01
9.17777777777777714618e+01  1.40000959232631938534e+00  9.88499980815347385033e+02  5.58099744204631491584e+01  2.29597891428765414901e+01  3.15531536543877329677e+05  5.84727312609726679511e+05  3.13801924549261546105e+00  6.45418629629633706923e-03  2.02000666664112713988e+02  4.80000127995898306921e-01  5.00000000000000027756e-02  5.56646666660665516702e+01  4.69999999999999973355e-01
9.17847222222222285382e+01  1.16997442046314814590e+00  9.88319993605115882929e+02  5.64199680255789388639e+01  1.24219991428399492150e+01  2.69627854081122670323e+05  5.25846999890273320489e+05  3.39744017308991264059e+00  6.41576037037034242055e-03  2.00403333335887310795e+02  4.87999872004101664658e-01  5.00000000000000027756e-02  5.52893333339334489551e+01  4.90000095999239937417e-01
9.17916666666666714036e+01  6.60023980815286903656e-01  9.88150014388489125849e+02  5.70998369304560497994e+01  5.19424764761176138705e+00  2.23724171713840594748e+05  4.66966687473940546624e+05  2.77489132251225312231e+00  6.37733444444442670179e-03  1.98806000007665176099e+02  4.95999616012288591094e-01  5.00000000000000027756e-02  5.49140000018011207317e+01  4.40000095999035334415e-01
9.17986111111111142691e+01  6.00239808173316444218e-02  9.88249988808951911778e+02  5.73899888089519123469e+01  1.34685563650602380115e+00  1.94887093642560386797e+05  4.62303739565960364416e+05  3.30137634950754454977e+00  6.34810347222221089264e-03  2.01855333323578065574e+02  5.46665045307395680574e-01  5.00000000000000027756e-02  5.52226666656791991272e+01  4.69999600000608919181e-01
9.18055555555555571345e+01  1.79999999999999993339e-01  9.88060044764187978217e+02  5.77099104716238855417e+01  2.36368949206323009093e-01  1.66050015571280207951e+05  4.57640791657980182208e+05  3.02088603589432569407e+00  6.31933611111110040554e-03  2.04904666661789036652e+02  5.97332522653697850501e-01  5.00000000000000027756e-02  5.55313333328396012689e+01  4.30000575995439726640e-01
9.18125000000000000000e+01  5.60000000000000053291e-01  9.88009999999999990905e+02  5.67999999999999971578e+01  6.72090000000000048486e-02  1.37212937500000000000e+05  4.52977843750000000000e+05  2.10395626080153386184e+00  6.29034285714284626539e-03  2.07954000000000007731e+02  6.48000000000000020428e-01  5.00000000000000027756e-02  5.58400000000000034106e+01  4.79999999999999982236e-01
9.18194444444444428655e+01  3.69948840927932121048e-01  9.88039999999999963620e+02  5.64201854516362502068e+01  -9.06909028571339481672e-01  1.35114604170575592434e+05  4.28590583378763694782e+05  2.83742921433808081844e+00  6.25843809523809330164e-03  2.05968666663490978408e+02  6.07999359989761511969e-01  5.00000000000000027756e-02  5.57039999997824608613e+01  5.00000319997466524669e-01
9.18263888888888857309e+01  1.49988808951911911649e-01  9.87999974420461512636e+02  5.77699824140672930639e+01  -9.73075166666931168358e-01  1.33016270841151184868e+05  4.04203323007527389564e+05  2.23563825815064287639e+00  6.22653333333333947053e-03  2.03983333326981949085e+02  5.67998719979522892487e-01  5.00000000000000027756e-02  5.55679999995649183120e+01  3.90000159999756457196e-01
9.18333333333333285964e+01  2.19952038369426172704e-01  9.87900047961630548343e+02  5.78800959232611518246e+01  -6.21564728572531866035e-01  1.30917937511726777302e+05  3.79816062636291084345e+05  2.00000000000000000000e+00  6.19812619047617214402e-03  2.01998000003035969030e+02  5.28000831973374773476e-01  5.00000000000000027756e-02  5.54319999998144510300e+01  4.40000431995658913831e-01
9.18402777777777714618e+01  1.70006394884212985730e-01  9.87840000000000031832e+02  5.81700959232631973350e+01  -4.14010276188237991146e-01  1.44860197890684503363e+05  3.57256562542040832341e+05  4.29514742394739990061e+00  6.23908849206346229760e-03  2.02630666667678212889e+02  5.45333610657779743747e-01  5.00000000000000027756e-02  5.53933333332715136521e+01  4.80000159998733244571e-01
9.18472222222222285382e+01  9.98721023157408439863e-03  9.87909958433252540999e+02  5.83100319744210651152e+01  -4.63341203172975446556e-01  1.58802458359315496637e+05  3.34697062457959167659e+05  5.40119967499285369428e+00  6.28005079365083745263e-03  2.03263333332321764146e+02  5.62666389342220241154e-01  5.00000000000000027756e-02  5.53546666667284910091e+01  6.09999840001266724343e-01
9.18541666666666714036e+01  -1.60047961630573831737e-01  9.87780023980815258255e+02  5.87300431654675136883e+01  -5.07586190470032602717e-02  1.72744718646326044109e+05  3.12137562537156452890e+05  5.03851896148720612700e+00  6.31883126984122966974e-03  2.03895999996964008005e+02  5.79999168026625211425e-01  5.00000000000000027756e-02  5.53160000001855536311e+01  3.20000000000000006661e-01
9.18611111111111142691e+01  -1.00000000000000005551e-01  9.87849984012788468135e+02  5.89099856115095974474e+01  -9.12771285719982811147e-02  1.54193804618384019705e+05  3.18786156274770968594e+05  2.34067546247797597658e+00  6.26888417989415313442e-03  2.02902666669844478520e+02  5.78000064001023772242e-01  5.00000000000000027756e-02  5.53493333332266956859e+01  3.79999920000121782504e-01
9.18680555555555571345e+01  -1.19948840927932121048e-01  9.87799904076739835546e+02  5.92098401278997883423e+01  -2.79293377777872164902e-01  1.35642890590441995300e+05  3.25434750012385484297e+05  1.05804441112070293229e+01  6.21893708994707659909e-03  2.01909333334922223457e+02  5.76000032000511863473e-01  5.00000000000000027756e-02  5.53826666666133462513e+01  5.40000447996453081245e-01
9.18750000000000000000e+01  -1.40000000000000013323e-01  9.87570000000000050022e+02  5.92100000000000008527e+01  9.93150000000000005018e-02  1.17091976562500000000e+05  3.32083343750000000000e+05  3.17050038131102951411e+00  6.16899000000000006377e-03  2.00915999999999996817e+02  5.73999999999999954703e-01  5.00000000000000027756e-02  5.54159999999999968168e+01  4.40000000000000002220e-01
9.18819444444444428655e+01  -1.50044764188059398524e-01  9.87540038369304056687e+02  5.89400383693040481603e+01  1.93737622222127869875e-01  1.34363734342824929627e+05  3.57320958286318869796e+05  5.33964539559842243932e+00  6.47551777777769649314e-03  2.02628000002738474450e+02  7.66003072049144972944e-01  5.00000000000000027756e-02  5.51353333328843859817e+01  4.89998272013680902237e-01
9.18888888888888857309e+01  1.30006394884621789831e-01  9.87480014388490417332e+02  6.00799584332499563288e+01  -1.24144156190990972988e+00  1.51635492123149830149e+05  3.82558572822637739591e+05  8.04595656778749379612e+00  6.78204555555539292250e-03  2.04340000005476923661e+02  9.58006144098289991184e-01  5.00000000000000027756e-02  5.48546666657687680413e+01  4.69999968000048673478e-01
9.18958333333333285964e+01  -1.50014388489172145746e-01  9.87559942446043237396e+02  6.01802158273375837894e+01  -7.92217166663844341024e-01  1.68907249903474759776e+05  4.07796187358956609387e+05  5.52591095857993064300e+00  7.08857333333308935186e-03  2.06052000004110908549e+02  1.15000329589452299217e+00  5.00000000000000027756e-02  5.45739999997600619963e+01  6.00000767992282524332e-01
9.19027777777777714618e+01  -6.29980815347361167156e-01  9.87390015987210517778e+02  6.02400191846526382733e+01  -3.28590330157672083633e-01  1.50253343784762575524e+05  3.78343125054887379520e+05  8.40067491234879426543e+00  7.43782047619010421025e-03  2.06908666668036374858e+02  1.21866776529812748109e+00  5.00000000000000027756e-02  5.45239999999200506409e+01  5.30000319997466551314e-01
9.19097222222222285382e+01  -8.50015987210532397711e-01  9.87399996802557893716e+02  5.96599520383684023273e+01  -1.82784123806919385213e-01  1.31599437465237424476e+05  3.48890062445112620480e+05  6.73483887413424575641e+00  7.78811809523834684688e-03  2.07765333331963631736e+02  1.28733223470187252424e+00  5.00000000000000027756e-02  5.44740000000799469149e+01  6.29999456004306956913e-01
9.19166666666666714036e+01  -1.08000479616305744557e+00  9.87359947242206430928e+02  5.89098944844127316856e+01  3.45933761917591037216e-02  1.12945531235071946867e+05  3.19437000201408227440e+05  8.92516395412552476785e+00  8.13841571428587304271e-03  2.08621999995889098045e+02  1.35599670410547701316e+00  7.99999788800500599706e-02  5.44240000002399355594e+01  5.10000239997588256102e-01
9.19236111111111142691e+01  -1.15999999999999992006e+00  9.87210001598721191840e+02  5.75900367705865789958e+01  -2.77424180952543730783e-01  1.10274377594214631245e+05  3.55476010550938837696e+05  1.16806011448620807869e+01  8.24711814814816680796e-03  2.09181333331543953591e+02  1.39066555731558660902e+00  5.00000000000000027756e-02  5.45379999996352964331e+01  3.80000223999658992557e-01
9.19305555555555571345e+01  -1.20997442046396597171e+00  9.87220044764188060071e+02  5.64100639488400830146e+01  -3.78785209523505528306e-01  1.07603223953357315622e+05  3.91515020900469389744e+05  1.04665105153017830020e+01  8.34363931216930594659e-03  2.09740666665771982480e+02  1.42533277865779317573e+00  5.00000000000000027756e-02  5.46519999998176473355e+01  6.60000447996453187827e-01
9.19375000000000000000e+01  -1.23999999999999999112e+00  9.87129999999999995453e+02  5.63699999999999974420e+01  -1.61814999999999986624e-01  1.04932070312500000000e+05  4.27554031250000000000e+05  1.03043464362992782668e+01  8.44016047619044335049e-03  2.10300000000000011369e+02  1.45999999999999996447e+00  5.00000000000000027756e-02  5.47659999999999982379e+01  7.50000000000000000000e-01
9.19444444444444428655e+01  -1.30000639488400859811e+00  9.87110063948840092962e+02  5.55497378097556477883e+01  -1.81187717460275510284e-01  1.01207942715270910412e+05  4.32583093740631476976e+05  9.44890193201889516672e+00  8.37956577777780597938e-03  2.08495333330446641185e+02  1.45933332266649595788e+00  5.00000000000000027756e-02  5.49140000002367330012e+01  5.19999808001520125167e-01
9.19513888888888857309e+01  -1.27999840127884456642e+00  9.87179993605115328137e+02  5.43299504396441790277e+01  -5.90817952381359340341e-02  9.74838151180418208241e+04  4.37612156231263012160e+05  9.78037006578346357344e+00  8.30678105555558536632e-03  2.06690666660893271001e+02  1.45866664533299195128e+00  5.00000000000000027756e-02  5.50620000004734748700e+01  6.49999904000146178085e-01
9.19583333333333285964e+01  -1.25998561151082788534e+00  9.87120019184652278454e+02  5.32700335731414043039e+01  -2.24331904768319198573e-02  9.37596875208127312362e+04  4.42641218721894489136e+05  1.01419525815385256351e+01  8.23554777777779634107e-03  2.04886000004286842113e+02  1.45799612812390977368e+00  5.00000000000000027756e-02  5.52099999997024823983e+01  6.30000623993729580441e-01
9.19652777777777714618e+01  -1.31999680255789364480e+00  9.87070028776979029317e+02  5.38699520383684031799e+01  -1.23104536506837766718e-01  9.53988776011119480245e+04  4.14737260468667198438e+05  1.07352547510154998633e+01  8.19508481481484411801e-03  2.05779333334761673768e+02  1.37733204270802489511e+00  5.00000000000000027756e-02  5.51479999999008683176e+01  6.50000095999240024014e-01
9.19722222222222285382e+01  -1.42999680255789352046e+00  9.86970038369305257220e+02  5.43299264588315509172e+01  1.03657155555921795531e-01  9.70380677113880519755e+04  3.86833302031332801562e+05  7.58651240538184978845e+00  8.15462185185180862823e-03  2.06672666665238324413e+02  1.29666795729197503739e+00  5.00000000000000027756e-02  5.50860000000991334446e+01  5.20000223998226540623e-01
9.19791666666666714036e+01  -1.53999520383694266101e+00  9.86920014388489107660e+02  5.48899136690649669390e+01  3.02511304762263955048e-01  9.86772577836404088885e+04  3.58929343681167345494e+05  1.43396586424698266882e+01  8.12990043650842555967e-03  2.07565999995713156068e+02  1.21600387187609015882e+00  5.00000000000000027756e-02  5.50240000002975193638e+01  6.49999808001929357815e-01
9.19861111111111142691e+01  -1.52000639488462185867e+00  9.86989982414067299032e+02  5.56399856115096014264e+01  4.07517012698310976404e-01  9.35132630015936010750e+04  3.46612760370778210927e+05  8.42826435925853978404e+00  8.74533529100561708713e-03  2.06177333337775877453e+02  1.20133380267417488874e+00  5.00000000000000027756e-02  5.48873333337705489043e+01  6.09999744000389698684e-01
9.19930555555555571345e+01  -1.70996802557995764005e+00  9.86899929656275844536e+02  5.61099552358119382234e+01  9.07122317460474780759e-02  8.83492682195468078135e+04  3.34296177060389134567e+05  9.47895123165947062205e+00  9.36077014550280861460e-03  2.04788666668887941569e+02  1.18666690133708740973e+00  5.00000000000000027756e-02  5.47506666668852730595e+01  4.49999488004053593837e-01
9.20000000000000000000e+01  -1.86000000000000009770e+00  9.86679999999999949978e+02  5.69299999999999997158e+01  3.49743000000000026084e-01  8.31852734375000000000e+04  3.21979593750000000000e+05  2.14261145261851915222e+00  9.97620500000000014207e-03  2.03400000000000005684e+02  1.17199999999999993072e+00  5.00000000000000027756e-02  5.46139999999999972147e+01  5.30000000000000026645e-01
