      1.050000000000e+02      2.961479943458e+00      1.786989082221e-01      6.381219255689e-01      9.029749059857e-01      1.482005219359e+00      8.611748191286e-01      4.756039963740e-02      4.427215513536e-02      1.484197788577e-01      1.204657939418e-01      2.353037338612e-01      4.568614777753e-02      4.999319525535e-02      4.689508808826e-01
      1.050069444444e+02      2.974914488607e+00      1.786314524447e-01      6.364163446941e-01      9.030952696393e-01      1.486211290726e+00      8.650695295082e-01      4.702267061029e-02      4.415584334219e-02      1.492255353095e-01      1.204739947483e-01      2.255410796470e-01      4.606643507182e-02      5.020408691108e-02      4.483052676574e-01
      1.050138888889e+02      2.988349033757e+00      1.785639966672e-01      6.347107638194e-01      9.032156332930e-01      1.490417362092e+00      8.689642398878e-01      4.648494158319e-02      4.403953154903e-02      1.500312917613e-01      1.204821955547e-01      2.157784254327e-01      4.644672236611e-02      5.041497856680e-02      4.276596544321e-01
      1.050208333333e+02      3.001783578906e+00      1.784965408898e-01      6.330051829446e-01      9.033359969467e-01      1.494623433459e+00      8.728589502675e-01      4.594721255608e-02      4.392321975586e-02      1.508370482131e-01      1.204903963611e-01      2.060157712185e-01      4.682700966041e-02      5.062587022253e-02      4.070140412069e-01
      1.050277777778e+02      3.015218124056e+00      1.784290851123e-01      6.312996020698e-01      9.034563606004e-01      1.498829504825e+00      8.767536606471e-01      4.540948352897e-02      4.380690796270e-02      1.516428046650e-01      1.204985971676e-01      1.962531170043e-01      4.720729695470e-02      5.083676187825e-02      3.863684279817e-01
      1.050347222222e+02      3.028652669205e+00      1.783616293349e-01      6.295940211950e-01      9.035767242540e-01      1.503035576192e+00      8.806483710267e-01      4.487175450186e-02      4.369059616953e-02      1.524485611168e-01      1.205067979740e-01      1.864904627900e-01      4.758758424899e-02      5.104765353398e-02      3.657228147564e-01
      1.050416666667e+02      3.042087214355e+00      1.782941735574e-01      6.278884403203e-01      9.036970879077e-01      1.507241647558e+00      8.845430814063e-01      4.433402547475e-02      4.357428437637e-02      1.532543175686e-01      1.205149987805e-01      1.767278085758e-01      4.796787154328e-02      5.125854518970e-02      3.450772015312e-01
      1.050486111111e+02      3.055521759504e+00      1.782267177800e-01      6.261828594455e-01      9.038174515614e-01      1.511447718925e+00      8.884377917859e-01      4.379629644764e-02      4.345797258320e-02      1.540600740204e-01      1.205231995869e-01      1.669651543615e-01      4.834815883757e-02      5.146943684543e-02      3.244315883060e-01
      1.050555555556e+02      3.068956304654e+00      1.781592620026e-01      6.244772785707e-01      9.039378152151e-01      1.515653790292e+00      8.923325021655e-01      4.325856742053e-02      4.334166079004e-02      1.548658304722e-01      1.205314003934e-01      1.572025001473e-01      4.872844613187e-02      5.168032850115e-02      3.037859750808e-01
      1.050625000000e+02      3.082390849803e+00      1.780918062251e-01      6.227716976959e-01      9.040581788687e-01      1.519859861658e+00      8.962272125452e-01      4.272083839342e-02      4.322534899687e-02      1.556715869241e-01      1.205396011998e-01      1.474398459331e-01      4.910873342616e-02      5.189122015688e-02      2.831403618555e-01
      1.050694444444e+02      3.095825394953e+00      1.780243504477e-01      6.210661168211e-01      9.041785425224e-01      1.524065933025e+00      9.001219229248e-01      4.218310936632e-02      4.310903720371e-02      1.564773433759e-01      1.205478020063e-01      1.376771917188e-01      4.948902072045e-02      5.210211181260e-02      2.624947486303e-01
      1.050763888889e+02      3.109259940102e+00      1.779568946702e-01      6.193605359464e-01      9.042989061761e-01      1.528272004391e+00      9.040166333044e-01      4.164538033921e-02      4.299272541054e-02      1.572830998277e-01      1.205560028127e-01      1.279145375046e-01      4.986930801474e-02      5.231300346833e-02      2.418491354051e-01
      1.050833333333e+02      3.122694485252e+00      1.778894388928e-01      6.176549550716e-01      9.044192698298e-01      1.532478075758e+00      9.079113436840e-01      4.110765131210e-02      4.287641361737e-02      1.580888562795e-01      1.205642036192e-01      1.181518832903e-01      5.024959530903e-02      5.252389512405e-02      2.212035221799e-01
      1.050902777778e+02      3.136129030401e+00      1.778219831153e-01      6.159493741968e-01      9.045396334834e-01      1.536684147124e+00      9.118060540636e-01      4.056992228499e-02      4.276010182421e-02      1.588946127313e-01      1.205724044256e-01      1.083892290761e-01      5.062988260332e-02      5.273478677978e-02      2.005579089547e-01
      1.050972222222e+02      3.149563575551e+00      1.777545273379e-01      6.142437933220e-01      9.046599971371e-01      1.540890218491e+00      9.157007644433e-01      4.003219325788e-02      4.264379003104e-02      1.597003691832e-01      1.205806052320e-01      9.862657486183e-02      5.101016989762e-02      5.294567843550e-02      1.799122957294e-01
      1.051041666667e+02      3.162998120700e+00      1.776870715604e-01      6.125382124473e-01      9.047803607908e-01      1.545096289857e+00      9.195954748229e-01      3.949446423077e-02      4.252747823788e-02      1.605061256350e-01      1.205888060385e-01      8.886392064759e-02      5.139045719191e-02      5.315657009123e-02      1.592666825042e-01
      1.051111111111e+02      3.176432665850e+00      1.776196157830e-01      6.108326315725e-01      9.049007244445e-01      1.549302361224e+00      9.234901852025e-01      3.895673520366e-02      4.241116644471e-02      1.613118820868e-01      1.205970068449e-01      7.910126643335e-02      5.177074448620e-02      5.336746174695e-02      1.386210692790e-01
      1.051180555556e+02      3.189867210999e+00      1.775521600055e-01      6.091270506977e-01      9.050210880982e-01      1.553508432590e+00      9.273848955821e-01      3.841900617655e-02      4.229485465155e-02      1.621176385386e-01      1.206052076514e-01      6.933861221911e-02      5.215103178049e-02      5.357835340268e-02      1.179754560537e-01
      1.051250000000e+02      3.224125496058e+00      1.774803132668e-01      6.133496976309e-01      9.032478631083e-01      1.566673401775e+00      9.327700198715e-01      3.992845286699e-02      4.289210722097e-02      1.625919348392e-01      1.207835962638e-01      8.052544114202e-02      5.288854261319e-02      5.452938774121e-02      1.397100495439e-01
      1.051319444444e+02      3.272695710346e+00      1.774054486683e-01      6.216467508527e-01      9.001731953050e-01      1.585995723677e+00      9.391794893791e-01      4.284490109106e-02      4.397978479101e-02      1.628384221945e-01      1.210789530983e-01      1.061106212424e-01      5.387156928612e-02      5.598911406983e-02      1.905720966932e-01
      1.051388888889e+02      3.321265924635e+00      1.773305840698e-01      6.299438040745e-01      8.970985275017e-01      1.605318045579e+00      9.455889588866e-01      4.576134931514e-02      4.506746236105e-02      1.630849095498e-01      1.213743099329e-01      1.316958013428e-01      5.485459595905e-02      5.744884039845e-02      2.414341438426e-01
      1.051458333333e+02      3.369836138923e+00      1.772557194714e-01      6.382408572964e-01      8.940238596984e-01      1.624640367482e+00      9.519984283942e-01      4.867779753922e-02      4.615513993108e-02      1.633313969051e-01      1.216696667674e-01      1.572809814431e-01      5.583762263199e-02      5.890856672708e-02      2.922961909920e-01
      1.051527777778e+02      3.418406353211e+00      1.771808548729e-01      6.465379105182e-01      8.909491918951e-01      1.643962689384e+00      9.584078979017e-01      5.159424576330e-02      4.724281750112e-02      1.635778842604e-01      1.219650236019e-01      1.828661615435e-01      5.682064930492e-02      6.036829305570e-02      3.431582381413e-01
      1.051597222222e+02      3.466976567500e+00      1.771059902744e-01      6.548349637401e-01      8.878745240918e-01      1.663285011287e+00      9.648173674092e-01      5.451069398739e-02      4.833049507116e-02      1.638243716157e-01      1.222603804365e-01      2.084513416439e-01      5.780367597785e-02      6.182801938433e-02      3.940202852908e-01
      1.051666666667e+02      3.515546781788e+00      1.770311256759e-01      6.631320169619e-01      8.847998562886e-01      1.682607333189e+00      9.712268369168e-01      5.742714221147e-02      4.941817264119e-02      1.640708589710e-01      1.225557372710e-01      2.340365217443e-01      5.878670265078e-02      6.328774571295e-02      4.448823324402e-01
      1.051736111111e+02      3.564116996077e+00      1.769562610774e-01      6.714290701837e-01      8.817251884853e-01      1.701929655091e+00      9.776363064243e-01      6.034359043555e-02      5.050585021123e-02      1.643173463263e-01      1.228510941056e-01      2.596217018446e-01      5.976972932371e-02      6.474747204158e-02      4.957443795895e-01
      1.051805555556e+02      3.612687210365e+00      1.768813964789e-01      6.797261234056e-01      8.786505206820e-01      1.721251976994e+00      9.840457759319e-01      6.326003865963e-02      5.159352778126e-02      1.645638336816e-01      1.231464509401e-01      2.852068819450e-01      6.075275599665e-02      6.620719837020e-02      5.466064267389e-01
      1.051875000000e+02      3.661257424653e+00      1.768065318804e-01      6.880231766274e-01      8.755758528787e-01      1.740574298896e+00      9.904552454394e-01      6.617648688371e-02      5.268120535130e-02      1.648103210369e-01      1.234418077746e-01      3.107920620454e-01      6.173578266958e-02      6.766692469882e-02      5.974684738882e-01
      1.051944444444e+02      3.709827638941e+00      1.767316672819e-01      6.963202298492e-01      8.725011850754e-01      1.759896620799e+00      9.968647149469e-01      6.909293510779e-02      5.376888292134e-02      1.650568083922e-01      1.237371646092e-01      3.363772421457e-01      6.271880934251e-02      6.912665102745e-02      6.483305210376e-01
      1.052013888889e+02      3.758397853230e+00      1.766568026834e-01      7.046172830711e-01      8.694265172721e-01      1.779218942701e+00      1.003274184454e+00      7.200938333187e-02      5.485656049137e-02      1.653032957475e-01      1.240325214437e-01      3.619624222461e-01      6.370183601544e-02      7.058637735607e-02      6.991925681870e-01
      1.052083333333e+02      3.806968067518e+00      1.765819380849e-01      7.129143362929e-01      8.663518494688e-01      1.798541264603e+00      1.009683653962e+00      7.492583155595e-02      5.594423806141e-02      1.655497831028e-01      1.243278782782e-01      3.875476023465e-01      6.468486268837e-02      7.204610368470e-02      7.500546153363e-01
      1.052152777778e+02      3.855538281806e+00      1.765070734864e-01      7.212113895147e-01      8.632771816655e-01      1.817863586506e+00      1.016093123470e+00      7.784227978003e-02      5.703191563144e-02      1.657962704581e-01      1.246232351128e-01      4.131327824469e-01      6.566788936131e-02      7.350583001332e-02      8.009166624857e-01
      1.052222222222e+02      3.904108496095e+00      1.764322088880e-01      7.295084427366e-01      8.602025138622e-01      1.837185908408e+00      1.022502592977e+00      8.075872800411e-02      5.811959320148e-02      1.660427578134e-01      1.249185919473e-01      4.387179625473e-01      6.665091603424e-02      7.496555634195e-02      8.517787096352e-01
      1.052291666667e+02      3.952678710383e+00      1.763573442895e-01      7.378054959584e-01      8.571278460589e-01      1.856508230311e+00      1.028912062485e+00      8.367517622819e-02      5.920727077152e-02      1.662892451686e-01      1.252139487818e-01      4.643031426476e-01      6.763394270717e-02      7.642528267057e-02      9.026407567845e-01
      1.052361111111e+02      4.001248924672e+00      1.762824796910e-01      7.461025491802e-01      8.540531782556e-01      1.875830552213e+00      1.035321531992e+00      8.659162445227e-02      6.029494834155e-02      1.665357325239e-01      1.255093056164e-01      4.898883227480e-01      6.861696938010e-02      7.788500899919e-02      9.535028039339e-01
      1.052430555556e+02      4.049819138960e+00      1.762076150925e-01      7.543996024021e-01      8.509785104523e-01      1.895152874115e+00      1.041731001500e+00      8.950807267635e-02      6.138262591159e-02      1.667822198792e-01      1.258046624509e-01      5.154735028484e-01      6.959999605303e-02      7.934473532782e-02      1.004364851083e+00
      1.052500000000e+02      4.035714659535e+00      1.763938162157e-01      7.552737501043e-01      8.487012154978e-01      1.898511343016e+00      1.040051049703e+00      9.036054347495e-02      6.116412788011e-02      1.666473818542e-01      1.260868331375e-01      5.143003153390e-01      6.970110030342e-02      7.919134853685e-02      1.001101473867e+00
      1.052569444444e+02      3.978236322702e+00      1.767606871868e-01      7.510108955097e-01      8.469757403321e-01      1.890822069314e+00      1.032772835110e+00      8.978464410939e-02      6.004169444926e-02      1.662486485997e-01      1.263598783850e-01      4.946090697037e-01      6.919187245428e-02      7.792161104214e-02      9.603807386717e-01
      1.052638888889e+02      3.920757985869e+00      1.771275581580e-01      7.467480409150e-01      8.452502651663e-01      1.883132795612e+00      1.025494620516e+00      8.920874474383e-02      5.891926101842e-02      1.658499153453e-01      1.266329236324e-01      4.749178240684e-01      6.868264460514e-02      7.665187354743e-02      9.196600034764e-01
      1.052708333333e+02      3.863279649036e+00      1.774944291292e-01      7.424851863203e-01      8.435247900006e-01      1.875443521910e+00      1.018216405922e+00      8.863284537827e-02      5.779682758758e-02      1.654511820909e-01      1.269059688799e-01      4.552265784332e-01      6.817341675600e-02      7.538213605271e-02      8.789392682812e-01
      1.052777777778e+02      3.805801312203e+00      1.778613001004e-01      7.382223317256e-01      8.417993148348e-01      1.867754248208e+00      1.010938191329e+00      8.805694601271e-02      5.667439415673e-02      1.650524488365e-01      1.271790141274e-01      4.355353327979e-01      6.766418890685e-02      7.411239855800e-02      8.382185330859e-01
      1.052847222222e+02      3.748322975370e+00      1.782281710715e-01      7.339594771309e-01      8.400738396691e-01      1.860064974506e+00      1.003659976735e+00      8.748104664715e-02      5.555196072588e-02      1.646537155820e-01      1.274520593748e-01      4.158440871626e-01      6.715496105771e-02      7.284266106329e-02      7.974977978906e-01
      1.052916666667e+02      3.690844638537e+00      1.785950420427e-01      7.296966225362e-01      8.383483645033e-01      1.852375700804e+00      9.963817621414e-01      8.690514728159e-02      5.442952729504e-02      1.642549823276e-01      1.277251046223e-01      3.961528415273e-01      6.664573320857e-02      7.157292356857e-02      7.567770626953e-01
      1.052986111111e+02      3.633366301703e+00      1.789619130139e-01      7.254337679415e-01      8.366228893376e-01      1.844686427102e+00      9.891035475477e-01      8.632924791603e-02      5.330709386420e-02      1.638562490732e-01      1.279981498698e-01      3.764615958920e-01      6.613650535943e-02      7.030318607386e-02      7.160563275000e-01
      1.053055555556e+02      3.575887964870e+00      1.793287839851e-01      7.211709133468e-01      8.348974141719e-01      1.836997153400e+00      9.818253329541e-01      8.575334855047e-02      5.218466043335e-02      1.634575158187e-01      1.282711951172e-01      3.567703502567e-01      6.562727751028e-02      6.903344857915e-02      6.753355923048e-01
      1.053125000000e+02      3.518409628037e+00      1.796956549562e-01      7.169080587521e-01      8.331719390061e-01      1.829307879698e+00      9.745471183604e-01      8.517744918491e-02      5.106222700251e-02      1.630587825643e-01      1.285442403647e-01      3.370791046214e-01      6.511804966114e-02      6.776371108444e-02      6.346148571095e-01
      1.053194444444e+02      3.460931291204e+00      1.800625259274e-01      7.126452041574e-01      8.314464638404e-01      1.821618605996e+00      9.672689037667e-01      8.460154981935e-02      4.993979357166e-02      1.626600493099e-01      1.288172856122e-01      3.173878589862e-01      6.460882181200e-02      6.649397358972e-02      5.938941219142e-01
      1.053263888889e+02      3.403452954371e+00      1.804293968986e-01      7.083823495627e-01      8.297209886746e-01      1.813929332294e+00      9.599906891731e-01      8.402565045378e-02      4.881736014082e-02      1.622613160555e-01      1.290903308597e-01      2.976966133509e-01      6.409959396286e-02      6.522423609501e-02      5.531733867190e-01
      1.053333333333e+02      3.345974617538e+00      1.807962678698e-01      7.041194949680e-01      8.279955135089e-01      1.806240058592e+00      9.527124745794e-01      8.344975108822e-02      4.769492670998e-02      1.618625828010e-01      1.293633761071e-01      2.780053677156e-01      6.359036611372e-02      6.395449860030e-02      5.124526515237e-01
      1.053402777778e+02      3.288496280705e+00      1.811631388409e-01      6.998566403733e-01      8.262700383431e-01      1.798550784890e+00      9.454342599857e-01      8.287385172266e-02      4.657249327913e-02      1.614638495466e-01      1.296364213546e-01      2.583141220803e-01      6.308113826458e-02      6.268476110559e-02      4.717319163285e-01
      1.053472222222e+02      3.231017943871e+00      1.815300098121e-01      6.955937857786e-01      8.245445631774e-01      1.790861511188e+00      9.381560453920e-01      8.229795235710e-02      4.545005984829e-02      1.610651162922e-01      1.299094666021e-01      2.386228764450e-01      6.257191041543e-02      6.141502361087e-02      4.310111811331e-01
      1.053541666667e+02      3.173539607038e+00      1.818968807833e-01      6.913309311839e-01      8.228190880116e-01      1.783172237486e+00      9.308778307984e-01      8.172205299154e-02      4.432762641744e-02      1.606663830377e-01      1.301825118495e-01      2.189316308097e-01      6.206268256629e-02      6.014528611616e-02      3.902904459379e-01
      1.053611111111e+02      3.116061270205e+00      1.822637517545e-01      6.870680765892e-01      8.210936128459e-01      1.775482963784e+00      9.235996162047e-01      8.114615362598e-02      4.320519298660e-02      1.602676497833e-01      1.304555570970e-01      1.992403851744e-01      6.155345471715e-02      5.887554862145e-02      3.495697107426e-01
      1.053680555556e+02      3.058582933372e+00      1.826306227256e-01      6.828052219945e-01      8.193681376802e-01      1.767793690082e+00      9.163214016110e-01      8.057025426042e-02      4.208275955575e-02      1.598689165289e-01      1.307286023445e-01      1.795491395392e-01      6.104422686801e-02      5.760581112673e-02      3.088489755473e-01
      1.053750000000e+02      3.027053813817e+00      1.873454027141e-01      6.776657563812e-01      8.222236197712e-01      1.758798776143e+00      9.189073301496e-01      7.910768766588e-02      4.099234550748e-02      1.597908738889e-01      1.306111384810e-01      1.693744165913e-01      6.053350715635e-02      5.653883252546e-02      2.882110995451e-01
      1.053819444444e+02      3.013857417732e+00      1.951319136467e-01      6.719069785465e-01      8.283154778082e-01      1.748881447430e+00      9.284621243140e-01      7.701870429183e-02      3.992455266123e-02      1.599393942428e-01      1.302177859282e-01      1.659229707640e-01      6.002173346674e-02      5.561509996836e-02      2.817614551229e-01
      1.053888888889e+02      3.000661021647e+00      2.029184245792e-01      6.661482007119e-01      8.344073358452e-01      1.738964118717e+00      9.380169184784e-01      7.492972091778e-02      3.885675981497e-02      1.600879145968e-01      1.298244333754e-01      1.624715249367e-01      5.950995977712e-02      5.469136741126e-02      2.753118107007e-01
      1.053958333333e+02      2.987464625562e+00      2.107049355117e-01      6.603894228772e-01      8.404991938822e-01      1.729046790005e+00      9.475717126429e-01      7.284073754373e-02      3.778896696872e-02      1.602364349507e-01      1.294310808226e-01      1.590200791093e-01      5.899818608751e-02      5.376763485416e-02      2.688621662786e-01
      1.054027777778e+02      2.974268229477e+00      2.184914464442e-01      6.546306450425e-01      8.465910519192e-01      1.719129461292e+00      9.571265068073e-01      7.075175416968e-02      3.672117412247e-02      1.603849553046e-01      1.290377282698e-01      1.555686332820e-01      5.848641239790e-02      5.284390229705e-02      2.624125218564e-01
      1.054097222222e+02      2.961071833391e+00      2.262779573768e-01      6.488718672078e-01      8.526829099562e-01      1.709212132579e+00      9.666813009717e-01      6.866277079563e-02      3.565338127621e-02      1.605334756585e-01      1.286443757170e-01      1.521171874547e-01      5.797463870829e-02      5.192016973995e-02      2.559628774342e-01
      1.054166666667e+02      2.947875437306e+00      2.340644683093e-01      6.431130893732e-01      8.587747679932e-01      1.699294803866e+00      9.762360951362e-01      6.657378742158e-02      3.458558842996e-02      1.606819960124e-01      1.282510231643e-01      1.486657416273e-01      5.746286501867e-02      5.099643718285e-02      2.495132330121e-01
      1.054236111111e+02      2.934679041221e+00      2.418509792418e-01      6.373543115385e-01      8.648666260302e-01      1.689377475153e+00      9.857908893006e-01      6.448480404753e-02      3.351779558370e-02      1.608305163663e-01      1.278576706115e-01      1.452142958000e-01      5.695109132906e-02      5.007270462575e-02      2.430635885899e-01
      1.054305555556e+02      2.921482645136e+00      2.496374901743e-01      6.315955337038e-01      8.709584840672e-01      1.679460146440e+00      9.953456834650e-01      6.239582067348e-02      3.245000273745e-02      1.609790367202e-01      1.274643180587e-01      1.417628499727e-01      5.643931763945e-02      4.914897206865e-02      2.366139441677e-01
      1.054375000000e+02      2.908286249051e+00      2.574240011068e-01      6.258367558691e-01      8.770503421042e-01      1.669542817727e+00      1.004900477629e+00      6.030683729943e-02      3.138220989120e-02      1.611275570742e-01      1.270709655059e-01      1.383114041453e-01      5.592754394984e-02      4.822523951154e-02      2.301642997456e-01
      1.054444444444e+02      2.895089852966e+00      2.652105120393e-01      6.200779780345e-01      8.831422001412e-01      1.659625489014e+00      1.014455271794e+00      5.821785392538e-02      3.031441704494e-02      1.612760774281e-01      1.266776129531e-01      1.348599583180e-01      5.541577026022e-02      4.730150695444e-02      2.237146553234e-01
      1.054513888889e+02      2.881893456881e+00      2.729970229719e-01      6.143192001998e-01      8.892340581781e-01      1.649708160301e+00      1.024010065958e+00      5.612887055133e-02      2.924662419869e-02      1.614245977820e-01      1.262842604003e-01      1.314085124907e-01      5.490399657061e-02      4.637777439734e-02      2.172650109012e-01
      1.054583333333e+02      2.868697060795e+00      2.807835339044e-01      6.085604223651e-01      8.953259162151e-01      1.639790831588e+00      1.033564860123e+00      5.403988717728e-02      2.817883135244e-02      1.615731181359e-01      1.258909078475e-01      1.279570666633e-01      5.439222288100e-02      4.545404184024e-02      2.108153664790e-01
      1.054652777778e+02      2.855500664710e+00      2.885700448369e-01      6.028016445305e-01      9.014177742521e-01      1.629873502875e+00      1.043119654287e+00      5.195090380323e-02      2.711103850618e-02      1.617216384898e-01      1.254975552947e-01      1.245056208360e-01      5.388044919139e-02      4.453030928314e-02      2.043657220569e-01
      1.054722222222e+02      2.842304268625e+00      2.963565557694e-01      5.970428666958e-01      9.075096322891e-01      1.619956174162e+00      1.052674448452e+00      4.986192042918e-02      2.604324565993e-02      1.618701588437e-01      1.251042027419e-01      1.210541750087e-01      5.336867550177e-02      4.360657672604e-02      1.979160776347e-01
      1.054791666667e+02      2.829107872540e+00      3.041430667020e-01      5.912840888611e-01      9.136014903261e-01      1.610038845449e+00      1.062229242616e+00      4.777293705513e-02      2.497545281367e-02      1.620186791976e-01      1.247108501891e-01      1.176027291813e-01      5.285690181216e-02      4.268284416893e-02      1.914664332125e-01
      1.054861111111e+02      2.815911476455e+00      3.119295776345e-01      5.855253110264e-01      9.196933483631e-01      1.600121516736e+00      1.071784036780e+00      4.568395368108e-02      2.390765996742e-02      1.621671995516e-01      1.243174976364e-01      1.141512833540e-01      5.234512812255e-02      4.175911161183e-02      1.850167887904e-01
      1.054930555556e+02      2.802715080370e+00      3.197160885670e-01      5.797665331918e-01      9.257852064001e-01      1.590204188023e+00      1.081338830945e+00      4.359497030703e-02      2.283986712117e-02      1.623157199055e-01      1.239241450836e-01      1.106998375267e-01      5.183335443294e-02      4.083537905473e-02      1.785671443682e-01
      1.055000000000e+02      2.805961644666e+00      3.224492243770e-01      5.778723919646e-01      9.335343655558e-01      1.591536796338e+00      1.087444363251e+00      4.270417273204e-02      2.250107541140e-02      1.628574837395e-01      1.240107556266e-01      1.074987060166e-01      5.191814666575e-02      4.009454920388e-02      1.727142482808e-01
      1.055069444444e+02      2.820666199453e+00      3.216610037668e-01      5.786712554323e-01      9.424383861245e-01      1.600708727288e+00      1.091146337519e+00      4.264831005775e-02      2.267027544378e-02      1.636732724419e-01      1.244318200917e-01      1.044720016779e-01      5.241864546894e-02      3.948117191756e-02      1.672771858748e-01
      1.055138888889e+02      2.835370754241e+00      3.208727831566e-01      5.794701189000e-01      9.513424066932e-01      1.609880658237e+00      1.094848311788e+00      4.259244738346e-02      2.283947547617e-02      1.644890611444e-01      1.248528845567e-01      1.014452973391e-01      5.291914427213e-02      3.886779463125e-02      1.618401234687e-01
      1.055208333333e+02      2.850075309029e+00      3.200845625465e-01      5.802689823677e-01      9.602464272619e-01      1.619052589187e+00      1.098550286056e+00      4.253658470917e-02      2.300867550856e-02      1.653048498469e-01      1.252739490218e-01      9.841859300034e-02      5.341964307532e-02      3.825441734493e-02      1.564030610626e-01
      1.055277777778e+02      2.864779863817e+00      3.192963419363e-01      5.810678458354e-01      9.691504478306e-01      1.628224520137e+00      1.102252260325e+00      4.248072203488e-02      2.317787554095e-02      1.661206385494e-01      1.256950134868e-01      9.539188866159e-02      5.392014187851e-02      3.764104005862e-02      1.509659986565e-01
      1.055347222222e+02      2.879484418605e+00      3.185081213261e-01      5.818667093031e-01      9.780544683993e-01      1.637396451087e+00      1.105954234593e+00      4.242485936059e-02      2.334707557334e-02      1.669364272518e-01      1.261160779519e-01      9.236518432283e-02      5.442064068170e-02      3.702766277230e-02      1.455289362504e-01
      1.055416666667e+02      2.894188973392e+00      3.177199007159e-01      5.826655727708e-01      9.869584889680e-01      1.646568382036e+00      1.109656208862e+00      4.236899668630e-02      2.351627560572e-02      1.677522159543e-01      1.265371424169e-01      8.933847998407e-02      5.492113948489e-02      3.641428548598e-02      1.400918738444e-01
      1.055486111111e+02      2.908893528180e+00      3.169316801057e-01      5.834644362385e-01      9.958625095367e-01      1.655740312986e+00      1.113358183130e+00      4.231313401201e-02      2.368547563811e-02      1.685680046568e-01      1.269582068820e-01      8.631177564532e-02      5.542163828808e-02      3.580090819967e-02      1.346548114383e-01
      1.055555555556e+02      2.923598082968e+00      3.161434594955e-01      5.842632997062e-01      1.004766530105e+00      1.664912243936e+00      1.117060157399e+00      4.225727133772e-02      2.385467567050e-02      1.693837933593e-01      1.273792713470e-01      8.328507130656e-02      5.592213709127e-02      3.518753091335e-02      1.292177490322e-01
      1.055625000000e+02      2.938302637756e+00      3.153552388853e-01      5.850621631739e-01      1.013670550674e+00      1.674084174886e+00      1.120762131667e+00      4.220140866343e-02      2.402387570289e-02      1.701995820617e-01      1.278003358121e-01      8.025836696781e-02      5.642263589446e-02      3.457415362704e-02      1.237806866261e-01
      1.055694444444e+02      2.953007192544e+00      3.145670182752e-01      5.858610266415e-01      1.022574571243e+00      1.683256105835e+00      1.124464105936e+00      4.214554598914e-02      2.419307573528e-02      1.710153707642e-01      1.282214002771e-01      7.723166262906e-02      5.692313469765e-02      3.396077634072e-02      1.183436242200e-01
      1.055763888889e+02      2.967711747331e+00      3.137787976650e-01      5.866598901092e-01      1.031478591811e+00      1.692428036785e+00      1.128166080204e+00      4.208968331485e-02      2.436227576766e-02      1.718311594667e-01      1.286424647422e-01      7.420495829030e-02      5.742363350084e-02      3.334739905440e-02      1.129065618140e-01
      1.055833333333e+02      2.982416302119e+00      3.129905770548e-01      5.874587535769e-01      1.040382612380e+00      1.701599967735e+00      1.131868054473e+00      4.203382064056e-02      2.453147580005e-02      1.726469481691e-01      1.290635292072e-01      7.117825395155e-02      5.792413230403e-02      3.273402176809e-02      1.074694994079e-01
      1.055902777778e+02      2.997120856907e+00      3.122023564446e-01      5.882576170446e-01      1.049286632949e+00      1.710771898685e+00      1.135570028741e+00      4.197795796627e-02      2.470067583244e-02      1.734627368716e-01      1.294845936723e-01      6.815154961279e-02      5.842463110722e-02      3.212064448177e-02      1.020324370018e-01
      1.055972222222e+02      3.011825411695e+00      3.114141358344e-01      5.890564805123e-01      1.058190653518e+00      1.719943829634e+00      1.139272003010e+00      4.192209529198e-02      2.486987586483e-02      1.742785255741e-01      1.299056581373e-01      6.512484527403e-02      5.892512991041e-02      3.150726719546e-02      9.659537459571e-02
      1.056041666667e+02      3.026529966483e+00      3.106259152242e-01      5.898553439800e-01      1.067094674086e+00      1.729115760584e+00      1.142973977278e+00      4.186623261769e-02      2.503907589722e-02      1.750943142766e-01      1.303267226024e-01      6.209814093528e-02      5.942562871360e-02      3.089388990914e-02      9.115831218963e-02
      1.056111111111e+02      3.041234521271e+00      3.098376946141e-01      5.906542074477e-01      1.075998694655e+00      1.738287691534e+00      1.146675951547e+00      4.181036994340e-02      2.520827592961e-02      1.759101029790e-01      1.307477870674e-01      5.907143659652e-02      5.992612751679e-02      3.028051262282e-02      8.572124978355e-02
      1.056180555556e+02      3.055939076058e+00      3.090494740039e-01      5.914530709154e-01      1.084902715224e+00      1.747459622484e+00      1.150377925816e+00      4.175450726911e-02      2.537747596199e-02      1.767258916815e-01      1.311688515325e-01      5.604473225777e-02      6.042662631998e-02      2.966713533651e-02      8.028418737747e-02
      1.056250000000e+02      3.076968166725e+00      3.102790756409e-01      5.936696032109e-01      1.110644155663e+00      1.753222630686e+00      1.175564856769e+00      4.279661462993e-02      2.629205766236e-02      1.777807860344e-01      1.313840444459e-01      5.575248676846e-02      6.192651727777e-02      3.027231732316e-02      7.951620095986e-02
      1.056319444444e+02      3.102527188125e+00      3.129539366907e-01      5.969015367491e-01      1.148445349923e+00      1.756544007722e+00      1.216140326493e+00      4.462513988773e-02      2.774051685032e-02      1.790069391254e-01      1.314517824494e-01      5.741878960839e-02      6.414222000762e-02      3.175028890349e-02      8.209242686352e-02
      1.056388888889e+02      3.128086209525e+00      3.156287977404e-01      6.001334702874e-01      1.186246544182e+00      1.759865384757e+00      1.256715796217e+00      4.645366514554e-02      2.918897603829e-02      1.802330922164e-01      1.315195204529e-01      5.908509244833e-02      6.635792273747e-02      3.322826048382e-02      8.466865276718e-02
      1.056458333333e+02      3.153645230925e+00      3.183036587902e-01      6.033654038256e-01      1.224047738442e+00      1.763186761793e+00      1.297291265940e+00      4.828219040335e-02      3.063743522625e-02      1.814592453075e-01      1.315872584564e-01      6.075139528826e-02      6.857362546732e-02      3.470623206416e-02      8.724487867083e-02
      1.056527777778e+02      3.179204252325e+00      3.209785198400e-01      6.065973373639e-01      1.261848932701e+00      1.766508138829e+00      1.337866735664e+00      5.011071566115e-02      3.208589441421e-02      1.826853983985e-01      1.316549964598e-01      6.241769812820e-02      7.078932819717e-02      3.618420364449e-02      8.982110457449e-02
      1.056597222222e+02      3.204763273725e+00      3.236533808897e-01      6.098292709022e-01      1.299650126961e+00      1.769829515864e+00      1.378442205388e+00      5.193924091897e-02      3.353435360218e-02      1.839115514895e-01      1.317227344633e-01      6.408400096813e-02      7.300503092702e-02      3.766217522483e-02      9.239733047815e-02
      1.056666666667e+02      3.230322295125e+00      3.263282419395e-01      6.130612044404e-01      1.337451321221e+00      1.773150892900e+00      1.419017675112e+00      5.376776617677e-02      3.498281279014e-02      1.851377045805e-01      1.317904724668e-01      6.575030380807e-02      7.522073365687e-02      3.914014680516e-02      9.497355638181e-02
      1.056736111111e+02      3.255881316525e+00      3.290031029893e-01      6.162931379787e-01      1.375252515480e+00      1.776472269936e+00      1.459593144835e+00      5.559629143458e-02      3.643127197810e-02      1.863638576716e-01      1.318582104703e-01      6.741660664800e-02      7.743643638672e-02      4.061811838549e-02      9.754978228547e-02
      1.056805555556e+02      3.281440337925e+00      3.316779640390e-01      6.195250715170e-01      1.413053709740e+00      1.779793646971e+00      1.500168614559e+00      5.742481669239e-02      3.787973116606e-02      1.875900107626e-01      1.319259484737e-01      6.908290948793e-02      7.965213911657e-02      4.209608996582e-02      1.001260081891e-01
      1.056875000000e+02      3.306999359325e+00      3.343528250888e-01      6.227570050552e-01      1.450854904000e+00      1.783115024007e+00      1.540744084283e+00      5.925334195019e-02      3.932819035402e-02      1.888161638536e-01      1.319936864772e-01      7.074921232787e-02      8.186784184642e-02      4.357406154616e-02      1.027022340928e-01
      1.056944444444e+02      3.332558380725e+00      3.370276861386e-01      6.259889385935e-01      1.488656098259e+00      1.786436401042e+00      1.581319554007e+00      6.108186720800e-02      4.077664954198e-02      1.900423169447e-01      1.320614244807e-01      7.241551516780e-02      8.408354457627e-02      4.505203312649e-02      1.052784599964e-01
      1.057013888889e+02      3.358117402125e+00      3.397025471883e-01      6.292208721317e-01      1.526457292519e+00      1.789757778078e+00      1.621895023730e+00      6.291039246581e-02      4.222510872995e-02      1.912684700357e-01      1.321291624842e-01      7.408181800774e-02      8.629924730612e-02      4.653000470682e-02      1.078546859001e-01
      1.057083333333e+02      3.383676423525e+00      3.423774082381e-01      6.324528056700e-01      1.564258486778e+00      1.793079155114e+00      1.662470493454e+00      6.473891772362e-02      4.367356791791e-02      1.924946231267e-01      1.321969004876e-01      7.574812084767e-02      8.851495003597e-02      4.800797628715e-02      1.104309118037e-01
      1.057152777778e+02      3.409235444925e+00      3.450522692879e-01      6.356847392083e-01      1.602059681038e+00      1.796400532149e+00      1.703045963178e+00      6.656744298142e-02      4.512202710587e-02      1.937207762177e-01      1.322646384911e-01      7.741442368760e-02      9.073065276582e-02      4.948594786749e-02      1.130071377074e-01
      1.057222222222e+02      3.434794466325e+00      3.477271303376e-01      6.389166727465e-01      1.639860875298e+00      1.799721909185e+00      1.743621432902e+00      6.839596823923e-02      4.657048629384e-02      1.949469293088e-01      1.323323764946e-01      7.908072652754e-02      9.294635549568e-02      5.096391944782e-02      1.155833636111e-01
      1.057291666667e+02      3.460353487725e+00      3.504019913874e-01      6.421486062848e-01      1.677662069557e+00      1.803043286221e+00      1.784196902625e+00      7.022449349704e-02      4.801894548180e-02      1.961730823998e-01      1.324001144981e-01      8.074702936748e-02      9.516205822553e-02      5.244189102815e-02      1.181595895147e-01
      1.057361111111e+02      3.485912509125e+00      3.530768524372e-01      6.453805398231e-01      1.715463263817e+00      1.806364663256e+00      1.824772372349e+00      7.205301875485e-02      4.946740466976e-02      1.973992354908e-01      1.324678525015e-01      8.241333220741e-02      9.737776095538e-02      5.391986260849e-02      1.207358154184e-01
      1.057430555556e+02      3.511471530525e+00      3.557517134869e-01      6.486124733613e-01      1.753264458077e+00      1.809686040292e+00      1.865347842073e+00      7.388154401265e-02      5.091586385772e-02      1.986253885819e-01      1.325355905050e-01      8.407963504734e-02      9.959346368523e-02      5.539783418882e-02      1.233120413220e-01
      1.057500000000e+02      3.550426476965e+00      3.563318850882e-01      6.570916184975e-01      1.760635192732e+00      1.821471062663e+00      1.877356338145e+00      7.636403910807e-02      5.226713827644e-02      1.994358286601e-01      1.328125010598e-01      1.005247942192e-01      1.008285826959e-01      5.765860228562e-02      1.521049373757e-01
      1.057569444444e+02      3.598845438706e+00      3.554321907650e-01      6.692778380392e-01      1.746507275039e+00      1.839235520477e+00      1.869182706074e+00      7.930855384986e-02      5.354975314828e-02      1.999525738796e-01      1.332371888095e-01      1.274109884106e-01      1.013709343692e-01      6.047240409885e-02      1.994195082452e-01
      1.057638888889e+02      3.647264400448e+00      3.545324964418e-01      6.814640575808e-01      1.732379357346e+00      1.856999978291e+00      1.861009074003e+00      8.225306859165e-02      5.483236802012e-02      2.004693190991e-01      1.336618765592e-01      1.542971826021e-01      1.019132860425e-01      6.328620591207e-02      2.467340791147e-01
      1.057708333333e+02      3.695683362189e+00      3.536328021186e-01      6.936502771225e-01      1.718251439654e+00      1.874764436105e+00      1.852835441931e+00      8.519758333344e-02      5.611498289196e-02      2.009860643185e-01      1.340865643089e-01      1.811833767935e-01      1.024556377158e-01      6.610000772529e-02      2.940486499842e-01
      1.057777777778e+02      3.744102323931e+00      3.527331077955e-01      7.058364966641e-01      1.704123521961e+00      1.892528893918e+00      1.844661809860e+00      8.814209807523e-02      5.739759776381e-02      2.015028095380e-01      1.345112520586e-01      2.080695709849e-01      1.029979893890e-01      6.891380953851e-02      3.413632208537e-01
      1.057847222222e+02      3.792521285672e+00      3.518334134723e-01      7.180227162058e-01      1.689995604268e+00      1.910293351732e+00      1.836488177789e+00      9.108661281702e-02      5.868021263565e-02      2.020195547574e-01      1.349359398083e-01      2.349557651764e-01      1.035403410623e-01      7.172761135174e-02      3.886777917232e-01
      1.057916666667e+02      3.840940247414e+00      3.509337191491e-01      7.302089357474e-01      1.675867686575e+00      1.928057809546e+00      1.828314545718e+00      9.403112755881e-02      5.996282750749e-02      2.025362999769e-01      1.353606275581e-01      2.618419593678e-01      1.040826927356e-01      7.454141316496e-02      4.359923625927e-01
      1.057986111111e+02      3.889359209155e+00      3.500340248259e-01      7.423951552890e-01      1.661739768882e+00      1.945822267360e+00      1.820140913647e+00      9.697564230060e-02      6.124544237933e-02      2.030530451964e-01      1.357853153078e-01      2.887281535592e-01      1.046250444089e-01      7.735521497818e-02      4.833069334622e-01
      1.058055555556e+02      3.937778170897e+00      3.491343305028e-01      7.545813748307e-01      1.647611851190e+00      1.963586725173e+00      1.811967281576e+00      9.992015704239e-02      6.252805725118e-02      2.035697904158e-01      1.362100030575e-01      3.156143477506e-01      1.051673960822e-01      8.016901679141e-02      5.306215043317e-01
      1.058125000000e+02      3.986197132638e+00      3.482346361796e-01      7.667675943723e-01      1.633483933497e+00      1.981351182987e+00      1.803793649505e+00      1.028646717842e-01      6.381067212302e-02      2.040865356353e-01      1.366346908072e-01      3.425005419420e-01      1.057097477554e-01      8.298281860463e-02      5.779360752012e-01
      1.058194444444e+02      4.034616094379e+00      3.473349418564e-01      7.789538139139e-01      1.619356015804e+00      1.999115640801e+00      1.795620017434e+00      1.058091865260e-01      6.509328699486e-02      2.046032808547e-01      1.370593785569e-01      3.693867361335e-01      1.062520994287e-01      8.579662041785e-02      6.252506460707e-01
      1.058263888889e+02      4.083035056121e+00      3.464352475332e-01      7.911400334556e-01      1.605228098111e+00      2.016880098615e+00      1.787446385363e+00      1.087537012678e-01      6.637590186670e-02      2.051200260742e-01      1.374840663066e-01      3.962729303249e-01      1.067944511020e-01      8.861042223107e-02      6.725652169402e-01
      1.058333333333e+02      4.131454017862e+00      3.455355532101e-01      8.033262529972e-01      1.591100180418e+00      2.034644556428e+00      1.779272753292e+00      1.116982160095e-01      6.765851673855e-02      2.056367712937e-01      1.379087540563e-01      4.231591245163e-01      1.073368027753e-01      9.142422404429e-02      7.198797878097e-01
      1.058402777778e+02      4.179872979604e+00      3.446358588869e-01      8.155124725388e-01      1.576972262726e+00      2.052409014242e+00      1.771099121220e+00      1.146427307513e-01      6.894113161039e-02      2.061535165131e-01      1.383334418060e-01      4.500453187077e-01      1.078791544485e-01      9.423802585751e-02      7.671943586792e-01
      1.058472222222e+02      4.228291941345e+00      3.437361645637e-01      8.276986920805e-01      1.562844345033e+00      2.070173472056e+00      1.762925489149e+00      1.175872454931e-01      7.022374648223e-02      2.066702617326e-01      1.387581295557e-01      4.769315128992e-01      1.084215061218e-01      9.705182767074e-02      8.145089295488e-01
      1.058541666667e+02      4.276710903087e+00      3.428364702405e-01      8.398849116221e-01      1.548716427340e+00      2.087937929870e+00      1.754751857078e+00      1.205317602349e-01      7.150636135407e-02      2.071870069520e-01      1.391828173054e-01      5.038177070906e-01      1.089638577951e-01      9.986562948396e-02      8.618235004183e-01
      1.058611111111e+02      4.325129864828e+00      3.419367759174e-01      8.520711311638e-01      1.534588509647e+00      2.105702387683e+00      1.746578225007e+00      1.234762749767e-01      7.278897622592e-02      2.077037521715e-01      1.396075050551e-01      5.307039012820e-01      1.095062094684e-01      1.026794312972e-01      9.091380712878e-01
      1.058680555556e+02      4.373548826570e+00      3.410370815942e-01      8.642573507054e-01      1.520460591954e+00      2.123466845497e+00      1.738404592936e+00      1.264207897185e-01      7.407159109776e-02      2.082204973910e-01      1.400321928049e-01      5.575900954734e-01      1.100485611417e-01      1.054932331104e-01      9.564526421573e-01
      1.058750000000e+02      4.393831536080e+00      3.400375226887e-01      8.664482195407e-01      1.506028722147e+00      2.130976245739e+00      1.727079448813e+00      1.260124102387e-01      7.427376763209e-02      2.085587528160e-01      1.409374928144e-01      5.534985362624e-01      1.102737639436e-01      1.062706142908e-01      9.496630979200e-01
      1.058819444444e+02      4.394099467192e+00      3.389669249161e-01      8.615288759797e-01      1.491380635405e+00      2.131190690595e+00      1.713512470389e+00      1.232189428557e-01      7.370737222867e-02      2.087700391744e-01      1.421846773009e-01      5.273708912027e-01      1.102733622718e-01      1.055993836462e-01      9.043864849216e-01
      1.058888888889e+02      4.394367398303e+00      3.378963271436e-01      8.566095324187e-01      1.476732548662e+00      2.131405135451e+00      1.699945491965e+00      1.204254754726e-01      7.314097682525e-02      2.089813255328e-01      1.434318617873e-01      5.012432461430e-01      1.102729606000e-01      1.049281530016e-01      8.591098719233e-01
      1.058958333333e+02      4.394635329415e+00      3.368257293710e-01      8.516901888577e-01      1.462084461920e+00      2.131619580307e+00      1.686378513541e+00      1.176320080896e-01      7.257458142183e-02      2.091926118912e-01      1.446790462738e-01      4.751156010832e-01      1.102725589282e-01      1.042569223571e-01      8.138332589250e-01
      1.059027777778e+02      4.394903260527e+00      3.357551315984e-01      8.467708452967e-01      1.447436375177e+00      2.131834025163e+00      1.672811535117e+00      1.148385407066e-01      7.200818601841e-02      2.094038982496e-01      1.459262307602e-01      4.489879560235e-01      1.102721572564e-01      1.035856917125e-01      7.685566459266e-01
      1.059097222222e+02      4.395171191639e+00      3.346845338258e-01      8.418515017356e-01      1.432788288435e+00      2.132048470019e+00      1.659244556693e+00      1.120450733236e-01      7.144179061499e-02      2.096151846081e-01      1.471734152467e-01      4.228603109637e-01      1.102717555846e-01      1.029144610679e-01      7.232800329282e-01
      1.059166666667e+02      4.395439122751e+00      3.336139360532e-01      8.369321581746e-01      1.418140201693e+00      2.132262914875e+00      1.645677578269e+00      1.092516059406e-01      7.087539521156e-02      2.098264709665e-01      1.484205997331e-01      3.967326659040e-01      1.102713539128e-01      1.022432304233e-01      6.780034199298e-01
      1.059236111111e+02      4.395707053863e+00      3.325433382806e-01      8.320128146136e-01      1.403492114950e+00      2.132477359731e+00      1.632110599845e+00      1.064581385575e-01      7.030899980814e-02      2.100377573249e-01      1.496677842196e-01      3.706050208443e-01      1.102709522410e-01      1.015719997788e-01      6.327268069315e-01
      1.059305555556e+02      4.395974984975e+00      3.314727405080e-01      8.270934710526e-01      1.388844028208e+00      2.132691804587e+00      1.618543621421e+00      1.036646711745e-01      6.974260440472e-02      2.102490436833e-01      1.509149687060e-01      3.444773757846e-01      1.102705505692e-01      1.009007691342e-01      5.874501939332e-01
      1.059375000000e+02      4.396242916086e+00      3.304021427355e-01      8.221741274916e-01      1.374195941466e+00      2.132906249443e+00      1.604976642997e+00      1.008712037915e-01      6.917620900130e-02      2.104603300418e-01      1.521621531925e-01      3.183497307249e-01      1.102701488974e-01      1.002295384896e-01      5.421735809348e-01
      1.059444444444e+02      4.396510847198e+00      3.293315449629e-01      8.172547839306e-01      1.359547854723e+00      2.133120694299e+00      1.591409664573e+00      9.807773640848e-02      6.860981359788e-02      2.106716164002e-01      1.534093376790e-01      2.922220856651e-01      1.102697472255e-01      9.955830784504e-02      4.968969679365e-01
      1.059513888889e+02      4.396778778310e+00      3.282609471903e-01      8.123354403696e-01      1.344899767981e+00      2.133335139155e+00      1.577842686150e+00      9.528426902546e-02      6.804341819446e-02      2.108829027586e-01      1.546565221654e-01      2.660944406054e-01      1.102693455537e-01      9.888707720046e-02      4.516203549381e-01
      1.059583333333e+02      4.397046709422e+00      3.271903494177e-01      8.074160968086e-01      1.330251681239e+00      2.133549584011e+00      1.564275707726e+00      9.249080164244e-02      6.747702279104e-02      2.110941891170e-01      1.559037066519e-01      2.399667955457e-01      1.102689438819e-01      9.821584655589e-02      4.063437419398e-01
      1.059652777778e+02      4.397314640534e+00      3.261197516451e-01      8.024967532476e-01      1.315603594496e+00      2.133764028867e+00      1.550708729302e+00      8.969733425942e-02      6.691062738762e-02      2.113054754755e-01      1.571508911383e-01      2.138391504860e-01      1.102685422101e-01      9.754461591131e-02      3.610671289415e-01
      1.059722222222e+02      4.397582571646e+00      3.250491538725e-01      7.975774096865e-01      1.300955507754e+00      2.133978473723e+00      1.537141750878e+00      8.690386687640e-02      6.634423198420e-02      2.115167618339e-01      1.583980756248e-01      1.877115054262e-01      1.102681405383e-01      9.687338526673e-02      3.157905159430e-01
      1.059791666667e+02      4.397850502758e+00      3.239785560999e-01      7.926580661255e-01      1.286307421011e+00      2.134192918579e+00      1.523574772454e+00      8.411039949338e-02      6.577783658078e-02      2.117280481923e-01      1.596452601112e-01      1.615838603665e-01      1.102677388665e-01      9.620215462216e-02      2.705139029447e-01
      1.059861111111e+02      4.398118433869e+00      3.229079583274e-01      7.877387225645e-01      1.271659334269e+00      2.134407363435e+00      1.510007794030e+00      8.131693211036e-02      6.521144117736e-02      2.119393345507e-01      1.608924445977e-01      1.354562153068e-01      1.102673371947e-01      9.553092397758e-02      2.252372899463e-01
      1.059930555556e+02      4.398386364981e+00      3.218373605548e-01      7.828193790035e-01      1.257011247527e+00      2.134621808291e+00      1.496440815606e+00      7.852346472734e-02      6.464504577394e-02      2.121506209092e-01      1.621396290841e-01      1.093285702470e-01      1.102669355229e-01      9.485969333301e-02      1.799606769480e-01
      1.060000000000e+02      4.389867592638e+00      3.197810886237e-01      7.811076739855e-01      1.244040019300e+00      2.138929293162e+00      1.474273632408e+00      7.867548414559e-02      6.481075853299e-02      2.126474326805e-01      1.629155542603e-01      9.953669482585e-02      1.101064014704e-01      9.537508315742e-02      1.614691238675e-01
