#                     time          SMEAR_TEMP_168.dat             SMEAR_PRESS.dat                SMEAR_RH.dat               SMEAR_SWR.dat                SA_tower.dat               SA_ground.dat                     NH3.dat                SMEAR_CS.dat            SMEAR_GAS_CO.dat           SMEAR_GAS_NO2.dat            SMEAR_GAS_NO.dat            SMEAR_GAS_O3.dat           SMEAR_GAS_SO2.dat
1.17000000000000000000e+02  1.65999999999999992006e+00  9.80539999999999963620e+02  6.99599999999999937472e+01  -1.80565099999999989500e+00  7.25259062500000000000e+04  9.70289687500000000000e+04  5.24952806566139162925e+00  2.53440000000000002084e-03  1.33042000000000001592e+02  1.66000000000000008660e-01  5.00000000000000027756e-02  4.17500000000000000000e+01  5.00000000000000027756e-02
1.17006944444444442865e+02  1.56000000000000005329e+00  9.80580000000000040927e+02  7.04499552358119416340e+01  -1.49405432063539755916e+00  6.93117070372376474552e+04  1.02396257802501422702e+05  5.57856581299692688702e+00  2.56766388888888001316e-03  1.33021333333300276536e+02  1.94667125340670960076e-01  5.00000000000000027756e-02  4.17166666666133494346e+01  7.99996160030402025942e-02
1.17013888888888885731e+02  1.54999520383653366373e+00  9.80719987210230783603e+02  7.08199840127884385765e+01  -4.12603133335490146472e-01  6.60975078244752803585e+04  1.07763546855002845405e+05  7.32892876891648281656e+00  2.60092777777776000547e-03  1.33000666666600551480e+02  2.23334250681341939249e-01  5.00000000000000027756e-02  4.16833333332266917637e+01  5.00000000000000027756e-02
1.17020833333333328596e+02  1.53001918465222952470e+00  9.80699952038369474394e+02  7.08100815347719816373e+01  -7.44414695237068935185e-01  6.28833086117129278136e+04  1.13130835907504268107e+05  4.46985283236884356484e+00  2.63419166666663999779e-03  1.32979999991381475866e+02  2.52000255991807642353e-01  5.00000000000000027756e-02  4.16500000010077329193e+01  8.00001439985529722021e-02
1.17027777777777771462e+02  1.61000319744210651507e+00  9.80929942446041991388e+02  7.02201758593158587018e+01  -9.96751669842327880922e-01  6.12048268260446056956e+04  1.06286502616921454319e+05  2.92697131958749912073e+00  2.65672407407405034366e-03  1.31183999997128381665e+02  2.57333418663932222969e-01  5.00000000000000027756e-02  4.18600000003357664013e+01  6.99999040007600603630e-02
1.17034722222222228538e+02  1.69998401278946764670e+00  9.80809971223020966136e+02  6.98900831334947696405e+01  -4.94774501581645154147e-01  5.95263450489553943044e+04  9.94421692580785456812e+04  9.61316118972244737506e+00  2.67899259259260849597e-03  1.29388000002871592642e+02  2.62666581336067794794e-01  5.00000000000000027756e-02  4.20699999996642333144e+01  5.00000000000000027756e-02
1.17041666666666671404e+02  1.76997601918471314519e+00  9.80939980815347780663e+02  6.94199760191847161650e+01  6.25132338097059814253e-01  5.78478632761776971165e+04  9.25978359379472967703e+04  9.01190040346609499977e+00  2.70126111111112154547e-03  1.27592000008618498441e+02  2.67999744008192375411e-01  5.00000000000000027756e-02  4.22799999989922667964e+01  5.00000000000000027756e-02
1.17048611111111114269e+02  1.79999840127884458418e+00  9.80860020783375034625e+02  7.01400591526827525968e+01  5.18662728570390862970e-01  5.69402499966184623190e+04  9.26778723961315263296e+04  8.47485565639649252034e+00  2.69944755555555446908e-03  1.29421333327481022479e+02  3.19331690640387744207e-01  5.00000000000000027756e-02  4.21393333337833482233e+01  5.00000000000000027756e-02
1.17055555555555557135e+02  1.92999360511599138412e+00  9.80830076738608113374e+02  7.20599744204639733880e+01  -1.98676339682653968488e+00  5.60326367170592347975e+04  9.27579088543157704407e+04  9.80485349946594020309e+00  2.69641977777777645808e-03  1.31250666663740531703e+02  3.70665845320193865220e-01  5.00000000000000027756e-02  4.19986666668916726053e+01  5.00000000000000027756e-02
1.17062500000000000000e+02  1.59000000000000007994e+00  9.81039999999999963620e+02  7.25999999999999943157e+01  -1.38613000000000008427e+00  5.51250234375000000000e+04  9.28379453125000000000e+04  9.79744075244903278588e+00  2.69318999999999808548e-03  1.33080000000000012506e+02  4.21999999999999986233e-01  5.00000000000000027756e-02  4.18579999999999969873e+01  5.00000000000000027756e-02
1.17069444444444442865e+02  1.76001918465202544795e+00  9.81009904076739871925e+02  7.09102749800123604018e+01  5.51186615872921614745e-01  7.19010390312484232709e+04  9.05904687541867606342e+04  1.31149239601264042676e+01  2.68735666666666643543e-03  1.33924666668017778193e+02  4.75334186680318016016e-01  5.00000000000000027756e-02  4.13119999991266269035e+01  5.00000000000000027756e-02
1.17076388888888885731e+02  1.74000639488462183202e+00  9.80940006394884676411e+02  7.13301151079231914309e+01  1.26357669047545795316e+00  8.86770546249968465418e+04  8.83429921958735212684e+04  1.01968713360845182336e+01  2.68152333333333435170e-03  1.34769333336035543880e+02  5.28668373360636101310e-01  5.00000000000000027756e-02  4.07659999982532639251e+01  9.00000159999756327300e-02
1.17083333333333328596e+02  1.75995683453248363826e+00  9.81020009592326118764e+02  7.18202350119898085268e+01  1.53555138571423444027e+00  1.05453070218745269813e+05  8.60955156375602819026e+04  4.67175734252091778842e+00  2.67781523809522067903e-03  1.35613999988684611253e+02  5.81997856068611207903e-01  5.00000000000000027756e-02  4.02199999983652318747e+01  5.00000000000000027756e-02
1.17090277777777771462e+02  1.59000319744210649731e+00  9.81080000000000040927e+02  7.29798145483578224457e+01  1.34071902539662191067e+00  9.89095859496941411635e+04  8.77182942678091931157e+04  8.77908467883553278455e+00  2.71625769841267071178e-03  1.33255999996229803628e+02  5.37332618689567498294e-01  5.00000000000000027756e-02  3.98793333327886401207e+01  5.00000000000000027756e-02
1.17097222222222228538e+02  1.59000000000000007994e+00  9.81159980815347353200e+02  7.27800447641894976414e+01  6.19095250791616091846e-01  9.23661015503058588365e+04  8.93410729196908068843e+04  1.30772954988506242557e+01  2.75470015873019967445e-03  1.30898000003770192734e+02  4.92667381310432472841e-01  5.00000000000000027756e-02  3.95386666672113591403e+01  5.00000000000000027756e-02
1.17104166666666671404e+02  1.47000479616305734787e+00  9.81090038369304465959e+02  7.32600911270980930112e+01  -2.64330766667231098488e-01  8.58226172250651725335e+04  9.09638515628903114703e+04  1.14095611153334619559e+01  2.79279769841271792441e-03  1.28540000011315385109e+02  4.48002143931388818743e-01  5.00000000000000027756e-02  3.91980000016347673863e+01  5.00000000000000027756e-02
1.17111111111111114269e+02  1.41001119104808791960e+00  9.81229971223019219906e+02  7.32900495603558255198e+01  -3.33109153968620230746e-01  9.25443463792101101717e+04  9.10336927085935458308e+04  7.78221089583600278416e+00  2.81686846560847857154e-03  1.29867999995751517872e+02  4.25334058678270343634e-01  5.00000000000000027756e-02  3.92766666664149965982e+01  5.00000000000000027756e-02
1.17118055555555557135e+02  1.58000000000000007105e+00  9.81169999999999959073e+02  7.19300831334921184634e+01  -8.99849304762062041085e-01  9.92660755333550623618e+04  9.11035338542967656394e+04  9.84186770000045285656e+00  2.84093923280423921868e-03  1.31195999997875759391e+02  4.02667029339135174038e-01  5.00000000000000027756e-02  3.93553333332074970485e+01  5.00000000000000027756e-02
1.17125000000000000000e+02  1.59000000000000007994e+00  9.81250000000000000000e+02  7.22699999999999960210e+01  -4.55050999999999983281e-01  1.05987804687500000000e+05  9.11733750000000000000e+04  1.22103677584382648291e+01  2.86500999999999986581e-03  1.32524000000000000909e+02  3.80000000000000004441e-01  5.00000000000000027756e-02  3.94339999999999974989e+01  5.00000000000000027756e-02
1.17131944444444442865e+02  1.52994244604392370945e+00  9.81319980815348003489e+02  7.28201790567522238007e+01  -3.67050377777872138818e-01  9.50196067912656872068e+04  8.51790729278332873946e+04  1.21873761972563858791e+01  2.86336317460317507991e-03  1.31728666665394484880e+02  4.46667733350397555547e-01  5.00000000000000027756e-02  3.91653333329035788779e+01  5.00000000000000027756e-02
1.17138888888888885731e+02  1.31999360511537822127e+00  9.81389977617903809914e+02  7.43199888089519049572e+01  -3.51673174658111847846e-03  8.40514088950313744135e+04  7.91847708556665747892e+04  1.32204658599401838615e+01  2.86171634920634986032e-03  1.30933333330788940430e+02  5.13335466700795106654e-01  5.00000000000000027756e-02  3.88966666658071602569e+01  6.99999520000730846014e-02
1.17145833333333328596e+02  9.60071942445860693205e-01  9.81369980815347730640e+02  7.39599184652280143837e+01  -3.71707504761571216889e-01  7.30832109987970616203e+04  7.31904687834998621838e+04  9.34678524147368428032e+00  2.86006952380952507442e-03  1.30138000011225813068e+02  5.80001631947773543807e-01  5.00000000000000027756e-02  3.86279999993249774093e+01  5.00000000000000027756e-02
1.17152777777777771462e+02  1.11998721023157421506e+00  9.81379993605115828359e+02  7.47699552358104995164e+01  -8.42316511110215881963e-01  7.22410729182360373670e+04  7.41154505191095813643e+04  1.41940032045542032790e+01  2.87193629629628336200e-03  1.32477333337073673647e+02  6.14000543982567981161e-01  5.00000000000000027756e-02  3.84873333331084239717e+01  5.00000000000000027756e-02
1.17159722222222228538e+02  1.03998081534736108722e+00  9.81479977617905319676e+02  7.50100799360526622195e+01  1.82711841287339742113e-02  7.13989348942639626330e+04  7.50404322933904186357e+04  1.70039170859368127253e+01  2.88413537037037924146e-03  1.34816666662926337494e+02  6.47999456017432029498e-01  5.00000000000000027756e-02  3.83466666668915792116e+01  5.00000000000000027756e-02
1.17166666666666671404e+02  1.01998081534777051971e+00  9.81439990407673917616e+02  7.51199616306955419986e+01  5.30882990478191763017e-01  7.05567970388561661821e+04  7.59654140413576678839e+04  1.19761824168135859736e+01  2.89633444444444996743e-03  1.37155999988774198073e+02  6.81998368052226466851e-01  5.00000000000000027756e-02  3.82060000006750257739e+01  5.00000000000000027756e-02
1.17173611111111114269e+02  9.20000000000000039968e-01  9.81519987210230738128e+02  7.60999680255768851111e+01  1.16096579523813603352e+00  9.98764219842374441214e+04  7.21823085796551167732e+04  1.79307332505074015216e+01  2.91430407407407754058e-03  1.36750666667963400869e+02  7.15998911982594465897e-01  5.00000000000000027756e-02  3.78773333343847866672e+01  5.00000000000000027756e-02
1.17180555555555557135e+02  7.89980815347974596463e-01  9.81510051159072077098e+02  7.70400447641880674610e+01  2.54235937142907486574e+00  1.29196046929618722061e+05  6.83992031179525511106e+04  1.11568877102107748556e+01  2.93256465608465440378e-03  1.36345333333981699298e+02  7.49999455991297248048e-01  5.00000000000000027756e-02  3.75486666671923927652e+01  5.00000000000000027756e-02
1.17187500000000000000e+02  5.89999999999999968914e-01  9.81559999999999945430e+02  7.72300000000000039790e+01  4.21104500000000037119e+00  1.58515671875000000000e+05  6.46160976562500000000e+04  1.49799973945523614560e+01  2.95082523809523170066e-03  1.35939999999999997726e+02  7.84000000000000030198e-01  5.00000000000000027756e-02  3.72199999999999988631e+01  5.00000000000000027756e-02
1.17194444444444442865e+02  5.89910471623881216274e-01  9.81610102318144186029e+02  7.77499616306959495660e+01  6.67552444761788787986e+00  1.86540786406126106158e+05  7.15314973829508235212e+04  1.79456404232150461553e+01  3.04599366666662759590e-03  1.36606666667733037457e+02  7.72666485330432473155e-01  5.00000000000000027756e-02  3.73480000002047418661e+01  5.00000000000000027756e-02
1.17201388888888885731e+02  4.10012789769243490845e-01  9.81630020783375016435e+02  7.82700015987211514812e+01  1.45020143809464787665e+01  2.14565900937252241420e+05  7.84468971096516470425e+04  1.93769460121682968179e+01  3.14712908333329146812e-03  1.37273333335466105609e+02  7.61332970660864805090e-01  5.00000000000000027756e-02  3.74760000004094919746e+01  5.00000000000000027756e-02
1.17208333333333328596e+02  4.40023980815286930302e-01  9.81580062350119760595e+02  7.83399424460433095874e+01  3.37193738571127425985e+01  2.42591015468378347578e+05  8.53622968363524705637e+04  2.10882889089348992684e+01  3.24394968253967743224e-03  1.37940000011161828297e+02  7.49997984064515010871e-01  5.00000000000000027756e-02  3.76040000021050389023e+01  2.19999760002411726134e-01
1.17215277777777771462e+02  6.30000000000000004441e-01  9.81730003197442101737e+02  7.86299168665052263805e+01  2.70504700634994925679e+01  2.73832583275112963747e+05  1.22633510347209725296e+05  2.18984707270970879733e+01  3.25519306878306081965e-03  1.40266000003719028655e+02  7.07999328021533647082e-01  5.00000000000000027756e-02  3.80426666673680458075e+01  1.60000095999239949629e-01
1.17222222222222228538e+02  7.50003197442106528392e-01  9.81799980815347339558e+02  7.81199520383684102853e+01  3.09095708254013210592e+01  3.05074151099887036253e+05  1.59904724027790274704e+05  1.69529519812527560418e+01  3.26643645502646719214e-03  1.42591999996280975438e+02  6.66000671978466352030e-01  5.00000000000000027756e-02  3.84813333326319551020e+01  8.99994560043069491417e-02
1.17229166666666671404e+02  8.39971223021655610808e-01  9.81819995203837038389e+02  7.80600911270980901691e+01  3.46900739047651143210e+01  3.36315718892833101563e+05  1.97175937585331499577e+05  1.51178923749797373688e+01  3.27598365079360357571e-03  1.44917999988838175796e+02  6.24002015935484988240e-01  5.00000000000000027756e-02  3.89199999978949620072e+01  5.00000000000000027756e-02
1.17236111111111114269e+02  8.49996802557689057345e-01  9.81810006394884567271e+02  7.78099840127884476715e+01  5.85406310635174591539e+01  3.61873573011888714973e+05  2.12444739640220999718e+05  1.04440050961993566858e+01  3.21655243386240229445e-03  1.43063333339266705480e+02  6.02667349344254477117e-01  5.00000000000000027756e-02  3.89419999999296209126e+01  5.00000000000000027756e-02
1.17243055555555557135e+02  8.50012789768016974179e-01  9.81909968025579928508e+02  7.78600511590720714139e+01  1.59961873968271731883e+02  3.87431427130944328383e+05  2.27713541695110499859e+05  1.63369688572044218233e+01  3.15712121693120144686e-03  1.41208666669633345236e+02  5.81333674672127265204e-01  5.00000000000000027756e-02  3.89639999999648054541e+01  7.00006399949330004873e-02
1.17250000000000000000e+02  1.29000000000000003553e+00  9.81919999999999959073e+02  7.67900000000000062528e+01  7.40879699999999985494e+01  4.12989281250000000000e+05  2.42982343750000000000e+05  1.44335217094451628839e+01  3.09769000000000016559e-03  1.39354000000000013415e+02  5.60000000000000053291e-01  5.00000000000000027756e-02  3.89859999999999971010e+01  5.00000000000000027756e-02
1.17256944444444442865e+02  1.26001278976801689424e+00  9.81920070343724091799e+02  7.62700959232601292115e+01  5.69713705396845071505e+01  4.98164499841329408810e+05  2.83620229090963490307e+05  1.69621589159759302845e+01  3.07115891534392266779e-03  1.39374666666699738471e+02  6.13334186680318138585e-01  6.53333370666596136012e-02  3.88866666665077715948e+01  8.99991680065870963690e-02
1.17263888888888885731e+02  1.14000319744231082275e+00  9.82179974420461462614e+02  7.68499568345287968896e+01  5.87589132698626102069e+01  5.83339718432658817619e+05  3.24258114431926922407e+05  1.88313023393162168873e+01  3.04462783068784473631e-03  1.39395333333399463527e+02  6.66668373360636112857e-01  8.86666741333192454100e-02  3.87873333330155531939e+01  1.30000079999878226378e-01
1.17270833333333328596e+02  1.41003836930445891618e+00  9.82219961630695593158e+02  7.63999184652280263208e+01  2.15213411428540695169e+02  6.68514937023988226429e+05  3.64895999772890412714e+05  1.78481515427747439162e+01  3.01809674603176723851e-03  1.39416000004408431323e+02  7.19996832101380768165e-01  1.11999995840009858306e-01  3.86880000034230917549e+01  5.00000000000000027756e-02
1.17277777777777771462e+02  1.98998401278946768223e+00  9.82279961630694742780e+02  7.50501183053579410398e+01  2.36819788571386567355e+02  7.32921312379975221120e+05  4.10894604080945777241e+05  1.58945159226943459885e+01  2.96067190476196652471e-03  1.40334666668135525924e+02  6.53998944033838625067e-01  1.03333331946675863189e-01  3.94013333344738754249e+01  6.00002239982265483942e-02
1.17284722222222228538e+02  2.29005115907370360162e+00  9.82270028776978961105e+02  7.31899072741789069596e+01  2.59346778095278068577e+02  7.97327687620024778880e+05  4.56893208419054280967e+05  1.40430634477590956521e+01  2.90248738095233915421e-03  1.41253333331864467937e+02  5.88001055966161367827e-01  9.46666680533241322593e-02  4.01146666655261299184e+01  5.00000000000000027756e-02
1.17291666666666671404e+02  2.86999040767388535755e+00  9.82330071942445897548e+02  7.06103549160662424811e+01  2.84299224285750483432e+02  8.61734062276966637000e+05  5.02891812880825542379e+05  1.39289022016790706715e+01  2.84430285714283104595e-03  1.42171999995591562538e+02  5.22003167898619224729e-01  8.60000041599901371425e-02  4.08279999965769135883e+01  1.09999280007235133994e-01
1.17298611111111114269e+02  3.40001438849039905321e+00  9.82430027178259592802e+02  6.92099536370864854007e+01  3.18993126349262809072e+02  8.21825562351311091334e+05  5.71034875253883656114e+05  1.26207267421885518388e+01  2.79442566666664648709e-03  1.41998666667221186799e+02  5.65331946644483163134e-01  5.00000000000000027756e-02  4.09613333329067828004e+01  1.00000015999975641612e-01
1.17305555555555557135e+02  3.90001278976801701859e+00  9.82430006394884003385e+02  6.68600703437240895255e+01  4.28523328888889295740e+02  7.81917062425655545667e+05  6.39177937626941828057e+05  9.78716915505337148318e+00  2.74496733333331414256e-03  1.41825333333610586806e+02  6.08665973322241593557e-01  5.00000000000000027756e-02  4.10946666664533921676e+01  6.99998080015201140647e-02
1.17312500000000000000e+02  4.59999999999999964473e+00  9.82659999999999968168e+02  6.49300000000000068212e+01  3.57871399999999994179e+02  7.42008562500000000000e+05  7.07321000000000000000e+05  1.69397224308691569661e+01  2.69635023809522509503e-03  1.41651999999999986812e+02  6.52000000000000023981e-01  5.00000000000000027756e-02  4.12280000000000015348e+01  1.00000000000000005551e-01
1.17319444444444442865e+02  4.54003197442004235995e+00  9.82659948840927881974e+02  6.40699680255799535189e+01  2.14691960634925351314e+02  7.42999395831487490796e+05  7.66949791555585805327e+05  1.72302520759393651417e+01  2.65857576719576420982e-03  1.39578666663350190902e+02  5.75998783980546713579e-01  5.00000000000000027756e-02  4.19906666678866073994e+01  1.19998848009120598346e-01
1.17326388888888885731e+02  4.62001598721155470884e+00  9.82720001598721182745e+02  6.35100431654711954366e+01  2.21142986666651609085e+02  7.43990229162975098006e+05  8.26578583111171610653e+05  1.08755112863761951303e+01  2.62080129629630375829e-03  1.37505333326700423413e+02  4.99997567961093514199e-01  5.00000000000000027756e-02  4.27533333357732132640e+01  5.00000000000000027756e-02
1.17333333333333328596e+02  5.09996642685859757904e+00  9.82720009592326164238e+02  6.16494436450853413589e+01  2.11917823333324719215e+02  7.44981062494462588802e+05  8.86207374666757415980e+05  8.31761130490008682159e+00  2.58387698412699358050e-03  1.35432000005208209359e+02  4.23997952065539085442e-01  5.00000000000000027756e-02  4.35159999989314840718e+01  5.00000000000000027756e-02
1.17340277777777771462e+02  4.96998081534736080300e+00  9.82989948840926331286e+02  5.98599520383684051694e+01  2.33433918730106739758e+02  8.52613999799420125782e+05  1.03419641639088094234e+06  9.70676460169412003154e+00  2.56381415343916781863e-03  1.36517333335068656197e+02  3.81332650688542107442e-01  5.00000000000000027756e-02  4.32933333329773120113e+01  5.00000000000000027756e-02
1.17347222222222228538e+02  5.18006394884212895136e+00  9.82979984012789486769e+02  5.89400159872105291470e+01  2.46250400000093435438e+02  9.60246937700579874218e+05  1.18218545860911905766e+06  1.17145164388221818541e+01  2.54375132275130172443e-03  1.37602666664931319929e+02  3.38667349311457865912e-01  5.59999971200191015708e-02  4.30706666670226852034e+01  5.00000000000000027756e-02
1.17354166666666671404e+02  5.98988009592356540622e+00  9.82990091127098139623e+02  5.88100479616305733543e+01  2.80108774285727179176e+02  1.06787987545404862612e+06  1.33017450019290018827e+06  9.47880991721164178898e+00  2.52219722222215680246e-03  1.38687999994791766767e+02  2.96002047934460943424e-01  7.39999913600204589637e-02  4.28480000010685131429e+01  5.00000000000000027756e-02
1.17361111111111114269e+02  5.92999200639422241466e+00  9.83189990407673121808e+02  5.72899968025576882269e+01  2.91111295714286882230e+02  1.14912512530269916169e+06  1.36469112512860004790e+06  7.80593630156885964766e+00  2.43999814814810454117e-03  1.43611999984247404427e+02  5.50658517202962549675e-01  6.66666690133288913911e-02  4.34446666647578396692e+01  5.00000959998538538342e-02
1.17368055555555557135e+02  6.79983373301577920245e+00  9.83160083133492094021e+02  5.63503005595484012247e+01  5.21083441269785339500e+02  1.23037037515134946443e+06  1.39920775006430014037e+06  3.69759024778440537062e+00  2.35779907407405227987e-03  1.48535999992123691982e+02  8.05329258601481301483e-01  5.93333345066644479715e-02  4.40413333323789188967e+01  1.40000063999493301603e-01
1.17375000000000000000e+02  6.95999999999999996447e+00  9.83230000000000018190e+02  5.08100000000000022737e+01  4.00010699999999985721e+02  1.31161562500000000000e+06  1.43372437500000000000e+06  5.85179781706749402304e+00  2.27560000000000001857e-03  1.53460000000000007958e+02  1.06000000000000005329e+00  5.19999999999999976130e-02  4.46379999999999981242e+01  5.00000000000000027756e-02
1.17381944444444442865e+02  7.60984012789978780944e+00  9.83349968025579983077e+02  5.17899999999999991473e+01  2.68429133015870320378e+02  1.46760212470941711217e+06  1.61279070799975562841e+06  7.44477434964063800038e+00  2.31839761904760769881e-03  1.86920666720189473153e+02  7.89329002597385809281e-01  5.00000000000000027756e-02  4.40246666656855936139e+01  5.00000000000000027756e-02
1.17388888888888885731e+02  6.71000799360577726560e+00  9.83429996802557639057e+02  5.11000511590769761483e+01  3.83320657300677339663e+02  1.62358862441883399151e+06  1.79185704099951125681e+06  2.97906006459346395232e+00  2.36119523809521537905e-03  2.20381333440378966770e+02  5.18658005194771676294e-01  5.00000000000000027756e-02  4.34113333313711891037e+01  5.00000000000000027756e-02
1.17395833333333328596e+02  7.33000000000000007105e+00  9.83549985611510805938e+02  5.38000767386089151501e+01  4.41813429048053762926e+02  1.77957512412825110368e+06  1.97092337399926688522e+06  3.09041061628029245512e+00  2.40399285714282305929e-03  2.53842000062031473817e+02  2.47998688041985965169e-01  5.00000000000000027756e-02  4.27980000004062901553e+01  5.00000000000000027756e-02
1.17402777777777771462e+02  7.32995843325261553503e+00  9.83580006394884208021e+02  5.54100063948842063155e+01  6.52261821590342265154e+02  1.52425154214247618802e+06  1.75348037540521682240e+06  1.50344692821338128397e+01  2.29387735449747536681e-03  2.66768666687335041843e+02  2.20666229347347309098e-01  5.00000000000000027756e-02  4.28826666668020379802e+01  1.59999648002786876155e-01
1.17409722222222228538e+02  7.98995843325261567713e+00  9.83669999999999959073e+02  5.27300831334947659457e+01  6.28022803809337574421e+02  1.26892795785752381198e+06  1.53603737459478317760e+06  7.17467718481239202788e+00  2.18000169312161130863e-03  2.79695333312665013636e+02  1.93333770652652697786e-01  5.00000000000000027756e-02  4.29673333331979634409e+01  1.89999520003800242973e-01
1.17416666666666671404e+02  7.73007194244586148812e+00  9.83819952038369478942e+02  5.68293860911286543569e+01  4.29025015238092692016e+02  1.01360437436239398085e+06  1.31859437414109893143e+06  4.92202799365417931199e+00  2.06612603174598013708e-03  2.92621999937968553240e+02  1.66001311958014041714e-01  5.00000000000000027756e-02  4.30519999995937112658e+01  5.00000000000000027756e-02
1.17423611111111114269e+02  7.41001438849039928414e+00  9.84039992006394186319e+02  5.86098737010287180738e+01  4.30157809999150231306e+02  8.99514249574929242954e+05  1.16490681192739936523e+06  4.28680322810477232309e+00  2.03877092592592151776e-03  2.84817333358301652879e+02  1.96665685317634231222e-01  5.00000000000000027756e-02  4.30353333333866530097e+01  5.00000000000000027756e-02
1.17430555555555557135e+02  6.59008313349210972376e+00  9.84069987210232056896e+02  6.21995203836993653113e+01  2.34025483174622905835e+02  7.85424124787464621477e+05  1.01121924971369956620e+06  3.56260251772701019846e+00  2.01577820105820282662e-03  2.77012666679150811433e+02  2.27332842658817119164e-01  5.00000000000000027756e-02  4.30186666666933277270e+01  6.99995520035469054321e-02
1.17437500000000000000e+02  6.62000000000000010658e+00  9.84110000000000013642e+02  6.72699999999999960210e+01  2.81149999999999977263e+02  6.71334000000000000000e+05  8.57531687500000000000e+05  2.21013262535302867917e+00  1.99278547619048370179e-03  2.69208000000000026830e+02  2.58000000000000007105e-01  5.00000000000000027756e-02  4.30020000000000024443e+01  7.00000000000000066613e-02
1.17444444444444442865e+02  6.58996163069594853567e+00  9.84070127897680208662e+02  6.97200575539560816196e+01  2.03394611428577064771e+02  9.63077624456518795341e+05  1.00867316638510930352e+06  8.10365272775506362279e+00  1.94738511111112923974e-03  2.58652666649782645436e+02  2.17999359989761443135e-01  5.00000000000000027756e-02  4.33420000005438552648e+01  5.00000000000000027756e-02
1.17451388888888885731e+02  6.68000639488462155668e+00  9.84459979216625015397e+02  6.86300879296635457649e+01  2.75891625237971993556e+02  1.25482124891303759068e+06  1.15981464527021860704e+06  2.00000000000000000000e+00  1.90024622222224165956e-03  2.48097333299565264042e+02  1.77998719979522906920e-01  5.00000000000000027756e-02  4.36820000010877080854e+01  5.00000000000000027756e-02
1.17458333333333328596e+02  7.07000479616305810282e+00  9.84499966426858577506e+02  6.71895443645095440388e+01  4.21088562381150836700e+02  1.54656487336955638602e+06  1.31095612415532814339e+06  2.00000000000000000000e+00  1.85846634920631991784e-03  2.37541999882991177628e+02  1.38002815909883780332e-01  5.00000000000000027756e-02  4.40219999998528379592e+01  7.99998080019293789089e-02
1.17465277777777771462e+02  7.38997761790525409253e+00  9.84470031974421090126e+02  6.36099328537157617802e+01  3.70328182857103229253e+02  1.81953849949129880406e+06  1.58613699948718538508e+06  2.00000000000000000000e+00  1.92297362433857792902e-03  2.13158666627680361216e+02  1.96667605303254583449e-01  5.00000000000000027756e-02  4.39913333332843023982e+01  5.00000000000000027756e-02
1.17472222222222228538e+02  7.70989448441048619287e+00  9.84540012789768411494e+02  5.92996258992735363336e+01  3.55971799366601089787e+02  2.09251212550870142877e+06  1.86131787551281461492e+06  2.00000000000000000000e+00  1.98748089947096799601e-03  1.88775333372319636283e+02  2.55332394696745457185e-01  5.00000000000000027756e-02  4.39606666667156957828e+01  5.99999040007600514812e-02
1.17479166666666671404e+02  8.31000000000000049738e+00  9.84620023980815290088e+02  5.60300143884891710400e+01  6.23162163332953127792e+02  2.36548575106509635225e+06  2.13649875030550034717e+06  2.00000000000000000000e+00  2.05235817460323833814e-03  1.64392000117008819871e+02  3.13997184090116232547e-01  5.00000000000000027756e-02  4.39300000001471602218e+01  5.00000000000000027756e-02
1.17486111111111114269e+02  9.23000799360577772745e+00  9.84460000000000036380e+02  5.38098433253267671716e+01  9.00638795555953834082e+02  2.55606891737673105672e+06  2.19116350020366674289e+06  2.00000000000000000000e+00  2.13228211640215884609e-03  1.60088000013769118368e+02  3.23999679994880718237e-01  5.00000000000000027756e-02  4.40486666662870334221e+01  7.00001599997564227795e-02
1.17493055555555557135e+02  8.95005115907206771908e+00  9.84550076738608026972e+02  5.80697697841756976800e+01  4.26895069841297470248e+02  2.74665208368836529553e+06  2.24582825010183360428e+06  2.00000000000000000000e+00  2.21220605820107935405e-03  1.55784000006884554068e+02  3.33999839997440317596e-01  5.00000000000000027756e-02  4.41673333331435173932e+01  5.00000000000000027756e-02
1.17500000000000000000e+02  8.63000000000000078160e+00  9.84679999999999949978e+02  5.86000000000000014211e+01  4.78788700000000005730e+02  2.93723525000000000000e+06  2.30049300000000000000e+06  2.00000000000000000000e+00  2.29212999999999986200e-03  1.51479999999999989768e+02  3.43999999999999972466e-01  5.00000000000000027756e-02  4.42860000000000013642e+01  5.00000000000000027756e-02
1.17506944444444442865e+02  8.72996802557995721372e+00  9.84680095923260068957e+02  5.64301087130281473492e+01  3.31393826666725544783e+02  2.92336366669250745326e+06  2.27976491670528054237e+06  2.00000000000000000000e+00  2.37819812169309851083e-03  1.54608000005003475508e+02  3.43999999999999972466e-01  5.00000000000000027756e-02  4.45386666670708279980e+01  1.09999104007093811974e-01
1.17513888888888885731e+02  8.78996482813457902239e+00  9.84829998401278885467e+02  5.42500511590769747272e+01  8.49330864443381756246e+02  2.90949208338501537219e+06  2.25903683341056108475e+06  2.00000000000000000000e+00  2.46426624338619759333e-03  1.57736000010006932825e+02  3.43999999999999972466e-01  5.00000000000000027756e-02  4.47913333341416475264e+01  7.99998560002192216078e-02
1.17520833333333328596e+02  9.28010551558726248800e+00  9.84780071942445829336e+02  5.22397026378904456578e+01  8.48271304285474116114e+02  2.89562050007752282545e+06  2.23830875011584116146e+06  2.00000000000000000000e+00  2.55033436507929624215e-03  1.60863999984109824481e+02  3.44001087965182361650e-01  5.79999942400136470066e-02  4.50440000002655267508e+01  5.00000000000000027756e-02
1.17527777777777771462e+02  9.93004796163159753064e+00  9.84809987210231497556e+02  4.87098976818525954968e+01  6.37029547303845902206e+02  2.63855533381238812581e+06  2.10510454191489983350e+06  2.00000000000000000000e+00  2.56554243386241959818e-03  1.57552666661372199997e+02  3.66667029321711968048e-01  5.00000000000000027756e-02  4.50993333334218036157e+01  1.09999680002533517520e-01
1.17534722222222228538e+02  9.18011191047372676621e+00  9.84720035171863173673e+02  4.88100319744210651152e+01  5.17181783174420388605e+02  2.38149016618761187419e+06  1.97190033308509993367e+06  2.00000000000000000000e+00  2.57900804232805190910e-03  1.54241333338627811145e+02  3.89332970678287981769e-01  5.00000000000000027756e-02  4.51546666665781941674e+01  1.59999232006080405188e-01
1.17541666666666671404e+02  9.47000000000000063949e+00  9.84740057553956717129e+02  5.03600047961630536975e+01  7.31441891905571537791e+02  2.12442499984247563407e+06  1.83869612472176086158e+06  2.00000000000000000000e+00  2.59247365079365689813e-03  1.50930000015890186660e+02  4.11998912034817643679e-01  5.00000000000000027756e-02  4.52099999997344710323e+01  5.00000000000000027756e-02
1.17548611111111114269e+02  9.01001278976924346864e+00  9.84829995203836574547e+02  4.91798161470671217899e+01  3.38154906984113836188e+02  2.09623833322831708938e+06  1.78890937481450731866e+06  2.00000000000000000000e+00  2.68162955555559419374e-03  1.48755333340290405886e+02  3.32002560040954186604e-01  5.00000000000000027756e-02  4.52033333333546636368e+01  5.00000000000000027756e-02
1.17555555555555557135e+02  9.30000000000000071054e+00  9.84899936051159897943e+02  4.81303772981565032296e+01  7.91884931111896776201e+02  2.06805166661415854469e+06  1.73912262490725354291e+06  2.00000000000000000000e+00  2.77460177777781374572e-03  1.46580666670145205899e+02  2.52001280020477058663e-01  5.00000000000000027756e-02  4.51966666666773306815e+01  7.99997440020268069105e-02
1.17562500000000000000e+02  9.94999999999999928946e+00  9.84730000000000018190e+02  4.72700000000000031264e+01  7.90775899999999978718e+02  2.03986500000000000000e+06  1.68933587500000000000e+06  2.00000000000000000000e+00  2.85005380952375831846e-03  1.44406000000000005912e+02  1.71999999999999986233e-01  5.00000000000000027756e-02  4.51899999999999977263e+01  5.00000000000000027756e-02
1.17569444444444442865e+02  1.01500127897680165745e+01  9.84670031974419998733e+02  4.56597122302196112287e+01  8.56736765396881537526e+02  1.78140741714814025909e+06  1.52180820864541595802e+06  2.00000000000000000000e+00  2.69969005291004161481e-03  1.44099999999510544058e+02  1.55333066662400598457e-01  5.00000000000000027756e-02  4.50459999997696627361e+01  5.00000000000000027756e-02
1.17576388888888885731e+02  1.02400335731442648779e+01  9.84630006394884617293e+02  4.48797649879901499048e+01  1.73692115396951834327e+02  1.52294983429628051817e+06  1.35428054229083191603e+06  2.00000000000000000000e+00  2.54932629629632491117e-03  1.43793999999021053782e+02  1.38666133324801210680e-01  5.00000000000000027756e-02  4.49019999995393206405e+01  5.00000000000000027756e-02
1.17583333333333328596e+02  9.89004316546751738315e+00  9.84740028776978306269e+02  4.62299232613910788814e+01  5.31445052378676223270e+02  1.26449225144442054443e+06  1.18675287593624810688e+06  2.00000000000000000000e+00  2.41228714285708504064e-03  1.43488000016872291553e+02  1.22002175930364734069e-01  5.00000000000000027756e-02  4.47580000001535651677e+01  5.00000000000000027756e-02
1.17590277777777771462e+02  9.65997442046314880315e+00  9.84819961630694820087e+02  4.77699328537157654750e+01  1.82248575872995985492e+02  1.30402799992632307112e+06  1.14478083341155061498e+06  2.00000000000000000000e+00  2.53951928571419412173e-03  1.47004000005621691116e+02  1.67334058643423988499e-01  5.00000000000000027756e-02  4.47900000000511653298e+01  5.00000000000000027756e-02
1.17597222222222228538e+02  9.28001918465263742064e+00  9.84720031974421090126e+02  4.85595747401998423243e+01  2.06376156508015299096e+02  1.34356375007367692888e+06  1.10280879158844938502e+06  2.00000000000000000000e+00  2.66675142857156341133e-03  1.50519999994378309793e+02  2.12665941356576015941e-01  5.00000000000000027756e-02  4.48219999999488365461e+01  5.00003519972131507676e-02
1.17604166666666671404e+02  9.50997601918471247018e+00  9.84789966426858541126e+02  4.73498609112713353397e+01  2.10525549523801856822e+02  1.38309949960882822052e+06  1.06083674956751451828e+06  2.00000000000000000000e+00  2.79465357142869496795e-03  1.54035999983127709356e+02  2.57997824069635284250e-01  5.00000000000000027756e-02  4.48539999998464367081e+01  5.00000000000000027756e-02
1.17611111111111114269e+02  9.34001278976924353969e+00  9.84750006394884621841e+02  4.66600511590769713166e+01  2.18713465555564937404e+02  1.31310512473921873607e+06  9.83449916378343012184e+05  2.00000000000000000000e+00  2.94980238095246321758e-03  1.47500666687574153002e+02  2.42000512008190837854e-01  5.00000000000000027756e-02  4.46773333338985167984e+01  5.00000000000000027756e-02
1.17618055555555557135e+02  9.57000639488400928201e+00  9.84760038369304083972e+02  4.55794180655552239045e+01  2.00983465714266770874e+02  1.24311074986960948445e+06  9.06063083189171506092e+05  2.00000000000000000000e+00  3.10495119047623190089e-03  1.40965333343787079912e+02  2.26000256004095401163e-01  5.00000000000000027756e-02  4.45006666669492574329e+01  9.99993600050670117252e-02
1.17625000000000000000e+02  1.02699999999999995737e+01  9.84690000000000054570e+02  4.40700000000000002842e+01  2.62937099999999986721e+02  1.17311637500000000000e+06  8.28676250000000000000e+05  2.00000000000000000000e+00  3.26010000000000015052e-03  1.34430000000000006821e+02  2.09999999999999992228e-01  5.00000000000000027756e-02  4.43239999999999980673e+01  1.40000000000000013323e-01
1.17631944444444442865e+02  1.04700127897680168587e+01  9.84720025579536013538e+02  4.38999808153479733619e+01  4.41469682539301345514e+02  1.55132666596210910939e+06  1.05796554123952984810e+06  2.00000000000000000000e+00  3.24166415343915851818e-03  1.37360666671354493928e+02  2.21333514669567577027e-01  5.00000000000000027756e-02  4.45873333337545503241e+01  8.99996160030401975982e-02
1.17638888888888885731e+02  9.65000479616346673595e+00  9.84819976019182718119e+02  4.98798768984710321206e+01  2.56153551746020639257e+02  1.92953695692421821877e+06  1.28725483247905992903e+06  2.00000000000000000000e+00  3.22322830687831645216e-03  1.40291333342708981036e+02  2.32667029339135161825e-01  5.00000000000000027756e-02  4.48506666675091096863e+01  5.00000000000000027756e-02
1.17645833333333328596e+02  1.00700671462828044156e+01  9.84949956834532486027e+02  4.85297410071949002486e+01  4.71671321427272175697e+02  2.30774724788632709533e+06  1.51654412371859000996e+06  2.00000000000000000000e+00  3.20479246031747481982e-03  1.43222000002911244110e+02  2.44000255991807607492e-01  5.00000000000000027756e-02  4.51140000008829602507e+01  1.10000239997588289409e-01
1.17652777777777771462e+02  1.14500511590737037437e+01  9.84899952038368383000e+02  4.24703357314211800144e+01  7.45918732698511689705e+02  2.08481087541545415297e+06  1.42229720850896765478e+06  2.23176915174861845159e+00  3.31385629629617727010e-03  1.43828666667636667853e+02  2.49333418663932243620e-01  5.00000000000000027756e-02  4.52980000002941949333e+01  5.00000000000000027756e-02
1.17659722222222228538e+02  1.12000639488421285250e+01  9.84700067146284254704e+02  4.28794020783260876328e+01  6.88907901269730473359e+02  1.86187449958454584703e+06  1.32805029149103234522e+06  2.00000000000000000000e+00  3.42605537037045078733e-03  1.44435333332363342151e+02  2.54666581336067787689e-01  5.00000000000000027756e-02  4.54819999997057990981e+01  1.60000031999746661349e-01
1.17666666666666671404e+02  1.12200959232611481298e+01  9.84870009592326141501e+02  4.00799472422063658428e+01  2.35950017138674013495e+02  1.63893812416360503994e+06  1.23380337484111078084e+06  2.05976461748990580247e+00  3.53825444444449532105e-03  1.45041999997088765895e+02  2.59999744008192368305e-01  5.00000000000000027756e-02  4.56659999991170337807e+01  1.49999712002894053375e-01
1.17673611111111114269e+02  1.03799984012788453214e+01  9.85020001598721137270e+02  4.18100463629135106203e+01  3.44760976350971759530e+02  1.48927766610906994902e+06  1.20537249989407369867e+06  2.00000000000000000000e+00  3.36032018518514843941e-03  1.46298666662646411396e+02  2.22667861352445289880e-01  5.00000000000000027756e-02  4.55800000002751275474e+01  7.99999360000974296669e-02
1.17680555555555557135e+02  1.10100575539560754379e+01  9.85239929656275876368e+02  4.10300575539560767879e+01  5.78469041269817012108e+02  1.33961720805453509092e+06  1.17694162494703684933e+06  2.00000000000000000000e+00  3.16775735449736873736e-03  1.47555333331323197399e+02  1.85333930676222641276e-01  5.00000000000000027756e-02  4.54940000001375608463e+01  1.49999872001013390133e-01
1.17687500000000000000e+02  1.12699999999999995737e+01  9.85259999999999990905e+02  3.80600000000000022737e+01  3.52932099999999991269e+02  1.18995675000000000000e+06  1.14851075000000000000e+06  2.00000000000000000000e+00  2.97519452380958946899e-03  1.48812000000000011823e+02  1.47999999999999992673e-01  5.00000000000000027756e-02  4.54080000000000012506e+01  8.99999999999999966693e-02
1.17694444444444442865e+02  1.06800319744200429284e+01  9.85190000000000054570e+02  4.03600319744200390915e+01  3.17409686666751269968e+02  9.44306781707614543848e+05  9.46761625375832896680e+05  2.00000000000000000000e+00  3.07333444444439756599e-03  1.49000666666968442087e+02  1.57333482669055640946e-01  5.00000000000000027756e-02  4.52426666664022008035e+01  9.00003839969597957404e-02
1.17701388888888885731e+02  1.03200175859327103467e+01  9.85300012789769198207e+02  4.55597090327497085127e+01  1.33851392857224254840e+02  6.98656813415229087695e+05  7.45012500751665793359e+05  2.00000000000000000000e+00  3.19402888888883863469e-03  1.49189333333936900772e+02  1.66666965338111316974e-01  5.00000000000000027756e-02  4.50773333328044074619e+01  9.99999520000730834912e-02
1.17708333333333328596e+02  8.65997601918471282545e+00  9.85720000000000027285e+02  5.21202302158267514187e+01  1.47511318571343423400e+02  4.53006845122843747959e+05  5.43263376127498690039e+05  7.62478123483760228396e+00  3.29734825396836355935e-03  1.49377999995492388052e+02  1.75999104028673331035e-01  5.00000000000000027756e-02  4.49119999971879479972e+01  5.00000000000000027756e-02
1.17715277777777771462e+02  8.42000639488421320777e+00  9.85709984012789504959e+02  5.32400447641894913886e+01  1.82260644444446512580e+02  4.58020041657324298285e+05  5.33378760435087140650e+05  2.00000000000000000000e+00  3.05606187830705219519e-03  1.48438666665164760161e+02  1.57333034676237160099e-01  5.00000000000000027756e-02  4.43259999990630504385e+01  5.00000000000000027756e-02
1.17722222222222228538e+02  8.39999040767368043703e+00  9.85659984012789436747e+02  5.36099680255789365901e+01  1.37748304761766434012e+02  4.63033239592675701715e+05  5.23494145814912801143e+05  2.00000000000000000000e+00  2.81477550264524686852e-03  1.47499333334835228015e+02  1.38666965323762825246e-01  5.00000000000000027756e-02  4.37400000009369520626e+01  5.00000000000000027756e-02
1.17729166666666671404e+02  8.19003357314140068013e+00  9.85879923261391127198e+02  5.61295395683464946046e+01  2.04941683809693245166e+02  4.68046437187068688218e+05  5.13609531037418812048e+05  2.00000000000000000000e+00  2.58014587301590202564e-03  1.46560000004507600124e+02  1.20000895971326654310e-01  5.00000000000000027756e-02  4.31540000028120545039e+01  5.00000000000000027756e-02
1.17736111111111114269e+02  8.01999200639422227255e+00  9.85790017585932673683e+02  6.12001614708367043249e+01  2.18390974760821222844e+02  4.12052031041379086673e+05  4.75571291524945874698e+05  2.00000000000000000000e+00  2.61622391534393474929e-03  1.47187333331326414054e+02  1.30666325327872756557e-01  5.00000000000000027756e-02  4.26466666682897042051e+01  9.00001279998051406661e-02
1.17743055555555557135e+02  7.75991686650788992097e+00  9.86069936051159970702e+02  6.50402238209402980829e+01  2.07879216190338922843e+02  3.56057624895689543337e+05  4.37533052012472937349e+05  5.07337992487312217094e+00  2.65230195767196747295e-03  1.47814666665663196454e+02  1.41333162663936390269e-01  5.00000000000000027756e-02  4.21393333341448510510e+01  6.00000639994932999377e-02
1.17750000000000000000e+02  7.92999999999999971578e+00  9.85990000000000009095e+02  6.61200000000000045475e+01  1.42762000000000000455e+02  3.00063218750000000000e+05  3.99494812500000000000e+05  2.64332175520729784068e+00  2.68838000000000019660e-03  1.48442000000000007276e+02  1.51999999999999996225e-01  5.00000000000000027756e-02  4.16319999999999978968e+01  5.00000000000000027756e-02
1.17756944444444442865e+02  7.69000000000000039080e+00  9.86159961630695875101e+02  6.82298337330157806946e+01  2.05825774285754903303e+02  2.54188317793792404700e+05  3.56063781330906494986e+05  2.11983204099082689353e+00  2.69168687830687730633e-03  1.47160666664617082233e+02  1.41333162663936390269e-01  5.00000000000000027756e-02  4.13246666661750623462e+01  5.00000000000000027756e-02
1.17763888888888885731e+02  7.26000639488462162774e+00  9.86340012789769275514e+02  7.06299856115095963105e+01  6.98675914603141166026e+01  2.08313416837584838504e+05  3.12632750161812931765e+05  2.65864517558045498902e+00  2.69499375661375484975e-03  1.45879333329234157191e+02  1.30666325327872756557e-01  5.00000000000000027756e-02  4.10173333323501267955e+01  5.00000000000000027756e-02
1.17770833333333328596e+02  6.95000000000000017764e+00  9.86629937649880275785e+02  7.27300719424458605999e+01  5.76953983809685908568e+01  1.62438515881377272308e+05  2.69201718992719426751e+05  2.00000000000000000000e+00  2.69830063492063195948e-03  1.44597999996151429514e+02  1.20001215961086163397e-01  5.00000000000000027756e-02  4.07099999998592352313e+01  5.00000000000000027756e-02
1.17777777777777771462e+02  6.79000639488421331436e+00  9.86520025579536877558e+02  7.39199200639473446017e+01  6.00258839682820735106e+01  1.89969953073693672195e+05  2.49836562536088022171e+05  2.00000000000000000000e+00  2.94932238095210828149e-03  1.43795999998717690005e+02  1.45333738653678101738e-01  5.00000000000000027756e-02  4.06806666666197642712e+01  6.00000959992399440779e-02
1.17784722222222228538e+02  6.73000639488421370515e+00  9.86540060751400005756e+02  7.45899648281368286007e+01  9.09388344756793003398e+01  2.17501390676306327805e+05  2.30471406213911977829e+05  2.00000000000000000000e+00  3.20643547619066122262e-03  1.42994000001282330459e+02  1.70666261346321901371e-01  5.00000000000000027756e-02  4.06513333333802364677e+01  5.00000000000000027756e-02
1.17791666666666671404e+02  6.93999520383694257220e+00  9.86829918465228047353e+02  7.37600239808152906562e+01  1.16927896190449772007e+02  2.45032828056225116597e+05  2.11106250001084321411e+05  2.00000000000000000000e+00  3.46354857142868854253e-03  1.42192000003848590950e+02  1.95998784038913825833e-01  5.00000000000000027756e-02  4.06220000001407655077e+01  5.00000000000000027756e-02
1.17798611111111114269e+02  6.96000479616346634515e+00  9.86780001598721128175e+02  7.40699936051153713379e+01  9.76958741904571184023e+01  2.32726583287483401364e+05  2.11300270834056194872e+05  2.15050731043420162436e+00  3.21165711111099597824e-03  1.41817333334531952005e+02  2.16666005322753513207e-01  5.00000000000000027756e-02  4.01180000016123727846e+01  5.00000000000000027756e-02
1.17805555555555557135e+02  7.04003836930405135774e+00  9.86850089528376088310e+02  7.33901087130281410964e+01  8.67841531428592389830e+01  2.20420338518741715234e+05  2.11494291667028097436e+05  2.02256338290951065417e+00  2.93410155555544815628e-03  1.41442666667265996239e+02  2.37333002661376746278e-01  5.00000000000000027756e-02  3.96140000008061861081e+01  5.00000000000000027756e-02
1.17812500000000000000e+02  6.83000000000000007105e+00  9.87000000000000000000e+02  7.24599999999999937472e+01  7.05562900000000041700e+01  2.08114093750000000000e+05  2.11688312500000000000e+05  2.02043606056690716599e+00  2.67608428571428341031e-03  1.41068000000000012051e+02  2.58000000000000007105e-01  5.00000000000000027756e-02  3.91099999999999994316e+01  5.00000000000000027756e-02
1.17819444444444442865e+02  6.67993605115991506693e+00  9.87129872102319836813e+02  7.47097569944076695947e+01  2.28750697460346934520e+01  2.03888885424537700601e+05  2.00508541687493154313e+05  2.29326299511041886703e+00  2.66989380952380910353e-03  1.41402000000534258106e+02  2.45333130663424464624e-01  5.00000000000000027756e-02  3.77346666644667223522e+01  5.00000000000000027756e-02
1.17826388888888885731e+02  6.61002398081733222313e+00  9.87099977617903846294e+02  7.48399984012788479504e+01  1.39215500793720856620e+01  1.99663677099075372098e+05  1.89328770874986308627e+05  3.96250964823883933263e+00  2.66370333333333436307e-03  1.41736000001068504162e+02  2.32666261326848922142e-01  5.00000000000000027756e-02  3.63593333289334381675e+01  5.00000000000000027756e-02
1.17833333333333328596e+02  6.41998081534777043089e+00  9.87199980815347771568e+02  7.24302685851312162413e+01  1.50813991904770983155e+01  1.95438468773613072699e+05  1.78149000062479462940e+05  2.00000000000000000000e+00  2.65822650793650413353e-03  1.42070000001001318424e+02  2.19999744008192388289e-01  5.00000000000000027756e-02  3.49840000022618013986e+01  1.09999856001447030018e-01
1.17840277777777771462e+02  6.28000319744210688810e+00  9.87249952038368405738e+02  7.22300415667473885151e+01  9.60383617778946963028e+00  1.81408958359478099737e+05  1.43311190169088833500e+05  3.60600983822548393221e+00  2.66690375661375036684e-03  1.42278666667000294410e+02  2.14666581336067752162e-01  5.00000000000000027756e-02  3.54553333340869443191e+01  5.00000000000000027756e-02
1.17847222222222228538e+02  6.02998401278946793980e+00  9.87279990407673608388e+02  7.23401438848948004079e+01  3.66403729205628891918e+00  1.67379447890521900263e+05  1.08473380143411166500e+05  2.43179647006155486011e+00  2.67558100529101438106e-03  1.42487333332999696722e+02  2.09333418663932235848e-01  5.00000000000000027756e-02  3.59266666659130606831e+01  1.29999392004813668633e-01
1.17854166666666671404e+02  5.73001438848917299396e+00  9.87359966426858591149e+02  7.43099712230216624675e+01  1.02718320475921065515e+00  1.53349937372971384320e+05  7.36355703501283715013e+04  7.95101507136690699440e+00  2.68375722222221257604e-03  1.42695999998998672709e+02  2.04000255991807599720e-01  5.00000000000000027756e-02  3.63979999977382036036e+01  5.00000000000000027756e-02
1.17861111111111114269e+02  5.98999840127884475294e+00  9.87420006394884580914e+02  7.54600111910480819688e+01  -3.61121015874501183340e-01  1.30620057206980927731e+05  8.03686067959189094836e+04  2.00000000000000000000e+00  2.67155814814814141639e-03  1.41236666671335285628e+02  1.84000640010238525335e-01  5.00000000000000027756e-02  3.74686666632414500100e+01  6.00001599997564208366e-02
1.17868055555555557135e+02  6.22002557953603396612e+00  9.87450031974420085135e+02  7.64199808153479693829e+01  -1.11356414603202913405e+00  1.07890177040990471141e+05  8.71016432417094474658e+04  4.22096155324537303244e+00  2.65935907407407069042e-03  1.39777333335667663050e+02  1.64000320005119271105e-01  5.00000000000000027756e-02  3.85393333316207247208e+01  5.00000000000000027756e-02
1.17875000000000000000e+02  5.91000000000000014211e+00  9.87620000000000004547e+02  7.55100000000000051159e+01  -1.16780799999999995720e+00  8.51602968750000000000e+04  9.38346796875000000000e+04  2.25524254645323551927e+00  2.64715999999999996445e-03  1.38318000000000012051e+02  1.43999999999999989120e-01  5.00000000000000027756e-02  3.96099999999999994316e+01  5.00000000000000027756e-02
1.17881944444444442865e+02  5.42005115907206747039e+00  9.87600019184652069271e+02  7.48899296562759104745e+01  -1.32405799999999995720e+00  8.28192682335277058883e+04  8.45994271005374321248e+04  4.84224047006748747890e+00  2.64512957671957744596e-03  1.38830666667486724464e+02  1.43333322666496010278e-01  5.00000000000000027756e-02  3.82633333311792398490e+01  5.00000000000000027756e-02
1.17888888888888885731e+02  5.62000159872115556681e+00  9.87769984012788427208e+02  7.59500351718654229671e+01  -1.27914057619065935079e+00  8.04782395920554117765e+04  7.53641745135748642497e+04  2.95049604273004106858e+00  2.64309915343915449379e-03  1.39343333334973436877e+02  1.42666645332992031436e-01  5.00000000000000027756e-02  3.69166666623584802664e+01  1.39999840000243597204e-01
1.17895833333333328596e+02  5.35000959232611439376e+00  9.87769956834532422363e+02  7.51997218225426706795e+01  -9.77729885713233715094e-01  7.81372109505831176648e+04  6.61289219266122963745e+04  2.16774792413278394321e+00  2.64106873015873197530e-03  1.39856000008618508446e+02  1.42000607980543064324e-01  5.00000000000000027756e-02  3.55699999944494820170e+01  1.09999616003858741164e-01
1.17902777777777771462e+02  5.21016626698953722041e+00  9.87700031974421108316e+02  7.47699296562736464011e+01  -1.28960814920512834014e+00  8.36653124896980880294e+04  5.14413776315377108403e+04  4.57284914530289476886e+00  2.92704222222191137032e-03  1.41652000002871602646e+02  1.54666869326839040433e-01  5.00000000000000027756e-02  3.44133333314839475747e+01  5.00000000000000027756e-02
1.17909722222222228538e+02  5.62005115907370367268e+00  9.87909984012789436747e+02  7.51399904076736788738e+01  -1.21850529840866972364e+00  8.91934140728019119706e+04  3.67538333059622964356e+04  6.40655142151952272656e+00  3.22009777777798903917e-03  1.43447999997128391669e+02  1.67333130673160940249e-01  5.00000000000000027756e-02  3.32566666685160541306e+01  5.00000000000000027756e-02
1.17916666666666671404e+02  4.66998561151082736131e+00  9.87930023980815235518e+02  7.55199712230216562148e+01  2.32041380952329651111e-01  9.47215155495075887302e+04  2.20662890543147586868e+04  2.00000000000000000000e+00  3.51315333333346692737e-03  1.45243999991381485870e+02  1.79999392019456916358e-01  5.00000000000000027756e-02  3.21000000055505196883e+01  1.59999616003858757818e-01
1.17923611111111114269e+02  3.52995523580764736238e+00  9.88089988808951943611e+02  8.06799856115096076792e+01  -7.67669912699124878941e-01  8.12132720850883924868e+04  2.06016621039181736705e+04  2.00000000000000000000e+00  3.46617111111109914984e-03  1.47850666658327554615e+02  2.01332650655745543089e-01  5.00000000000000027756e-02  3.35999999952012800009e+01  5.00000000000000027756e-02
1.17930555555555557135e+02  3.93989768185586441973e+00  9.87990044764188041881e+02  7.57702174260562912878e+01  -9.73207666666598525396e-01  6.77050286206691962434e+04  1.91370351535215886543e+04  9.27214149231391004946e+00  3.40204412698413187835e-03  1.50457333329163759572e+02  2.22666325327872782758e-01  5.00000000000000027756e-02  3.50999999976006407110e+01  8.99996800025334997564e-02
1.17937500000000000000e+02  4.00000000000000000000e+00  9.88200000000000045475e+02  7.93499999999999943157e+01  -1.45034200000000002007e+00  5.41967851562500000000e+04  1.76724082031250000000e+04  6.17540611151237861520e+00  3.33791714285716460686e-03  1.53063999999999992951e+02  2.43999999999999994671e-01  5.00000000000000027756e-02  3.66000000000000014211e+01  5.00000000000000027756e-02
1.17944444444444442865e+02  4.17995523581194028395e+00  9.88219936051159947965e+02  8.14510231814413572238e+01  -1.74131650793490377893e+00  6.72580025798352871789e+04  1.48283108776940243843e+04  5.81755109053624508419e+00  3.33851355555555336790e-03  1.50277333328875840834e+02  2.48666741334527818807e-01  5.00000000000000027756e-02  3.66986666668244936318e+01  1.39999424004560307777e-01
1.17951388888888885731e+02  4.09999360511537780383e+00  9.88050003197442265446e+02  7.84803996802888690354e+01  -1.72441013015930000307e+00  8.03192200034205743577e+04  1.19842135522630487685e+04  6.99518422859512511991e+00  3.34413161111110895235e-03  1.47490666657751717139e+02  2.53333482669055642944e-01  5.00000000000000027756e-02  3.67973333336489858425e+01  2.19999824000267962809e-01
1.17958333333333328596e+02  4.48992805755413915136e+00  9.88170033573141381567e+02  7.70403836930446033193e+01  -2.46790435714067646344e+00  9.33804374270058469847e+04  9.14011622683207133377e+03  8.50436069819936157899e+00  3.35333539682536058840e-03  1.44704000014562524257e+02  2.57998656043010032857e-01  5.00000000000000027756e-02  3.68959999993665661577e+01  5.00000000000000027756e-02
1.17965277777777771462e+02  3.42998401278946785098e+00  9.88179999999999949978e+02  8.54499936051157931161e+01  -2.37067823174578728995e+00  8.70025442827188817319e+04  1.78499120931438192201e+04  1.08118536584797091393e+01  3.43365616402110636687e-03  1.47738666671518785733e+02  2.29999552014355762575e-01  5.00000000000000027756e-02  3.67639999997889503902e+01  6.99997760017734560467e-02
1.17972222222222228538e+02  3.62998401278946758453e+00  9.88210000000000036380e+02  8.46899424460420817695e+01  -3.04237312380691937719e+00  8.06246510297811182681e+04  2.65597080240436807799e+04  1.05706516395465506264e+01  3.51397693121701651039e-03  1.50773333328481214721e+02  2.02000447985644204785e-01  5.00000000000000027756e-02  3.66320000002110504056e+01  5.00000000000000027756e-02
1.17979166666666671404e+02  3.55998561151082792975e+00  9.88229961630695584063e+02  8.34199328537171993503e+01  -2.92564658095096952195e+00  7.42467578774633730063e+04  3.52695039841332400101e+04  9.46408214286771887203e+00  3.58757599206333335773e-03  1.53807999985437476198e+02  1.74001343956989962258e-01  5.00000000000000027756e-02  3.65000000006334346381e+01  5.00000000000000027756e-02
1.17986111111111114269e+02  3.46999040767306743405e+00  9.88299993605115332684e+02  8.29900143884903940261e+01  -1.45242184444407818056e+00  8.58709870224755868549e+04  4.92055521352554933401e+04  8.36644684924334391951e+00  3.38782566137555557484e-03  1.51163333341794015041e+02  1.75999935998976148044e-01  5.00000000000000027756e-02  3.77753333292533568510e+01  6.99998400002435905431e-02
1.17993055555555557135e+02  3.65998721023198303470e+00  9.88269929656275849084e+02  8.16900895283761201426e+01  1.82581841277023038117e-02  9.74952161674877861515e+04  6.31416002863777539460e+04  9.20261480409176257922e+00  3.18807533068777779195e-03  1.48518666670897005133e+02  1.77999967999488056813e-01  5.00000000000000027756e-02  3.90506666646266751286e+01  5.00000000000000027756e-02
1.18000000000000000000e+02  3.87000000000000010658e+00  9.88090000000000031832e+02  7.89200000000000017053e+01  5.87328999999999989967e-01  1.09119445312500000000e+05  7.70776484375000000000e+04  2.08846648421798652961e+00  2.98832500000000000906e-03  1.45873999999999995225e+02  1.79999999999999993339e-01  5.00000000000000027756e-02  4.03260000000000005116e+01  1.00000000000000005551e-01
