      9.600000000000e+01      5.729429197168e-01      7.631605718500e-02      3.013943523131e-01      6.019746727386e-01      9.744877737735e-01      3.328340300196e-01      5.690377704419e-02      3.642967528792e-02      1.010198593546e-01      1.904518722262e-01      7.174935376912e-02      5.207127756230e-02      1.342386855935e-01      8.875157873594e-02
      9.600694444444e+01      5.603126031759e-01      7.603161734223e-02      2.982470708456e-01      5.948895983571e-01      9.572071224946e-01      3.287803353235e-01      5.585679267279e-02      3.561400597975e-02      9.976512883048e-02      1.872610462514e-01      6.932812016325e-02      5.134431082225e-02      1.316603925327e-01      8.515116595020e-02
      9.601388888889e+01      5.476822866350e-01      7.574717749947e-02      2.950997893781e-01      5.878045239755e-01      9.399264712158e-01      3.247266406275e-01      5.480980830139e-02      3.479833667157e-02      9.851039830637e-02      1.840702202765e-01      6.690688655738e-02      5.061734408221e-02      1.290820994719e-01      8.155075316446e-02
      9.602083333333e+01      5.350519700942e-01      7.546273765670e-02      2.919525079106e-01      5.807194495940e-01      9.226458199370e-01      3.206729459315e-01      5.376282392999e-02      3.398266736340e-02      9.725566778227e-02      1.808793943017e-01      6.448565295151e-02      4.989037734217e-02      1.265038064111e-01      7.795034037873e-02
      9.602777777778e+01      5.224216535533e-01      7.517829781393e-02      2.888052264431e-01      5.736343752124e-01      9.053651686582e-01      3.166192512355e-01      5.271583955859e-02      3.316699805522e-02      9.600093725816e-02      1.776885683269e-01      6.206441934564e-02      4.916341060213e-02      1.239255133503e-01      7.434992759299e-02
      9.603472222222e+01      5.097913370124e-01      7.489385797116e-02      2.856579449756e-01      5.665493008309e-01      8.880845173793e-01      3.125655565395e-01      5.166885518718e-02      3.235132874704e-02      9.474620673405e-02      1.744977423520e-01      5.964318573977e-02      4.843644386209e-02      1.213472202895e-01      7.074951480724e-02
      9.604166666667e+01      4.971610204715e-01      7.460941812840e-02      2.825106635080e-01      5.594642264493e-01      8.708038661005e-01      3.085118618435e-01      5.062187081578e-02      3.153565943887e-02      9.349147620994e-02      1.713069163772e-01      5.722195213390e-02      4.770947712204e-02      1.187689272287e-01      6.714910202151e-02
      9.604861111111e+01      4.845307039306e-01      7.432497828563e-02      2.793633820405e-01      5.523791520678e-01      8.535232148217e-01      3.044581671474e-01      4.957488644438e-02      3.071999013069e-02      9.223674568583e-02      1.681160904023e-01      5.480071852803e-02      4.698251038200e-02      1.161906341679e-01      6.354868923577e-02
      9.605555555556e+01      4.719003873897e-01      7.404053844286e-02      2.762161005730e-01      5.452940776862e-01      8.362425635429e-01      3.004044724514e-01      4.852790207297e-02      2.990432082252e-02      9.098201516172e-02      1.649252644275e-01      5.237948492216e-02      4.625554364196e-02      1.136123411071e-01      5.994827645003e-02
      9.606250000000e+01      4.592700708489e-01      7.375609860009e-02      2.730688191055e-01      5.382090033047e-01      8.189619122640e-01      2.963507777554e-01      4.748091770157e-02      2.908865151434e-02      8.972728463761e-02      1.617344384526e-01      4.995825131629e-02      4.552857690192e-02      1.110340480464e-01      5.634786366429e-02
      9.606944444444e+01      4.466397543080e-01      7.347165875733e-02      2.699215376380e-01      5.311239289231e-01      8.016812609852e-01      2.922970830594e-01      4.643393333017e-02      2.827298220616e-02      8.847255411350e-02      1.585436124778e-01      4.753701771042e-02      4.480161016188e-02      1.084557549856e-01      5.274745087856e-02
      9.607638888889e+01      4.340094377671e-01      7.318721891456e-02      2.667742561705e-01      5.240388545416e-01      7.844006097064e-01      2.882433883634e-01      4.538694895877e-02      2.745731289799e-02      8.721782358939e-02      1.553527865030e-01      4.511578410455e-02      4.407464342183e-02      1.058774619248e-01      4.914703809282e-02
      9.608333333333e+01      4.213791212262e-01      7.290277907179e-02      2.636269747030e-01      5.169537801600e-01      7.671199584276e-01      2.841896936674e-01      4.433996458737e-02      2.664164358981e-02      8.596309306528e-02      1.521619605281e-01      4.269455049868e-02      4.334767668179e-02      1.032991688640e-01      4.554662530708e-02
      9.609027777778e+01      4.087488046854e-01      7.261833922903e-02      2.604796932355e-01      5.098687057785e-01      7.498393071487e-01      2.801359989713e-01      4.329298021596e-02      2.582597428164e-02      8.470836254118e-02      1.489711345533e-01      4.027331689281e-02      4.262070994175e-02      1.007208758032e-01      4.194621252134e-02
      9.609722222222e+01      3.961184881445e-01      7.233389938626e-02      2.573324117680e-01      5.027836313969e-01      7.325586558699e-01      2.760823042753e-01      4.224599584456e-02      2.501030497346e-02      8.345363201706e-02      1.457803085784e-01      3.785208328694e-02      4.189374320171e-02      9.814258274237e-02      3.834579973560e-02
      9.610416666667e+01      3.834881716036e-01      7.204945954349e-02      2.541851303005e-01      4.956985570153e-01      7.152780045911e-01      2.720286095793e-01      4.119901147316e-02      2.419463566528e-02      8.219890149296e-02      1.425894826036e-01      3.543084968107e-02      4.116677646167e-02      9.556428968157e-02      3.474538694986e-02
      9.611111111111e+01      3.708578550627e-01      7.176501970072e-02      2.510378488330e-01      4.886134826338e-01      6.979973533122e-01      2.679749148833e-01      4.015202710175e-02      2.337896635711e-02      8.094417096885e-02      1.393986566287e-01      3.300961607520e-02      4.043980972162e-02      9.298599662078e-02      3.114497416412e-02
      9.611805555556e+01      3.582275385218e-01      7.148057985796e-02      2.478905673655e-01      4.815284082522e-01      6.807167020334e-01      2.639212201873e-01      3.910504273035e-02      2.256329704893e-02      7.968944044474e-02      1.362078306539e-01      3.058838246933e-02      3.971284298158e-02      9.040770355998e-02      2.754456137839e-02
      9.612500000000e+01      3.466649281286e-01      7.051797072890e-02      2.449417487908e-01      4.775479654957e-01      6.686811350096e-01      2.612101251207e-01      3.913898445525e-02      2.224803669363e-02      7.876099772569e-02      1.341515336421e-01      3.027391330999e-02      3.910607508705e-02      8.949877934594e-02      2.767777439096e-02
      9.613194444444e+01      3.358412209747e-01      6.908603632389e-02      2.421302759406e-01      4.757160749128e-01      6.602754147884e-01      2.594281726065e-01      3.992097825017e-02      2.227908304176e-02      7.805836162638e-02      1.328803844238e-01      3.141742496052e-02      3.858249048831e-02      8.974513746409e-02      3.039483334517e-02
      9.613888888889e+01      3.250175138208e-01      6.765410191888e-02      2.393188030903e-01      4.738841843298e-01      6.518696945671e-01      2.576462200923e-01      4.070297204509e-02      2.231012938990e-02      7.735572552707e-02      1.316092352055e-01      3.256093661105e-02      3.805890588957e-02      8.999149558224e-02      3.311189229938e-02
      9.614583333333e+01      3.141938066668e-01      6.622216751386e-02      2.365073302401e-01      4.720522937469e-01      6.434639743459e-01      2.558642675781e-01      4.148496584001e-02      2.234117573803e-02      7.665308942776e-02      1.303380859871e-01      3.370444826158e-02      3.753532129084e-02      9.023785370039e-02      3.582895125359e-02
      9.615277777778e+01      3.033700995129e-01      6.479023310885e-02      2.336958573899e-01      4.702204031640e-01      6.350582541247e-01      2.540823150639e-01      4.226695963493e-02      2.237222208616e-02      7.595045332845e-02      1.290669367688e-01      3.484795991211e-02      3.701173669210e-02      9.048421181853e-02      3.854601020780e-02
      9.615972222222e+01      2.925463923589e-01      6.335829870383e-02      2.308843845397e-01      4.683885125811e-01      6.266525339034e-01      2.523003625497e-01      4.304895342985e-02      2.240326843429e-02      7.524781722914e-02      1.277957875504e-01      3.599147156264e-02      3.648815209336e-02      9.073056993668e-02      4.126306916202e-02
      9.616666666667e+01      2.817226852050e-01      6.192636429882e-02      2.280729116894e-01      4.665566219981e-01      6.182468136822e-01      2.505184100355e-01      4.383094722477e-02      2.243431478242e-02      7.454518112983e-02      1.265246383321e-01      3.713498321317e-02      3.596456749462e-02      9.097692805483e-02      4.398012811623e-02
      9.617361111111e+01      2.708989780511e-01      6.049442989381e-02      2.252614388392e-01      4.647247314152e-01      6.098410934609e-01      2.487364575213e-01      4.461294101969e-02      2.246536113056e-02      7.384254503052e-02      1.252534891137e-01      3.827849486370e-02      3.544098289588e-02      9.122328617298e-02      4.669718707044e-02
      9.618055555556e+01      2.600752708971e-01      5.906249548880e-02      2.224499659890e-01      4.628928408323e-01      6.014353732397e-01      2.469545050071e-01      4.539493481461e-02      2.249640747869e-02      7.313990893121e-02      1.239823398954e-01      3.942200651422e-02      3.491739829714e-02      9.146964429113e-02      4.941424602465e-02
      9.618750000000e+01      2.492515637432e-01      5.763056108378e-02      2.196384931387e-01      4.610609502494e-01      5.930296530185e-01      2.451725524929e-01      4.617692860954e-02      2.252745382682e-02      7.243727283190e-02      1.227111906770e-01      4.056551816475e-02      3.439381369840e-02      9.171600240928e-02      5.213130497887e-02
      9.619444444444e+01      2.384278565893e-01      5.619862667877e-02      2.168270202885e-01      4.592290596664e-01      5.846239327972e-01      2.433905999787e-01      4.695892240446e-02      2.255850017495e-02      7.173463673259e-02      1.214400414587e-01      4.170902981528e-02      3.387022909966e-02      9.196236052743e-02      5.484836393308e-02
      9.620138888889e+01      2.276041494354e-01      5.476669227376e-02      2.140155474383e-01      4.573971690835e-01      5.762182125760e-01      2.416086474645e-01      4.774091619938e-02      2.258954652308e-02      7.103200063328e-02      1.201688922403e-01      4.285254146581e-02      3.334664450093e-02      9.220871864558e-02      5.756542288729e-02
      9.620833333333e+01      2.167804422814e-01      5.333475786874e-02      2.112040745881e-01      4.555652785006e-01      5.678124923547e-01      2.398266949503e-01      4.852290999430e-02      2.262059287121e-02      7.032936453397e-02      1.188977430220e-01      4.399605311634e-02      3.282305990219e-02      9.245507676373e-02      6.028248184150e-02
      9.621527777778e+01      2.059567351275e-01      5.190282346373e-02      2.083926017378e-01      4.537333879177e-01      5.594067721335e-01      2.380447424361e-01      4.930490378922e-02      2.265163921935e-02      6.962672843466e-02      1.176265938036e-01      4.513956476687e-02      3.229947530345e-02      9.270143488187e-02      6.299954079571e-02
      9.622222222222e+01      1.951330279735e-01      5.047088905871e-02      2.055811288876e-01      4.519014973347e-01      5.510010519122e-01      2.362627899219e-01      5.008689758414e-02      2.268268556748e-02      6.892409233535e-02      1.163554445853e-01      4.628307641740e-02      3.177589070471e-02      9.294779300002e-02      6.571659974993e-02
      9.622916666667e+01      1.843093208196e-01      4.903895465370e-02      2.027696560374e-01      4.500696067518e-01      5.425953316910e-01      2.344808374077e-01      5.086889137906e-02      2.271373191561e-02      6.822145623604e-02      1.150842953669e-01      4.742658806793e-02      3.125230610597e-02      9.319415111817e-02      6.843365870414e-02
      9.623611111111e+01      1.734856136657e-01      4.760702024869e-02      1.999581831871e-01      4.482377161689e-01      5.341896114698e-01      2.326988848935e-01      5.165088517398e-02      2.274477826374e-02      6.751882013673e-02      1.138131461486e-01      4.857009971846e-02      3.072872150723e-02      9.344050923632e-02      7.115071765835e-02
      9.624305555556e+01      1.626619065117e-01      4.617508584368e-02      1.971467103369e-01      4.464058255859e-01      5.257838912485e-01      2.309169323793e-01      5.243287896890e-02      2.277582461187e-02      6.681618403742e-02      1.125419969302e-01      4.971361136899e-02      3.020513690849e-02      9.368686735447e-02      7.386777661256e-02
      9.625000000000e+01      1.598386609927e-01      4.563767883760e-02      1.943441840987e-01      4.462312779631e-01      5.221611760456e-01      2.297567792208e-01      5.249655209472e-02      2.276766516668e-02      6.627132786747e-02      1.117142518051e-01      5.001281443409e-02      3.016166225558e-02      9.334273668129e-02      7.438725121143e-02
      9.625694444444e+01      1.626676187447e-01      4.573224170039e-02      1.915479785045e-01      4.472276176876e-01      5.219175804289e-01      2.290359177573e-01      5.205274270005e-02      2.273180743063e-02      6.583794079436e-02      1.111997648619e-01      4.971552645079e-02      3.045737790570e-02      9.258143474598e-02      7.335416621455e-02
      9.626388888889e+01      1.654965764967e-01      4.582680456319e-02      1.887517729102e-01      4.482239574121e-01      5.216739848122e-01      2.283150562937e-01      5.160893330538e-02      2.269594969458e-02      6.540455372126e-02      1.106852779186e-01      4.941823846749e-02      3.075309355582e-02      9.182013281066e-02      7.232108121766e-02
      9.627083333333e+01      1.683255342488e-01      4.592136742598e-02      1.859555673160e-01      4.492202971365e-01      5.214303891955e-01      2.275941948302e-01      5.116512391070e-02      2.266009195853e-02      6.497116664815e-02      1.101707909754e-01      4.912095048419e-02      3.104880920594e-02      9.105883087535e-02      7.128799622077e-02
      9.627777777778e+01      1.711544920008e-01      4.601593028877e-02      1.831593617218e-01      4.502166368610e-01      5.211867935789e-01      2.268733333666e-01      5.072131451603e-02      2.262423422248e-02      6.453777957505e-02      1.096563040322e-01      4.882366250089e-02      3.134452485606e-02      9.029752894003e-02      7.025491122389e-02
      9.628472222222e+01      1.739834497528e-01      4.611049315157e-02      1.803631561275e-01      4.512129765854e-01      5.209431979622e-01      2.261524719030e-01      5.027750512136e-02      2.258837648644e-02      6.410439250194e-02      1.091418170889e-01      4.852637451759e-02      3.164024050618e-02      8.953622700471e-02      6.922182622700e-02
      9.629166666667e+01      1.768124075049e-01      4.620505601436e-02      1.775669505333e-01      4.522093163099e-01      5.206996023455e-01      2.254316104395e-01      4.983369572668e-02      2.255251875039e-02      6.367100542884e-02      1.086273301457e-01      4.822908653429e-02      3.193595615630e-02      8.877492506940e-02      6.818874123011e-02
      9.629861111111e+01      1.796413652569e-01      4.629961887716e-02      1.747707449391e-01      4.532056560344e-01      5.204560067289e-01      2.247107489759e-01      4.938988633201e-02      2.251666101434e-02      6.323761835574e-02      1.081128432025e-01      4.793179855098e-02      3.223167180642e-02      8.801362313408e-02      6.715565623323e-02
      9.630555555556e+01      1.824703230089e-01      4.639418173995e-02      1.719745393448e-01      4.542019957588e-01      5.202124111122e-01      2.239898875124e-01      4.894607693734e-02      2.248080327829e-02      6.280423128263e-02      1.075983562592e-01      4.763451056768e-02      3.252738745654e-02      8.725232119877e-02      6.612257123634e-02
      9.631250000000e+01      1.852992807610e-01      4.648874460275e-02      1.691783337506e-01      4.551983354833e-01      5.199688154955e-01      2.232690260488e-01      4.850226754266e-02      2.244494554224e-02      6.237084420953e-02      1.070838693160e-01      4.733722258438e-02      3.282310310666e-02      8.649101926345e-02      6.508948623945e-02
      9.631944444444e+01      1.881282385130e-01      4.658330746554e-02      1.663821281564e-01      4.561946752077e-01      5.197252198789e-01      2.225481645853e-01      4.805845814799e-02      2.240908780620e-02      6.193745713642e-02      1.065693823727e-01      4.703993460108e-02      3.311881875678e-02      8.572971732814e-02      6.405640124257e-02
      9.632638888889e+01      1.909571962650e-01      4.667787032833e-02      1.635859225621e-01      4.571910149322e-01      5.194816242622e-01      2.218273031217e-01      4.761464875332e-02      2.237323007015e-02      6.150407006332e-02      1.060548954295e-01      4.674264661778e-02      3.341453440689e-02      8.496841539282e-02      6.302331624568e-02
      9.633333333333e+01      1.937861540171e-01      4.677243319113e-02      1.607897169679e-01      4.581873546566e-01      5.192380286455e-01      2.211064416582e-01      4.717083935864e-02      2.233737233410e-02      6.107068299021e-02      1.055404084863e-01      4.644535863448e-02      3.371025005701e-02      8.420711345751e-02      6.199023124879e-02
      9.634027777778e+01      1.966151117691e-01      4.686699605392e-02      1.579935113737e-01      4.591836943811e-01      5.189944330289e-01      2.203855801946e-01      4.672702996397e-02      2.230151459805e-02      6.063729591711e-02      1.050259215430e-01      4.614807065118e-02      3.400596570713e-02      8.344581152219e-02      6.095714625191e-02
      9.634722222222e+01      1.994440695211e-01      4.696155891672e-02      1.551973057794e-01      4.601800341056e-01      5.187508374122e-01      2.196647187311e-01      4.628322056930e-02      2.226565686200e-02      6.020390884400e-02      1.045114345998e-01      4.585078266788e-02      3.430168135725e-02      8.268450958688e-02      5.992406125502e-02
      9.635416666667e+01      2.022730272731e-01      4.705612177951e-02      1.524011001852e-01      4.611763738300e-01      5.185072417955e-01      2.189438572675e-01      4.583941117462e-02      2.222979912596e-02      5.977052177090e-02      1.039969476566e-01      4.555349468457e-02      3.459739700737e-02      8.192320765156e-02      5.889097625813e-02
      9.636111111111e+01      2.051019850252e-01      4.715068464231e-02      1.496048945910e-01      4.621727135545e-01      5.182636461788e-01      2.182229958040e-01      4.539560177995e-02      2.219394138991e-02      5.933713469779e-02      1.034824607133e-01      4.525620670127e-02      3.489311265749e-02      8.116190571625e-02      5.785789126125e-02
      9.636805555556e+01      2.079309427772e-01      4.724524750510e-02      1.468086889967e-01      4.631690532789e-01      5.180200505622e-01      2.175021343404e-01      4.495179238528e-02      2.215808365386e-02      5.890374762469e-02      1.029679737701e-01      4.495891871797e-02      3.518882830761e-02      8.040060378093e-02      5.682480626436e-02
      9.637500000000e+01      2.067643319184e-01      4.736705122291e-02      1.462971944859e-01      4.642445690715e-01      5.184166765166e-01      2.185461919125e-01      4.427616687227e-02      2.213520630353e-02      5.901874974674e-02      1.020772047364e-01      4.491615469671e-02      3.525848053175e-02      7.999964967163e-02      5.700700995899e-02
      9.638194444444e+01      2.037970102542e-01      4.750783725598e-02      1.473777610919e-01      4.653752573277e-01      5.192594297198e-01      2.208201025683e-01      4.349606717053e-02      2.212137410885e-02      5.951588732604e-02      1.009242300831e-01      4.505075126439e-02      3.517060439571e-02      7.984979766733e-02      5.803606640699e-02
      9.638888888889e+01      2.008296885901e-01      4.764862328905e-02      1.484583276979e-01      4.665059455840e-01      5.201021829229e-01      2.230940132240e-01      4.271596746879e-02      2.210754191417e-02      6.001302490535e-02      9.977125542988e-02      4.518534783207e-02      3.508272825966e-02      7.969994566303e-02      5.906512285498e-02
      9.639583333333e+01      1.978623669260e-01      4.778940932212e-02      1.495388943040e-01      4.676366338402e-01      5.209449361260e-01      2.253679238798e-01      4.193586776705e-02      2.209370971950e-02      6.051016248465e-02      9.861828077661e-02      4.531994439974e-02      3.499485212362e-02      7.955009365872e-02      6.009417930298e-02
      9.640277777778e+01      1.948950452618e-01      4.793019535518e-02      1.506194609100e-01      4.687673220964e-01      5.217876893292e-01      2.276418345356e-01      4.115576806531e-02      2.207987752482e-02      6.100730006396e-02      9.746530612335e-02      4.545454096742e-02      3.490697598758e-02      7.940024165442e-02      6.112323575097e-02
      9.640972222222e+01      1.919277235977e-01      4.807098138825e-02      1.517000275160e-01      4.698980103527e-01      5.226304425323e-01      2.299157451913e-01      4.037566836357e-02      2.206604533014e-02      6.150443764326e-02      9.631233147008e-02      4.558913753510e-02      3.481909985153e-02      7.925038965012e-02      6.215229219897e-02
      9.641666666667e+01      1.889604019336e-01      4.821176742132e-02      1.527805941221e-01      4.710286986089e-01      5.234731957354e-01      2.321896558471e-01      3.959556866183e-02      2.205221313547e-02      6.200157522257e-02      9.515935681681e-02      4.572373410277e-02      3.473122371549e-02      7.910053764582e-02      6.318134864697e-02
      9.642361111111e+01      1.859930802694e-01      4.835255345439e-02      1.538611607281e-01      4.721593868652e-01      5.243159489386e-01      2.344635665029e-01      3.881546896009e-02      2.203838094079e-02      6.249871280187e-02      9.400638216355e-02      4.585833067045e-02      3.464334757945e-02      7.895068564152e-02      6.421040509496e-02
      9.643055555556e+01      1.830257586053e-01      4.849333948746e-02      1.549417273341e-01      4.732900751214e-01      5.251587021417e-01      2.367374771586e-01      3.803536925835e-02      2.202454874611e-02      6.299585038118e-02      9.285340751028e-02      4.599292723813e-02      3.455547144340e-02      7.880083363722e-02      6.523946154296e-02
      9.643750000000e+01      1.800584369412e-01      4.863412552053e-02      1.560222939402e-01      4.744207633777e-01      5.260014553448e-01      2.390113878144e-01      3.725526955661e-02      2.201071655143e-02      6.349298796048e-02      9.170043285701e-02      4.612752380580e-02      3.446759530736e-02      7.865098163292e-02      6.626851799095e-02
      9.644444444444e+01      1.770911152771e-01      4.877491155360e-02      1.571028605462e-01      4.755514516339e-01      5.268442085479e-01      2.412852984701e-01      3.647516985487e-02      2.199688435676e-02      6.399012553979e-02      9.054745820374e-02      4.626212037348e-02      3.437971917131e-02      7.850112962862e-02      6.729757443895e-02
      9.645138888889e+01      1.741237936129e-01      4.891569758666e-02      1.581834271522e-01      4.766821398902e-01      5.276869617511e-01      2.435592091259e-01      3.569507015313e-02      2.198305216208e-02      6.448726311909e-02      8.939448355048e-02      4.639671694116e-02      3.429184303527e-02      7.835127762431e-02      6.832663088694e-02
      9.645833333333e+01      1.711564719488e-01      4.905648361973e-02      1.592639937583e-01      4.778128281464e-01      5.285297149542e-01      2.458331197817e-01      3.491497045139e-02      2.196921996740e-02      6.498440069840e-02      8.824150889721e-02      4.653131350883e-02      3.420396689923e-02      7.820142562001e-02      6.935568733494e-02
      9.646527777778e+01      1.681891502847e-01      4.919726965280e-02      1.603445603643e-01      4.789435164027e-01      5.293724681573e-01      2.481070304374e-01      3.413487074965e-02      2.195538777273e-02      6.548153827770e-02      8.708853424394e-02      4.666591007651e-02      3.411609076318e-02      7.805157361571e-02      7.038474378293e-02
      9.647222222222e+01      1.652218286205e-01      4.933805568587e-02      1.614251269703e-01      4.800742046589e-01      5.302152213605e-01      2.503809410932e-01      3.335477104791e-02      2.194155557805e-02      6.597867585701e-02      8.593555959067e-02      4.680050664419e-02      3.402821462714e-02      7.790172161141e-02      7.141380023093e-02
      9.647916666667e+01      1.622545069564e-01      4.947884171894e-02      1.625056935764e-01      4.812048929152e-01      5.310579745636e-01      2.526548517490e-01      3.257467134617e-02      2.192772338337e-02      6.647581343631e-02      8.478258493741e-02      4.693510321186e-02      3.394033849110e-02      7.775186960711e-02      7.244285667892e-02
      9.648611111111e+01      1.592871852923e-01      4.961962775201e-02      1.635862601824e-01      4.823355811714e-01      5.319007277667e-01      2.549287624047e-01      3.179457164443e-02      2.191389118870e-02      6.697295101562e-02      8.362961028414e-02      4.706969977954e-02      3.385246235505e-02      7.760201760281e-02      7.347191312692e-02
      9.649305555556e+01      1.563198636281e-01      4.976041378508e-02      1.646668267885e-01      4.834662694276e-01      5.327434809698e-01      2.572026730605e-01      3.101447194269e-02      2.190005899402e-02      6.747008859492e-02      8.247663563087e-02      4.720429634722e-02      3.376458621901e-02      7.745216559851e-02      7.450096957491e-02
      9.650000000000e+01      1.557017110877e-01      4.997110844252e-02      1.658657715700e-01      4.827011514770e-01      5.322099197241e-01      2.573673327636e-01      3.104645530868e-02      2.187218376680e-02      6.771897377505e-02      8.216168821799e-02      4.747964015051e-02      3.394041223669e-02      7.730058077858e-02      7.476802786039e-02
      9.650694444444e+01      1.567546446266e-01      5.023153273751e-02      1.671489248998e-01      4.805874480500e-01      5.306973144864e-01      2.560315726505e-01      3.165611556313e-02      2.183431900075e-02      6.779126412244e-02      8.244287313184e-02      4.785510477687e-02      3.430382330039e-02      7.714776331685e-02      7.449303725330e-02
      9.651388888889e+01      1.578075781656e-01      5.049195703249e-02      1.684320782295e-01      4.784737446231e-01      5.291847092487e-01      2.546958125374e-01      3.226577581757e-02      2.179645423470e-02      6.786355446984e-02      8.272405804568e-02      4.823056940322e-02      3.466723436409e-02      7.699494585512e-02      7.421804664621e-02
      9.652083333333e+01      1.588605117045e-01      5.075238132748e-02      1.697152315592e-01      4.763600411961e-01      5.276721040111e-01      2.533600524243e-01      3.287543607202e-02      2.175858946865e-02      6.793584481724e-02      8.300524295953e-02      4.860603402958e-02      3.503064542779e-02      7.684212839339e-02      7.394305603913e-02
      9.652777777778e+01      1.599134452434e-01      5.101280562246e-02      1.709983848889e-01      4.742463377692e-01      5.261594987734e-01      2.520242923112e-01      3.348509632646e-02      2.172072470259e-02      6.800813516463e-02      8.328642787337e-02      4.898149865593e-02      3.539405649149e-02      7.668931093166e-02      7.366806543204e-02
      9.653472222222e+01      1.609663787824e-01      5.127322991745e-02      1.722815382187e-01      4.721326343422e-01      5.246468935357e-01      2.506885321981e-01      3.409475658091e-02      2.168285993654e-02      6.808042551203e-02      8.356761278722e-02      4.935696328228e-02      3.575746755520e-02      7.653649346993e-02      7.339307482495e-02
      9.654166666667e+01      1.620193123213e-01      5.153365421243e-02      1.735646915484e-01      4.700189309153e-01      5.231342882981e-01      2.493527720849e-01      3.470441683535e-02      2.164499517049e-02      6.815271585943e-02      8.384879770106e-02      4.973242790864e-02      3.612087861890e-02      7.638367600820e-02      7.311808421786e-02
      9.654861111111e+01      1.630722458603e-01      5.179407850742e-02      1.748478448781e-01      4.679052274883e-01      5.216216830604e-01      2.480170119718e-01      3.531407708980e-02      2.160713040444e-02      6.822500620682e-02      8.412998261491e-02      5.010789253499e-02      3.648428968260e-02      7.623085854646e-02      7.284309361078e-02
      9.655555555556e+01      1.641251793992e-01      5.205450280240e-02      1.761309982078e-01      4.657915240614e-01      5.201090778228e-01      2.466812518587e-01      3.592373734424e-02      2.156926563838e-02      6.829729655422e-02      8.441116752875e-02      5.048335716135e-02      3.684770074630e-02      7.607804108473e-02      7.256810300369e-02
      9.656250000000e+01      1.651781129382e-01      5.231492709738e-02      1.774141515375e-01      4.636778206344e-01      5.185964725851e-01      2.453454917456e-01      3.653339759869e-02      2.153140087233e-02      6.836958690162e-02      8.469235244260e-02      5.085882178770e-02      3.721111181001e-02      7.592522362300e-02      7.229311239660e-02
      9.656944444444e+01      1.662310464771e-01      5.257535139237e-02      1.786973048673e-01      4.615641172074e-01      5.170838673474e-01      2.440097316325e-01      3.714305785313e-02      2.149353610628e-02      6.844187724902e-02      8.497353735644e-02      5.123428641406e-02      3.757452287371e-02      7.577240616127e-02      7.201812178952e-02
      9.657638888889e+01      1.672839800161e-01      5.283577568735e-02      1.799804581970e-01      4.594504137805e-01      5.155712621098e-01      2.426739715194e-01      3.775271810758e-02      2.145567134023e-02      6.851416759641e-02      8.525472227029e-02      5.160975104041e-02      3.793793393741e-02      7.561958869954e-02      7.174313118243e-02
      9.658333333333e+01      1.683369135550e-01      5.309619998234e-02      1.812636115267e-01      4.573367103535e-01      5.140586568721e-01      2.413382114063e-01      3.836237836202e-02      2.141780657418e-02      6.858645794381e-02      8.553590718413e-02      5.198521566676e-02      3.830134500111e-02      7.546677123781e-02      7.146814057534e-02
      9.659027777778e+01      1.693898470939e-01      5.335662427732e-02      1.825467648564e-01      4.552230069266e-01      5.125460516344e-01      2.400024512931e-01      3.897203861647e-02      2.137994180812e-02      6.865874829121e-02      8.581709209798e-02      5.236068029312e-02      3.866475606482e-02      7.531395377608e-02      7.119314996825e-02
      9.659722222222e+01      1.704427806329e-01      5.361704857231e-02      1.838299181862e-01      4.531093034996e-01      5.110334463968e-01      2.386666911800e-01      3.958169887092e-02      2.134207704207e-02      6.873103863860e-02      8.609827701182e-02      5.273614491947e-02      3.902816712852e-02      7.516113631435e-02      7.091815936117e-02
      9.660416666667e+01      1.714957141718e-01      5.387747286729e-02      1.851130715159e-01      4.509956000727e-01      5.095208411591e-01      2.373309310669e-01      4.019135912536e-02      2.130421227602e-02      6.880332898600e-02      8.637946192567e-02      5.311160954583e-02      3.939157819222e-02      7.500831885262e-02      7.064316875408e-02
      9.661111111111e+01      1.725486477108e-01      5.413789716228e-02      1.863962248456e-01      4.488818966457e-01      5.080082359214e-01      2.359951709538e-01      4.080101937981e-02      2.126634750997e-02      6.887561933340e-02      8.666064683952e-02      5.348707417218e-02      3.975498925592e-02      7.485550139089e-02      7.036817814699e-02
      9.661805555556e+01      1.736015812497e-01      5.439832145726e-02      1.876793781753e-01      4.467681932188e-01      5.064956306838e-01      2.346594108407e-01      4.141067963425e-02      2.122848274391e-02      6.894790968079e-02      8.694183175336e-02      5.386253879854e-02      4.011840031963e-02      7.470268392916e-02      7.009318753991e-02
      9.662500000000e+01      1.756266493205e-01      5.383590038428e-02      1.861406281351e-01      4.445429796060e-01      5.026395743884e-01      2.330263756601e-01      4.108121729392e-02      2.114666770826e-02      6.858548835958e-02      8.726574752867e-02      5.344013520542e-02      4.005789234489e-02      7.459696880485e-02      6.933112430510e-02
      9.663194444444e+01      1.780966885910e-01      5.269215169639e-02      1.826082467038e-01      4.422389857596e-01      4.971279059124e-01      2.311833202100e-01      4.008827926375e-02      2.103380248214e-02      6.791594992096e-02      8.761985200134e-02      5.245404996921e-02      3.969789208019e-02      7.452453075853e-02      6.822495173946e-02
      9.663888888889e+01      1.805667278614e-01      5.154840300850e-02      1.790758652724e-01      4.399349919132e-01      4.916162374363e-01      2.293402647599e-01      3.909534123359e-02      2.092093725601e-02      6.724641148234e-02      8.797395647400e-02      5.146796473299e-02      3.933789181549e-02      7.445209271220e-02      6.711877917382e-02
      9.664583333333e+01      1.830367671319e-01      5.040465432060e-02      1.755434838411e-01      4.376309980668e-01      4.861045689602e-01      2.274972093098e-01      3.810240320342e-02      2.080807202989e-02      6.657687304371e-02      8.832806094666e-02      5.048187949678e-02      3.897789155079e-02      7.437965466588e-02      6.601260660817e-02
      9.665277777778e+01      1.855068064024e-01      4.926090563271e-02      1.720111024098e-01      4.353270042205e-01      4.805929004842e-01      2.256541538597e-01      3.710946517326e-02      2.069520680376e-02      6.590733460509e-02      8.868216541933e-02      4.949579426056e-02      3.861789128609e-02      7.430721661955e-02      6.490643404253e-02
      9.665972222222e+01      1.879768456729e-01      4.811715694482e-02      1.684787209784e-01      4.330230103741e-01      4.750812320081e-01      2.238110984096e-01      3.611652714309e-02      2.058234157764e-02      6.523779616646e-02      8.903626989199e-02      4.850970902435e-02      3.825789102139e-02      7.423477857323e-02      6.380026147688e-02
      9.666666666667e+01      1.904468849434e-01      4.697340825692e-02      1.649463395471e-01      4.307190165277e-01      4.695695635320e-01      2.219680429596e-01      3.512358911292e-02      2.046947635151e-02      6.456825772784e-02      8.939037436465e-02      4.752362378813e-02      3.789789075669e-02      7.416234052690e-02      6.269408891124e-02
      9.667361111111e+01      1.929169242138e-01      4.582965956903e-02      1.614139581158e-01      4.284150226813e-01      4.640578950560e-01      2.201249875095e-01      3.413065108276e-02      2.035661112539e-02      6.389871928922e-02      8.974447883732e-02      4.653753855191e-02      3.753789049199e-02      7.408990248058e-02      6.158791634560e-02
      9.668055555556e+01      1.953869634843e-01      4.468591088114e-02      1.578815766845e-01      4.261110288349e-01      4.585462265799e-01      2.182819320594e-01      3.313771305259e-02      2.024374589926e-02      6.322918085060e-02      9.009858330998e-02      4.555145331570e-02      3.717789022729e-02      7.401746443425e-02      6.048174377995e-02
      9.668750000000e+01      1.978570027548e-01      4.354216219325e-02      1.543491952531e-01      4.238070349885e-01      4.530345581038e-01      2.164388766093e-01      3.214477502243e-02      2.013088067314e-02      6.255964241197e-02      9.045268778264e-02      4.456536807948e-02      3.681788996259e-02      7.394502638793e-02      5.937557121431e-02
      9.669444444444e+01      2.003270420253e-01      4.239841350535e-02      1.508168138218e-01      4.215030411421e-01      4.475228896278e-01      2.145958211592e-01      3.115183699226e-02      2.001801544701e-02      6.189010397335e-02      9.080679225531e-02      4.357928284327e-02      3.645788969789e-02      7.387258834160e-02      5.826939864867e-02
      9.670138888889e+01      2.027970812957e-01      4.125466481746e-02      1.472844323905e-01      4.191990472957e-01      4.420112211517e-01      2.127527657091e-01      3.015889896210e-02      1.990515022089e-02      6.122056553473e-02      9.116089672797e-02      4.259319760705e-02      3.609788943319e-02      7.380015029528e-02      5.716322608302e-02
      9.670833333333e+01      2.052671205662e-01      4.011091612957e-02      1.437520509591e-01      4.168950534493e-01      4.364995526757e-01      2.109097102590e-01      2.916596093193e-02      1.979228499476e-02      6.055102709610e-02      9.151500120063e-02      4.160711237084e-02      3.573788916849e-02      7.372771224895e-02      5.605705351738e-02
      9.671527777778e+01      2.077371598367e-01      3.896716744168e-02      1.402196695278e-01      4.145910596029e-01      4.309878841996e-01      2.090666548089e-01      2.817302290177e-02      1.967941976864e-02      5.988148865748e-02      9.186910567329e-02      4.062102713462e-02      3.537788890379e-02      7.365527420263e-02      5.495088095173e-02
      9.672222222222e+01      2.102071991072e-01      3.782341875378e-02      1.366872880965e-01      4.122870657565e-01      4.254762157235e-01      2.072235993588e-01      2.718008487160e-02      1.956655454251e-02      5.921195021885e-02      9.222321014596e-02      3.963494189840e-02      3.501788863909e-02      7.358283615630e-02      5.384470838609e-02
      9.672916666667e+01      2.126772383776e-01      3.667967006589e-02      1.331549066651e-01      4.099830719102e-01      4.199645472475e-01      2.053805439088e-01      2.618714684143e-02      1.945368931639e-02      5.854241178023e-02      9.257731461862e-02      3.864885666219e-02      3.465788837439e-02      7.351039810998e-02      5.273853582045e-02
      9.673611111111e+01      2.151472776481e-01      3.553592137800e-02      1.296225252338e-01      4.076790780638e-01      4.144528787714e-01      2.035374884587e-01      2.519420881127e-02      1.934082409026e-02      5.787287334161e-02      9.293141909128e-02      3.766277142597e-02      3.429788810969e-02      7.343796006365e-02      5.163236325480e-02
      9.674305555556e+01      2.176173169186e-01      3.439217269011e-02      1.260901438025e-01      4.053750842174e-01      4.089412102953e-01      2.016944330086e-01      2.420127078110e-02      1.922795886414e-02      5.720333490298e-02      9.328552356395e-02      3.667668618976e-02      3.393788784499e-02      7.336552201733e-02      5.052619068916e-02
      9.675000000000e+01      2.237814539551e-01      3.462613068438e-02      1.271012021308e-01      4.052228951727e-01      4.178082270572e-01      2.020470444937e-01      2.389947602942e-02      1.919856377701e-02      5.771145274653e-02      9.399647673783e-02      3.586207084739e-02      3.413813308834e-02      7.223528113085e-02      4.943898967665e-02
      9.675694444444e+01      2.325375359358e-01      3.582674957816e-02      1.313001419014e-01      4.065805090433e-01      4.367639753218e-01      2.039402345375e-01      2.408261845045e-02      1.922773508917e-02      5.904586714199e-02      9.495781099135e-02      3.516776648557e-02      3.473147174828e-02      7.036283825159e-02      4.836509995809e-02
      9.676388888889e+01      2.412936179166e-01      3.702736847194e-02      1.354990816720e-01      4.079381229139e-01      4.557197235864e-01      2.058334245813e-01      2.426576087147e-02      1.925690640133e-02      6.038028153745e-02      9.591914524487e-02      3.447346212375e-02      3.532481040822e-02      6.849039537233e-02      4.729121023952e-02
      9.677083333333e+01      2.500496998973e-01      3.822798736573e-02      1.396980214426e-01      4.092957367845e-01      4.746754718510e-01      2.077266146251e-01      2.444890329250e-02      1.928607771348e-02      6.171469593291e-02      9.688047949839e-02      3.377915776192e-02      3.591814906816e-02      6.661795249307e-02      4.621732052096e-02
      9.677777777778e+01      2.588057818780e-01      3.942860625951e-02      1.438969612132e-01      4.106533506551e-01      4.936312201156e-01      2.096198046689e-01      2.463204571352e-02      1.931524902564e-02      6.304911032838e-02      9.784181375191e-02      3.308485340010e-02      3.651148772809e-02      6.474550961381e-02      4.514343080240e-02
      9.678472222222e+01      2.675618638587e-01      4.062922515329e-02      1.480959009838e-01      4.120109645257e-01      5.125869683802e-01      2.115129947127e-01      2.481518813455e-02      1.934442033780e-02      6.438352472384e-02      9.880314800544e-02      3.239054903827e-02      3.710482638803e-02      6.287306673455e-02      4.406954108384e-02
      9.679166666667e+01      2.763179458394e-01      4.182984404708e-02      1.522948407544e-01      4.133685783963e-01      5.315427166448e-01      2.134061847565e-01      2.499833055557e-02      1.937359164996e-02      6.571793911930e-02      9.976448225896e-02      3.169624467645e-02      3.769816504797e-02      6.100062385529e-02      4.299565136527e-02
      9.679861111111e+01      2.850740278202e-01      4.303046294086e-02      1.564937805250e-01      4.147261922669e-01      5.504984649094e-01      2.152993748003e-01      2.518147297660e-02      1.940276296212e-02      6.705235351477e-02      1.007258165125e-01      3.100194031462e-02      3.829150370791e-02      5.912818097603e-02      4.192176164671e-02
      9.680555555556e+01      2.938301098009e-01      4.423108183464e-02      1.606927202956e-01      4.160838061375e-01      5.694542131740e-01      2.171925648441e-01      2.536461539762e-02      1.943193427428e-02      6.838676791023e-02      1.016871507660e-01      3.030763595280e-02      3.888484236785e-02      5.725573809677e-02      4.084787192815e-02
      9.681250000000e+01      3.025861917816e-01      4.543170072843e-02      1.648916600662e-01      4.174414200081e-01      5.884099614386e-01      2.190857548879e-01      2.554775781865e-02      1.946110558644e-02      6.972118230569e-02      1.026484850195e-01      2.961333159098e-02      3.947818102779e-02      5.538329521751e-02      3.977398220959e-02
      9.681944444444e+01      3.113422737623e-01      4.663231962221e-02      1.690905998369e-01      4.187990338787e-01      6.073657097032e-01      2.209789449318e-01      2.573090023967e-02      1.949027689859e-02      7.105559670116e-02      1.036098192730e-01      2.891902722915e-02      4.007151968773e-02      5.351085233826e-02      3.870009249103e-02
      9.682638888889e+01      3.200983557430e-01      4.783293851599e-02      1.732895396075e-01      4.201566477493e-01      6.263214579678e-01      2.228721349756e-01      2.591404266070e-02      1.951944821075e-02      7.239001109662e-02      1.045711535266e-01      2.822472286733e-02      4.066485834767e-02      5.163840945900e-02      3.762620277246e-02
      9.683333333333e+01      3.288544377238e-01      4.903355740977e-02      1.774884793781e-01      4.215142616200e-01      6.452772062324e-01      2.247653250194e-01      2.609718508172e-02      1.954861952291e-02      7.372442549208e-02      1.055324877801e-01      2.753041850550e-02      4.125819700761e-02      4.976596657974e-02      3.655231305390e-02
      9.684027777778e+01      3.376105197045e-01      5.023417630356e-02      1.816874191487e-01      4.228718754906e-01      6.642329544970e-01      2.266585150632e-01      2.628032750275e-02      1.957779083507e-02      7.505883988754e-02      1.064938220336e-01      2.683611414368e-02      4.185153566754e-02      4.789352370048e-02      3.547842333534e-02
      9.684722222222e+01      3.463666016852e-01      5.143479519734e-02      1.858863589193e-01      4.242294893612e-01      6.831887027617e-01      2.285517051070e-01      2.646346992378e-02      1.960696214723e-02      7.639325428301e-02      1.074551562871e-01      2.614180978186e-02      4.244487432748e-02      4.602108082122e-02      3.440453361677e-02
      9.685416666667e+01      3.551226836659e-01      5.263541409112e-02      1.900852986899e-01      4.255871032318e-01      7.021444510263e-01      2.304448951508e-01      2.664661234480e-02      1.963613345939e-02      7.772766867847e-02      1.084164905406e-01      2.544750542003e-02      4.303821298742e-02      4.414863794196e-02      3.333064389821e-02
      9.686111111111e+01      3.638787656467e-01      5.383603298491e-02      1.942842384605e-01      4.269447171024e-01      7.211001992909e-01      2.323380851946e-01      2.682975476583e-02      1.966530477155e-02      7.906208307393e-02      1.093778247942e-01      2.475320105821e-02      4.363155164736e-02      4.227619506270e-02      3.225675417965e-02
      9.686805555556e+01      3.726348476274e-01      5.503665187869e-02      1.984831782311e-01      4.283023309730e-01      7.400559475555e-01      2.342312752384e-01      2.701289718685e-02      1.969447608370e-02      8.039649746940e-02      1.103391590477e-01      2.405889669638e-02      4.422489030730e-02      4.040375218344e-02      3.118286446109e-02
      9.687500000000e+01      3.784399684586e-01      5.574923848030e-02      1.987721193696e-01      4.306222983583e-01      7.437619104061e-01      2.346515576396e-01      2.716402520902e-02      1.948115754298e-02      8.106118064858e-02      1.094437185986e-01      2.379152909561e-02      4.397857149529e-02      3.918980213282e-02      3.041056432762e-02
      9.688194444444e+01      3.821887634208e-01      5.612174828104e-02      1.963364460767e-01      4.336128650254e-01      7.368413259546e-01      2.340454700093e-01      2.729284455507e-02      1.909886417265e-02      8.125917329697e-02      1.072544170445e-01      2.382166493918e-02      4.314715200147e-02      3.843471133834e-02      2.984842164258e-02
      9.688888888889e+01      3.859375583831e-01      5.649425808178e-02      1.939007727839e-01      4.366034316925e-01      7.299207415032e-01      2.334393823790e-01      2.742166390112e-02      1.871657080231e-02      8.145716594536e-02      1.050651154904e-01      2.385180078275e-02      4.231573250765e-02      3.767962054387e-02      2.928627895754e-02
      9.689583333333e+01      3.896863533454e-01      5.686676788251e-02      1.914650994910e-01      4.395939983596e-01      7.230001570518e-01      2.328332947488e-01      2.755048324716e-02      1.833427743198e-02      8.165515859375e-02      1.028758139364e-01      2.388193662632e-02      4.148431301383e-02      3.692452974940e-02      2.872413627250e-02
      9.690277777778e+01      3.934351483076e-01      5.723927768325e-02      1.890294261982e-01      4.425845650267e-01      7.160795726004e-01      2.322272071185e-01      2.767930259321e-02      1.795198406164e-02      8.185315124214e-02      1.006865123823e-01      2.391207246989e-02      4.065289352001e-02      3.616943895492e-02      2.816199358746e-02
      9.690972222222e+01      3.971839432699e-01      5.761178748399e-02      1.865937529053e-01      4.455751316938e-01      7.091589881489e-01      2.316211194882e-01      2.780812193926e-02      1.756969069131e-02      8.205114389053e-02      9.849721082821e-02      2.394220831346e-02      3.982147402619e-02      3.541434816045e-02      2.759985090242e-02
      9.691666666667e+01      4.009327382322e-01      5.798429728472e-02      1.841580796125e-01      4.485656983609e-01      7.022384036975e-01      2.310150318580e-01      2.793694128531e-02      1.718739732097e-02      8.224913653892e-02      9.630790927414e-02      2.397234415703e-02      3.899005453237e-02      3.465925736598e-02      2.703770821738e-02
      9.692361111111e+01      4.046815331944e-01      5.835680708546e-02      1.817224063196e-01      4.515562650280e-01      6.953178192461e-01      2.304089442277e-01      2.806576063135e-02      1.680510395064e-02      8.244712918731e-02      9.411860772006e-02      2.400248000060e-02      3.815863503856e-02      3.390416657150e-02      2.647556553234e-02
      9.693055555556e+01      4.084303281567e-01      5.872931688620e-02      1.792867330267e-01      4.545468316951e-01      6.883972347947e-01      2.298028565974e-01      2.819457997740e-02      1.642281058031e-02      8.264512183570e-02      9.192930616599e-02      2.403261584418e-02      3.732721554474e-02      3.314907577703e-02      2.591342284730e-02
      9.693750000000e+01      4.121791231190e-01      5.910182668693e-02      1.768510597339e-01      4.575373983622e-01      6.814766503432e-01      2.291967689671e-01      2.832339932345e-02      1.604051720997e-02      8.284311448409e-02      8.974000461191e-02      2.406275168775e-02      3.649579605092e-02      3.239398498256e-02      2.535128016226e-02
      9.694444444444e+01      4.159279180812e-01      5.947433648767e-02      1.744153864410e-01      4.605279650293e-01      6.745560658918e-01      2.285906813369e-01      2.845221866950e-02      1.565822383964e-02      8.304110713248e-02      8.755070305784e-02      2.409288753132e-02      3.566437655710e-02      3.163889418809e-02      2.478913747722e-02
      9.695138888889e+01      4.196767130435e-01      5.984684628841e-02      1.719797131482e-01      4.635185316964e-01      6.676354814404e-01      2.279845937066e-01      2.858103801554e-02      1.527593046930e-02      8.323909978087e-02      8.536140150376e-02      2.412302337489e-02      3.483295706328e-02      3.088380339361e-02      2.422699479218e-02
      9.695833333333e+01      4.234255080058e-01      6.021935608914e-02      1.695440398553e-01      4.665090983635e-01      6.607148969890e-01      2.273785060763e-01      2.870985736159e-02      1.489363709897e-02      8.343709242926e-02      8.317209994969e-02      2.415315921846e-02      3.400153756946e-02      3.012871259914e-02      2.366485210714e-02
      9.696527777778e+01      4.271743029680e-01      6.059186588988e-02      1.671083665625e-01      4.694996650306e-01      6.537943125375e-01      2.267724184461e-01      2.883867670764e-02      1.451134372864e-02      8.363508507765e-02      8.098279839561e-02      2.418329506203e-02      3.317011807564e-02      2.937362180467e-02      2.310270942210e-02
      9.697222222222e+01      4.309230979303e-01      6.096437569062e-02      1.646726932696e-01      4.724902316977e-01      6.468737280861e-01      2.261663308158e-01      2.896749605368e-02      1.412905035830e-02      8.383307772604e-02      7.879349684153e-02      2.421343090560e-02      3.233869858182e-02      2.861853101019e-02      2.254056673706e-02
      9.697916666667e+01      4.346718928926e-01      6.133688549135e-02      1.622370199767e-01      4.754807983648e-01      6.399531436347e-01      2.255602431855e-01      2.909631539973e-02      1.374675698797e-02      8.403107037443e-02      7.660419528746e-02      2.424356674917e-02      3.150727908800e-02      2.786344021572e-02      2.197842405202e-02
      9.698611111111e+01      4.384206878548e-01      6.170939529209e-02      1.598013466839e-01      4.784713650319e-01      6.330325591833e-01      2.249541555553e-01      2.922513474578e-02      1.336446361763e-02      8.422906302281e-02      7.441489373338e-02      2.427370259275e-02      3.067585959418e-02      2.710834942125e-02      2.141628136698e-02
      9.699305555556e+01      4.421694828171e-01      6.208190509283e-02      1.573656733910e-01      4.814619316990e-01      6.261119747318e-01      2.243480679250e-01      2.935395409183e-02      1.298217024730e-02      8.442705567120e-02      7.222559217931e-02      2.430383843632e-02      2.984444010037e-02      2.635325862678e-02      2.085413868194e-02
      9.700000000000e+01      4.412980866773e-01      6.202378376775e-02      1.555826394524e-01      4.782161977881e-01      6.181717243415e-01      2.231175430110e-01      2.914238057972e-02      1.282796766785e-02      8.408153294269e-02      7.155339875122e-02      2.430335258841e-02      2.945660448909e-02      2.567503578291e-02      2.088854326290e-02
