#                     time          SMEAR_TEMP_168.dat                SMEAR_RH.dat                SMEAR_CS.dat             SMEAR_PRESS.dat               SA_ground.dat                      NH3.dat
1.01000000000000000000e+02  -6.99999999999999955591e-01  4.40600000000000022737e+01  3.47765000000000009880e-03  1.00801999999999998181e+03  2.85144531250000000000e+05  2.00000000000000000000e+00
1.01006944444444442865e+02  -7.00038369304050833719e-01  4.32497378097556506304e+01  3.61302367724864164494e-03  1.00828995523581193083e+03  2.61789895876840048004e+05  2.00000000000000000000e+00
1.01013888888888885731e+02  -7.50006394884621729879e-01  4.28299904076730655333e+01  3.74839735449728275740e-03  1.00825001598721155460e+03  2.38435260503680096008e+05  3.43054592947887249110e+00
1.01020833333333328596e+02  -5.39976019184713162957e-01  4.27600047961630522764e+01  3.88377103174592430354e-03  1.00827003357314140430e+03  2.15080625130520144012e+05  2.57467148547508539735e+00
1.01027777777777771462e+02  -3.10009592326319416422e-01  4.24699808153473625794e+01  3.86416597883600370505e-03  1.00831000959232630976e+03  1.93946484414384642150e+05  3.64473182835257958345e+00
1.01034722222222228538e+02  -5.40000000000000035527e-01  4.23500415667473859571e+01  3.84074997354495652896e-03  1.00852994564348421136e+03  1.72812343710615357850e+05  7.14766485531822759469e+00
1.01041666666666671404e+02  -5.10000000000000008882e-01  4.30900431654675202253e+01  3.81733396825395749144e-03  1.00857998561151089234e+03  1.51678203131261456292e+05  3.80240714705072591073e+00
1.01048611111111114269e+02  -5.00023980817331681337e-01  4.24799984012788414134e+01  4.01180963888897370445e-03  1.00850000639488462184e+03  1.52798598962507647229e+05  2.00000000000000000000e+00
1.01055555555555557135e+02  -8.19968025579957515703e-01  4.31999744204639668510e+01  4.21727144444452358568e-03  1.00858003197442008059e+03  1.53918994793753809063e+05  3.58943594594601211867e+00
1.01062500000000000000e+02  -7.19999999999999973355e-01  4.30000000000000000000e+01  4.41307738095240553039e-03  1.00855999999999994543e+03  1.55039390625000000000e+05  4.03085276235020906199e+00
1.01069444444444442865e+02  -6.20012789768016991943e-01  4.32200127897680133060e+01  4.48442989417989924111e-03  1.00861999360511595114e+03  1.44225822936810960528e+05  2.40934880927446437582e+00
1.01076388888888885731e+02  -5.79999999999999960032e-01  4.30600095923269350351e+01  4.55578240740739381920e-03  1.00875998401278843630e+03  1.33412255248621921055e+05  2.00000000000000000000e+00
1.01083333333333328596e+02  -6.90009592326114695737e-01  4.33299568345324814800e+01  4.63136952380945043917e-03  1.00878000959232610967e+03  1.22598687560432896134e+05  2.00000000000000000000e+00
1.01090277777777771462e+02  -5.00025579536851783047e-01  4.35199968025578982633e+01  4.79094293650782123567e-03  1.00889996163069474733e+03  1.27303390616232529283e+05  2.00000000000000000000e+00
1.01097222222222228538e+02  -2.80019184652638919442e-01  4.31400031974421054315e+01  4.95051634920651816019e-03  1.00883995523581052112e+03  1.32008093758767470717e+05  5.00827343923689216609e+00
1.01104166666666671404e+02  -1.00009592326114782335e-01  4.26500095923261142161e+01  5.10312952380941996927e-03  1.00870004316546760492e+03  1.36712796829019207507e+05  2.00000000000000000000e+00
1.01111111111111114269e+02  -3.40004796163466349590e-01  4.30700207833750212671e+01  4.97269301587294643846e-03  1.00887000959232693731e+03  1.28485216115179471672e+05  2.98223873433062536265e+00
1.01118055555555557135e+02  -5.39987210231983039144e-01  4.39000383693040490130e+01  4.84225650793647377501e-03  1.00912987210231983681e+03  1.20257635401339735836e+05  3.34513188289861673752e+00
1.01125000000000000000e+02  -5.69999999999999951150e-01  4.37299999999999968736e+01  4.71182000000000024420e-03  1.00899000000000000909e+03  1.12030054687500000000e+05  3.09927042519094397832e+00
1.01131944444444442865e+02  -4.30025579536033930594e-01  4.30000191846520252170e+01  4.48088746031752131749e-03  1.00910995523581198086e+03  1.20508572900872270111e+05  3.20184876069086765682e+00
1.01138888888888885731e+02  -7.69998401278844557538e-01  4.36799792166249787329e+01  4.24995492063504325814e-03  1.00901002398081732281e+03  1.28987091114244540222e+05  3.22147655562236678861e+00
1.01145833333333328596e+02  -9.10004796163057405600e-01  4.39300335731414008933e+01  4.01902238095256433142e-03  1.00923998081534773519e+03  1.37465609327616810333e+05  2.43058190582716182604e+00
1.01152777777777771462e+02  -8.29996802557893431640e-01  4.47299584332526123376e+01  3.93110095238104195747e-03  1.00917002238209465759e+03  1.35316677087337971898e+05  2.13487659803695617455e+00
1.01159722222222228538e+02  -8.49996802557893449404e-01  4.49699999999999988631e+01  3.84669619047612980356e-03  1.00930000319744203807e+03  1.33167744787661998998e+05  2.49978146277986379431e+00
1.01166666666666671404e+02  -9.10014388489172154628e-01  4.52200047961630531290e+01  3.76229142857139025463e-03  1.00930993764988022576e+03  1.31018812405368342297e+05  3.02748748793924127298e+00
1.01173611111111114269e+02  -1.29000639488462187643e+00  4.61600351718654167144e+01  3.91559703703706855210e-03  1.00932997601918270902e+03  1.14085885353578894865e+05  4.64140305671301245383e+00
1.01180555555555557135e+02  -1.53996802557995771110e+00  4.76699104716238863944e+01  4.08088804232802949967e-03  1.00941989768185578669e+03  9.71529583017894474324e+04  2.61220886878074542992e+00
1.01187500000000000000e+02  -1.43999999999999994671e+00  4.75900000000000034106e+01  4.24617904761899131461e-03  1.00938999999999998636e+03  8.02200312500000000000e+04  2.35529143457513123749e+00
1.01194444444444442865e+02  -1.86005115907206808323e+00  4.76500511590720634558e+01  6.14057311111032653322e-03  1.00927011510791214732e+03  1.24031624918384593911e+05  2.00000000000000000000e+00
1.01201388888888885731e+02  -1.66000479616346630074e+00  4.80100271782596408343e+01  8.16912172222137959732e-03  1.00945997921662501540e+03  1.67843218586769187823e+05  2.07310743060627267198e+00
1.01208333333333328596e+02  -1.47999999999999998224e+00  4.70699232613910822920e+01  1.01318503174600178796e-02  1.00930003357314137702e+03  2.11654812255153752631e+05  2.00000000000000000000e+00
1.01215277777777771462e+02  -1.57998081534736112275e+00  4.71399232613894483279e+01  1.07891485978831250941e-02  1.00933001918465265589e+03  1.86406338588718586834e+05  2.00000000000000000000e+00
1.01222222222222228538e+02  -1.79000319744210645290e+00  4.77500319744210628414e+01  1.14464468783075749847e-02  1.00946997761790532877e+03  1.61157864536281413166e+05  2.00000000000000000000e+00
1.01229166666666671404e+02  -2.09995203836942634368e+00  4.91299232613910845657e+01  1.21647530158755616536e-02  1.00943006714628279497e+03  1.35909390604916086886e+05  2.00000000000000000000e+00
1.01236111111111114269e+02  -2.41999999999999992895e+00  4.99199904076730689440e+01  1.53640453439170421995e-02  1.00946997921662500630e+03  1.32315674465777410660e+05  2.00000000000000000000e+00
1.01243055555555557135e+02  -2.60998081534797421455e+00  4.95101023181441348697e+01  1.85633376719585227455e-02  1.00961985931255185278e+03  1.28721958326638705330e+05  2.00000000000000000000e+00
1.01250000000000000000e+02  -2.47999999999999998224e+00  4.77700000000000031264e+01  2.17626300000000015566e-02  1.00950999999999999091e+03  1.25128242187500000000e+05  2.00000000000000000000e+00
1.01256944444444442865e+02  -2.19000639488400850041e+00  4.86099616306959489975e+01  1.76163667724878736376e-02  1.00963992965627585363e+03  1.44944817671417578822e+05  2.00000000000000000000e+00
1.01263888888888885731e+02  -1.86000479616346647838e+00  4.86300111910480907795e+01  1.34701035449757439838e-02  1.00952002557953846917e+03  1.64761393155335157644e+05  2.00000000000000000000e+00
1.01270833333333328596e+02  -1.66000479616305729458e+00  4.88401486810547851292e+01  9.32384031746361606474e-03  1.00974998561151085141e+03  1.84577968639252736466e+05  3.90900682125689113988e+00
1.01277777777777771462e+02  -1.58000639488421312784e+00  4.97200479616315931253e+01  8.78157650793698861535e-03  1.00976002877697897020e+03  2.19985593684015970211e+05  2.00000000000000000000e+00
1.01284722222222228538e+02  -1.26001278976842590041e+00  4.98000063948842068839e+01  8.32793563492030888828e-03  1.00973000959232638252e+03  2.55393218815984029789e+05  2.00000000000000000000e+00
1.01291666666666671404e+02  -1.01003836930445900499e+00  5.06199856115108275390e+01  7.87429476190455550355e-03  1.00987998081534772155e+03  2.90800843777347065043e+05  2.00000000000000000000e+00
1.01298611111111114269e+02  -8.29993605115378230153e-01  5.07400287769808002736e+01  7.50095763888873525577e-03  1.00997999680255770727e+03  2.95694197934898082167e+05  2.33820614678737870307e+00
1.01305555555555557135e+02  -6.19993605115991552879e-01  5.15400639488400855726e+01  7.13166944444430187661e-03  1.00988007034372412818e+03  3.00587552092449041083e+05  2.00000000000000000000e+00
1.01312500000000000000e+02  2.00000000000000004163e-02  5.23900000000000005684e+01  6.75041047619029388471e-03  1.01004999999999995453e+03  3.05480906250000000000e+05  4.44974240167456080997e+00
1.01319444444444442865e+02  4.39987210231983005837e-01  5.22100447641880620608e+01  6.21486153439149407313e-03  1.01012994244604396954e+03  5.06682103791854460724e+05  2.00000000000000000000e+00
1.01326388888888885731e+02  8.69988808951911885003e-01  5.21900127897692414081e+01  5.67931259259269426154e-03  1.01013998721023074268e+03  7.07883301333708921447e+05  6.09517527676067594200e+00
1.01333333333333328596e+02  1.28005755395668874286e+00  5.18099904076738866365e+01  5.14687825396846748011e-03  1.01006002398081523097e+03  9.09084498875563498586e+05  6.81483142309017431160e+00
1.01340277777777771462e+02  1.61997761790525474090e+00  5.08300799360526625037e+01  4.67621687830721728674e-03  1.01027996163069474278e+03  2.38884433057571994141e+06  2.55307751717688624638e+00
1.01347222222222228538e+02  2.10006714628423596380e+00  4.97098625099894206869e+01  4.20555550264500345448e-03  1.01021003197442109922e+03  3.86860416942428005859e+06  2.89852748197814413800e+00
1.01354166666666671404e+02  2.73999520383694283865e+00  4.88099856115108323706e+01  3.74254841269829182857e-03  1.01018008633093495519e+03  5.34836400183347705752e+06  5.08986847323282098898e+00
1.01361111111111114269e+02  3.00999999999999978684e+00  4.84000543565192842266e+01  3.59081560846552776817e-03  1.01029000479616343000e+03  5.67643750122231803834e+06  7.69684578004200403711e+00
1.01368055555555557135e+02  3.39984012789978784497e+00  4.80100703437240881044e+01  3.43908280423276414145e-03  1.01046989768185585490e+03  6.00451100061115901917e+06  2.39175031546004790428e+00
1.01375000000000000000e+02  3.43000000000000015987e+00  4.64799999999999968736e+01  3.28735000000000008105e-03  1.01037000000000000455e+03  6.33258450000000000000e+06  3.04798994166016656848e+00
1.01381944444444442865e+02  3.81012789768016979508e+00  4.46699552358119404971e+01  3.27575939153439479878e-03  1.01041992965627582635e+03  6.80711983244933467358e+06  2.15894216552202600212e+00
1.01388888888888885731e+02  4.01998081534613405097e+00  4.36299840127884479557e+01  3.26416878306878908284e-03  1.01040003037570193101e+03  7.28165516489866934717e+06  5.33681384092537669517e+00
1.01395833333333328596e+02  3.98003357314140160383e+00  4.31800575539566864336e+01  3.25257817460318380057e-03  1.01046996642685860479e+03  7.75619049734800308943e+06  5.28683285251636547741e+00
1.01402777777777771462e+02  4.33998721023157418841e+00  4.29399904076736760317e+01  3.22688333333336074826e-03  1.01051997442046308606e+03  7.82783116653316002339e+06  5.82097325292278888753e+00
1.01409722222222228538e+02  4.55997761790525402148e+00  4.06300415667473870940e+01  3.20084166666664794373e-03  1.01057998721023159305e+03  7.89947183346683997661e+06  9.57684341516230119851e+00
1.01416666666666671404e+02  4.86989928057579479770e+00  4.05900143884891733137e+01  3.17479999999998804827e-03  1.01054993764988023486e+03  7.97111249704177398235e+06  1.89423802686742099866e+01
1.01423611111111114269e+02  5.24001119104808843474e+00  3.88699760191826655387e+01  3.19839833333333822818e-03  1.01045998880895194816e+03  7.44178199802784994245e+06  1.82752383797892825612e+01
1.01430555555555557135e+02  5.23983373301577959325e+00  3.70299232613919002688e+01  3.22449952380952182748e-03  1.01042001918465200561e+03  6.91245149901392497122e+06  1.36439218709206731006e+01
1.01437500000000000000e+02  4.98000000000000042633e+00  3.72599999999999980105e+01  3.25060071428570542679e-03  1.01050000000000000000e+03  6.38312100000000000000e+06  1.12230660726774758018e+01
1.01444444444444442865e+02  5.34001918465202507491e+00  3.52902366107083125257e+01  3.29179433333331690828e-03  1.01041992326139188663e+03  5.98495316740840300918e+06  7.20912727557917332177e+00
1.01451388888888885731e+02  5.57000319744231120467e+00  3.55399280575480034372e+01  3.33415891666664909732e-03  1.01047996962429806445e+03  5.58678533481680508703e+06  5.32653476154314553526e+00
1.01458333333333328596e+02  5.29000479616305785413e+00  3.52301486810547785922e+01  3.37465650793650640688e-03  1.01040991846522797459e+03  5.18861750222520809621e+06  1.28343647607679791633e+01
1.01465277777777771462e+02  5.87995203836840296674e+00  3.46898816946420609497e+01  3.37812542328042074782e-03  1.01033995843325260466e+03  5.14303916675160452724e+06  4.01041073455812409065e+01
1.01472222222222228538e+02  5.61001278976842598922e+00  3.40599392485999814539e+01  3.38159433862434246135e-03  1.01018002557953684573e+03  5.09746083324839547276e+06  3.78748314817225022466e+01
1.01479166666666671404e+02  5.64999520383694253667e+00  3.28703261390879006854e+01  3.38490238095237854637e-03  1.01022000959232616424e+03  5.05188249994082096964e+06  4.88370454523786605705e+01
1.01486111111111114269e+02  6.14998721023075667347e+00  3.32900191846538646701e+01  3.38166825396825224473e-03  1.00998002717825966101e+03  5.04129333329388033599e+06  6.30331809599963008850e+01
1.01493055555555557135e+02  6.13991047162388081659e+00  3.31499296562759084850e+01  3.37843412698412637676e-03  1.01004998081534790799e+03  5.03070416664694063365e+06  1.74166781178148895037e+01
1.01500000000000000000e+02  6.37999999999999989342e+00  3.16900000000000012790e+01  3.37520000000000007512e-03  1.00994000000000005457e+03  5.02011500000000000000e+06  3.49263288368732958133e+01
1.01506944444444442865e+02  6.56992326139189852796e+00  3.25302685851283541751e+01  3.35733955026455482482e-03  1.00995003197442008513e+03  5.12446549980560876429e+06  3.69924762744306150353e+01
1.01513888888888885731e+02  5.95003037570195392192e+00  3.30399408473172471190e+01  3.33947910052911000819e-03  1.00979001598721151822e+03  5.22881599961121659726e+06  4.97154892863776112222e+01
1.01520833333333328596e+02  6.60003357314140171042e+00  2.98900959232611498351e+01  3.32161865079366475789e-03  1.00963999999999998636e+03  5.33316649941682536155e+06  2.25319578585648550018e+00
1.01527777777777771462e+02  6.36996163069472220997e+00  2.90601278976842571922e+01  3.34387619047616562254e-03  1.00967001278976840695e+03  5.30790683338040579110e+06  7.45553984464222807560e+00
1.01534722222222228538e+02  6.75995843325261525081e+00  3.06596386890419694282e+01  3.36712023809525480555e-03  1.00980997442046304968e+03  5.28264716661959420890e+06  3.37822581530301979669e+00
1.01541666666666671404e+02  6.29003357314140210121e+00  3.02697793764993612342e+01  3.39036428571429628367e-03  1.00965992326139109991e+03  5.25738749953345581889e+06  3.52197218304586723292e+00
1.01548611111111114269e+02  6.59005115907697369693e+00  2.96799760191826678124e+01  3.46135613888891953069e-03  1.00950000479616346638e+03  5.17390633302230387926e+06  2.13017772233642954660e+00
1.01555555555555557135e+02  6.99995523581194056817e+00  2.96298017585957360609e+01  3.53475544444447307979e-03  1.00953998721023197049e+03  5.09042516651115193963e+06  1.09948502532487637495e+01
1.01562500000000000000e+02  7.08999999999999985789e+00  3.01799999999999997158e+01  3.60265999999999928308e-03  1.00932000000000005002e+03  5.00694400000000000000e+06  2.12062742370662284941e+01
1.01569444444444442865e+02  7.13002557953603410823e+00  2.96703517186204699385e+01  3.59974333333333345805e-03  1.00927991047162390714e+03  4.85609400028101447970e+06  4.97284253606035093753e+01
1.01576388888888885731e+02  7.19001119104808861238e+00  2.93800639488462174143e+01  3.59682666666666719935e-03  1.00923999200639423179e+03  4.70524400056202895939e+06  5.77118960791118595921e+01
1.01583333333333328596e+02  7.30996163069554061309e+00  2.94199520383694270720e+01  3.59423285714285554657e-03  1.00919004796163062565e+03  4.55439400084304250777e+06  5.53362874408563456541e+01
1.01590277777777771462e+02  7.16999040767368089888e+00  2.93801662669895371494e+01  3.59804238095237823025e-03  1.00910999680255793010e+03  4.10073358417875412852e+06  5.89964214824712342988e+01
1.01597222222222228538e+02  7.22010871303162016233e+00  2.89000319744210649731e+01  3.60185190476190915387e-03  1.00915998081534735320e+03  3.64707316582124587148e+06  5.86743169695178892198e+01
1.01604166666666671404e+02  7.33999999999999985789e+00  2.82599616306955425671e+01  3.60419182539678008281e-03  1.00896999520383701565e+03  3.19341274968953477219e+06  8.00532236407515114252e+01
1.01611111111111114269e+02  7.08000959232693283241e+00  2.79100015987211556023e+01  3.54676788359785345392e-03  1.00885000000000002274e+03  3.13785958312635635957e+06  4.38827105823193406309e+01
1.01618055555555557135e+02  7.59003836930405118011e+00  2.65301854516362460856e+01  3.48934394179892682503e-03  1.00873005755395604410e+03  3.08230641656317841262e+06  4.66034427844682639375e+01
1.01625000000000000000e+02  7.49000000000000021316e+00  2.67699999999999995737e+01  3.43192000000000019613e-03  1.00882000000000005002e+03  3.02675325000000000000e+06  4.02105066256660776958e+01
1.01631944444444442865e+02  7.58007034372409371770e+00  2.71994756195113041031e+01  3.43370902116402068951e-03  1.00873998081534796256e+03  2.81798991705556632951e+06  4.00617268039602549834e+01
1.01638888888888885731e+02  7.41997122301920164489e+00  2.71400447641923534547e+01  3.43549804232804161658e-03  1.00869999200639426817e+03  2.60922658411113219336e+06  3.35022782818538189531e+01
1.01645833333333328596e+02  7.59001438848917242552e+00  2.62300527577936328782e+01  3.43728706349206210996e-03  1.00864995203836940618e+03  2.40046325116669852287e+06  2.98970706076754808578e+01
1.01652777777777771462e+02  7.74995203836840307332e+00  2.73799488409262963273e+01  3.49495402116395880929e-03  1.00853002557953686846e+03  2.32864058346717897803e+06  2.24531075367854882074e+01
1.01659722222222228538e+02  7.77993924859997676435e+00  2.76999968025578944264e+01  3.55399502645506893544e-03  1.00839999680255789372e+03  2.25681791653282102197e+06  1.87383668481964456021e+01
1.01666666666666671404e+02  7.76996642685859750799e+00  2.79997889688254737450e+01  3.61303603174605893200e-03  1.00829994724220637181e+03  2.18499524892545817420e+06  1.24558637182225009354e+01
1.01673611111111114269e+02  7.56000319744231052965e+00  2.86799680255768905113e+01  3.61416055555555549433e-03  1.00831998241406733996e+03  1.99272195761697203852e+06  1.16968630384517098264e+01
1.01680555555555557135e+02  7.69985291766780477474e+00  2.84899488409279300072e+01  3.61236492063492058147e-03  1.00818994244604402866e+03  1.80044866630848590285e+06  1.21994485920749706764e+01
1.01687500000000000000e+02  7.50999999999999978684e+00  2.82600000000000015632e+01  3.61056928571428610228e-03  1.00812999999999999545e+03  1.60817537500000000000e+06  9.56367598874533797471e+00
1.01694444444444442865e+02  7.65998081534797492509e+00  2.78698017585957380504e+01  3.58066666666667903635e-03  1.00804992965627582180e+03  1.54875483344402629882e+06  6.94572065166328567187e+00
1.01701388888888885731e+02  7.37999840127884443319e+00  2.83499648281345812961e+01  3.54858333333334672113e-03  1.00791000799360574547e+03  1.48933429188805236481e+06  2.88037189865599874139e+00
1.01708333333333328596e+02  7.50997601918471247018e+00  2.84899616306955394407e+01  3.51602888888890782737e-03  1.00778003357314139521e+03  1.42991375033207866363e+06  7.39070691379149380396e+00
1.01715277777777771462e+02  7.47000319744210639072e+00  2.89000287769789565573e+01  3.47413074074077099160e-03  1.00775001278976844787e+03  1.29028920859353127889e+06  2.25371639920516315669e+01
1.01722222222222228538e+02  7.47998081534736147802e+00  2.86800095923263178577e+01  3.43223259259254828701e-03  1.00765003517186312365e+03  1.15066466640646872111e+06  2.62422600996381945038e+01
1.01729166666666671404e+02  7.45996642685859789879e+00  2.88898561151082802212e+01  3.39339039682546488377e-03  1.00766995683453239963e+03  1.01104012450967996847e+06  3.27138195248816074923e+01
1.01736111111111114269e+02  7.41997761790382348579e+00  2.89400527577981314664e+01  3.47882359788364344672e-03  1.00758998561150963269e+03  9.23304645506453351118e+05  2.94727652497159482436e+01
1.01743055555555557135e+02  7.17001918465202514597e+00  2.94998401278997874897e+01  3.56425679894182157598e-03  1.00740008952837604284e+03  8.35569166503226617351e+05  2.47401383504914988976e+01
1.01750000000000000000e+02  7.20000000000000017764e+00  2.97199999999999988631e+01  3.64969000000000013892e-03  1.00734000000000003183e+03  7.47833687500000000000e+05  2.00919277912302831623e+01
1.01756944444444442865e+02  6.97999360511599231671e+00  3.02799488409279327072e+01  3.64983880952380939852e-03  1.00722996163069592512e+03  7.12478333399195806123e+05  1.60432035947973830048e+01
1.01763888888888885731e+02  6.85000159872115510495e+00  3.01700111910480899269e+01  3.64998761904761909181e-03  1.00709000479616349821e+03  6.77122979298391728662e+05  1.37234729878570806960e+01
1.01770833333333328596e+02  6.64999520383694253667e+00  3.07000479616305739228e+01  3.65013642857142835141e-03  1.00694005755395676260e+03  6.41767625197587534785e+05  1.10485865856303497878e+01
1.01777777777777771462e+02  6.45002238209474576536e+00  3.12300127897684269840e+01  3.66980201058198906433e-03  1.00707997761790534241e+03  6.82711645757031859830e+05  9.37584797672895220444e+00
1.01784722222222228538e+02  6.31002238209474519692e+00  3.14399776179052565794e+01  3.68994751322752759584e-03  1.00694000959232641890e+03  7.23655666742968140170e+05  7.55016965642964787975e+00
1.01791666666666671404e+02  6.12999040767388514439e+00  3.20699856115108303811e+01  3.71009301587302492767e-03  1.00692007194244581569e+03  7.64599687084664008580e+05  6.28525021178296317004e+00
1.01798611111111114269e+02  5.88997761790382323710e+00  3.28300127897692419765e+01  3.74091247222223515639e-03  1.00704999040767302176e+03  6.90281478889775928110e+05  9.35066465303975746792e+00
1.01805555555555557135e+02  5.57001918465202550124e+00  3.35599552358119410655e+01  3.77227011111112321695e-03  1.00713990407673986738e+03  6.15963270694887964055e+05  1.19099394075418771877e+01
1.01812500000000000000e+02  5.41000000000000014211e+00  3.37999999999999971578e+01  3.80241309523810010543e-03  1.00704999999999995453e+03  5.41645062500000000000e+05  1.55707858652833674995e+01
1.01819444444444442865e+02  5.27993605115991559984e+00  3.47400575539560776406e+01  3.81690052910053012267e-03  1.00719997442046405922e+03  4.67603239721263817046e+05  1.82989200257500748137e+01
1.01826388888888885731e+02  4.99999680255768907955e+00  3.53700031974423083625e+01  3.83138796296296013991e-03  1.00716000959232690093e+03  3.93561416942527634092e+05  1.83651841899963379490e+01
1.01833333333333328596e+02  4.86999520383694228798e+00  3.57800143884891710400e+01  3.84684444444442861372e-03  1.00719999040767390852e+03  3.19519594163791392930e+05  2.10465920633430023656e+01
1.01840277777777771462e+02  4.82001598721053259311e+00  3.63799744204631494426e+01  3.88152037037034535263e-03  1.00740997442046307242e+03  3.42002385374768753536e+05  1.99330058107130128064e+01
1.01847222222222228538e+02  4.66998721023157425947e+00  3.66200159872105288628e+01  3.91619629629633321521e-03  1.00750999360511582381e+03  3.64485177125231246464e+05  2.19675748142568529886e+01
1.01854166666666671404e+02  4.67998081534777021773e+00  3.68799712230216556463e+01  3.95077642857145309302e-03  1.00752000959232611876e+03  3.86967968709222215693e+05  1.32267783695873824001e+01
1.01861111111111114269e+02  4.34000799360577715902e+00  3.74799968025576859532e+01  3.98146095238096839330e-03  1.00748000000000001819e+03  3.79671395806148182601e+05  1.32450108430121940017e+01
1.01868055555555557135e+02  4.48003197442004275075e+00  3.73299744204639623035e+01  4.01214547619048456095e-03  1.00757002557953603628e+03  3.72374822903074091300e+05  1.00835333060920220305e+01
1.01875000000000000000e+02  2.99000000000000021316e+00  4.01700000000000017053e+01  4.04282999999999986124e-03  1.00766999999999995907e+03  3.65078250000000000000e+05  4.86631740014070590661e+00
1.01881944444444442865e+02  3.74001278976801732057e+00  3.70799232613918974266e+01  4.32837563492055859421e-03  1.00772000000000002728e+03  3.33256500059279846027e+05  6.86771450707141006831e+00
1.01888888888888885731e+02  3.65001278976924359299e+00  3.72798976818460516824e+01  4.61392126984111819454e-03  1.00760001278976926642e+03  3.01434750118559750263e+05  6.43573866694742147132e+00
1.01895833333333328596e+02  4.08003836930445906717e+00  3.47300383693044594224e+01  4.89946690476167692752e-03  1.00778995203836939254e+03  2.69613000177839596290e+05  1.08118850811482758445e+01
1.01902777777777771462e+02  4.02999680255789360928e+00  3.46900127897684242839e+01  4.68123322751347152593e-03  1.00763002557953689120e+03  2.69686937499862222467e+05  7.68762997811037429585e+00
1.01909722222222228538e+02  4.05000319744210646178e+00  3.47099488409262946220e+01  4.45061153439136811261e-03  1.00783998401278950041e+03  2.69760875000137777533e+05  5.99990089907628920685e+00
1.01916666666666671404e+02  4.04001918465222953358e+00  3.39301342925656044258e+01  4.21998984126973567671e-03  1.00763004796163056653e+03  2.69834812517383485101e+05  2.22283886365029070831e+00
1.01923611111111114269e+02  3.75998401278844518458e+00  3.48400031974423143311e+01  4.19304703703703325612e-03  1.00765001758593268733e+03  2.72945333344922342803e+05  2.81416605788210505423e+00
1.01930555555555557135e+02  3.56008952837611891695e+00  3.43600575539560750826e+01  4.17637375661375747499e-03  1.00782999360511598752e+03  2.76055854172461142298e+05  3.49178652964118718671e+00
1.01937500000000000000e+02  3.77000000000000001776e+00  3.46700000000000017053e+01  4.15970047619048169385e-03  1.00783000000000004093e+03  2.79166375000000000000e+05  2.00000000000000000000e+00
1.01944444444444442865e+02  3.60000639488400864252e+00  3.47900447641880603555e+01  4.08449200000003068839e-03  1.00777008313349210766e+03  2.67218156272258027457e+05  2.16912005226613846531e+00
1.01951388888888885731e+02  3.60000159872115554904e+00  3.53899776179038241253e+01  4.00474200000003333066e-03  1.00764002078337500734e+03  2.55269937544516025810e+05  2.33165720278274557486e+00
1.01958333333333328596e+02  3.39000959232611487337e+00  3.59200335731414028828e+01  3.92760285714286935810e-03  1.00769004316546761402e+03  2.43321718816774024162e+05  2.78128789151577926475e+00
1.01965277777777771462e+02  3.12999999999999989342e+00  3.71299712230210445796e+01  3.90224571428573292417e-03  1.00776002877697897020e+03  2.52436333316347736400e+05  2.00000000000000000000e+00
1.01972222222222228538e+02  2.92999040767368068572e+00  3.77499808153473637162e+01  3.87688857142854444854e-03  1.00776005435651575226e+03  2.61550947933652263600e+05  2.00000000000000000000e+00
1.01979166666666671404e+02  2.74999520383694262549e+00  3.78199568345324834695e+01  3.85734603174620440183e-03  1.00775004316546755945e+03  2.70665562459223321639e+05  2.00000000000000000000e+00
1.01986111111111114269e+02  2.55000479616346620304e+00  3.75600191846538677964e+01  4.07426402116413659965e-03  1.00785000159872117820e+03  2.63369187472815567162e+05  2.00000000000000000000e+00
1.01993055555555557135e+02  2.48001278976801708964e+00  3.82299232613918960055e+01  4.29118201058206836379e-03  1.00785008952837608831e+03  2.56072812486407783581e+05  2.00000000000000000000e+00
1.02000000000000000000e+02  2.16999999999999992895e+00  3.93100000000000022737e+01  4.50810000000000012793e-03  1.00794000000000005457e+03  2.48776437500000000000e+05  2.13323467467090477356e+00
