#                     time          SMEAR_TEMP_168.dat                SMEAR_RH.dat                SMEAR_CS.dat             SMEAR_PRESS.dat               SA_ground.dat                     NH3.dat
9.40000000000000000000e+01  -4.54000000000000003553e+00  6.63199999999999931788e+01  4.41866499999999957221e-03  9.88279999999999972715e+02  4.01519500000000000000e+05  9.73463673432890352899e+00
9.40069444444444428655e+01  -4.51006394884008443569e+00  6.71201087130281450754e+01  4.63923212962957104422e-03  9.88290051159072049813e+02  4.23297781209429842420e+05  1.10586679596372015055e+01
9.40138888888888857309e+01  -4.76998561150960043165e+00  6.85599088728941410409e+01  4.85979925925914164886e-03  9.88330003197442351848e+02  4.45076062418859684840e+05  9.68136763067136030259e+00
9.40208333333333285964e+01  -4.66005755395668863628e+00  6.88899952038369463025e+01  5.08036638888871312086e-03  9.88300071942445811146e+02  4.66854343628289527260e+05  9.40827939452841910395e+00
9.40277777777777714618e+01  -4.76999680255789293426e+00  6.98499360511578686328e+01  5.09663677248676019738e-03  9.88429984012789418557e+02  4.11837135519194242079e+05  9.64714497635056034142e+00
9.40347222222222285382e+01  -5.09998081534736069642e+00  7.08300607514000262199e+01  5.10788346560847334593e-03  9.88450054356515806830e+02  3.56819926980805757921e+05  9.22289717833838373906e+00
9.40416666666666714036e+01  -5.13002877697834414050e+00  7.16000191846522255901e+01  5.11913015873016394308e-03  9.88560033573141367924e+02  3.01802718728932784870e+05  7.58746186033329195197e+00
9.40486111111111142691e+01  -5.57000159872115574444e+00  7.32600383693077361613e+01  5.22759969444449093534e-03  9.88749987210230756318e+02  2.98033052069288503844e+05  4.50532273521605119981e+00
9.40555555555555571345e+01  -5.43002557953603393059e+00  7.34300063948840175954e+01  5.34097122222226567551e-03  9.88669929656275826346e+02  2.94263385409644281026e+05  1.06747294020647238710e+01
9.40625000000000000000e+01  -5.24000000000000021316e+00  7.34399999999999977263e+01  5.43168261904755037689e-03  9.88559999999999945430e+02  2.90493718750000000000e+05  1.28647807291631544047e+01
9.40694444444444428655e+01  -5.29002557953603425034e+00  7.39301023181441365750e+01  5.23033010582009058598e-03  9.88769993605115928403e+02  2.70812447953330352902e+05  8.41274505981087372675e+00
9.40763888888888857309e+01  -5.58998081534613433519e+00  7.47899648281345861278e+01  5.02897759259263079507e-03  9.88729993605115396349e+02  2.51131177156660734909e+05  5.93338028034123343701e+00
9.40833333333333285964e+01  -5.77000479616305739228e+00  7.60400575539567000760e+01  4.84390666666660411888e-03  9.88910014388489116754e+02  2.31449906359991087811e+05  5.72975804178328651517e+00
9.40902777777777714618e+01  -6.00000319744210663941e+00  7.73700031974421165160e+01  4.98175388888879005361e-03  9.88970000000000027285e+02  2.01669531305497366702e+05  1.16407782936810324514e+01
9.40972222222222285382e+01  -5.87999040767368086335e+00  7.81000063948842040418e+01  5.11960111111125701355e-03  9.88999984012789468579e+02  1.71889156194502662402e+05  8.23126260167573420290e+00
9.41041666666666714036e+01  -6.02002398081528689033e+00  7.89799760191847184387e+01  5.25609563492069990776e-03  9.88950033573141467969e+02  1.42108781312774954131e+05  1.17324358280007174926e+01
9.41111111111111142691e+01  -6.21000479616346634515e+00  8.02600239808173370193e+01  5.33758042328046685560e-03  9.89199982414067335412e+02  1.53341427125183312455e+05  7.82421738164457103437e+00
9.41180555555555571345e+01  -6.51999360511599146406e+00  8.20997761790597024856e+01  5.41906521164023293607e-03  9.89140083133492112211e+02  1.64574072937591641676e+05  8.03290220798735710162e+00
9.41250000000000000000e+01  -6.87000000000000010658e+00  8.34599999999999937472e+01  5.50054999999999988392e-03  9.89240000000000009095e+02  1.75806718750000000000e+05  4.87076857639346449957e+00
9.41319444444444428655e+01  -6.80996802557995728478e+00  8.43900511590720725508e+01  5.40281521164023750131e-03  9.89200083133492171328e+02  1.67421687515620258637e+05  7.49602285912893595565e+00
9.41388888888888857309e+01  -6.72000639488462159221e+00  8.45399728217403634289e+01  5.30508042328047511871e-03  9.89229995203836551809e+02  1.59036656281240488170e+05  1.20768376217261099725e+01
9.41458333333333285964e+01  -6.74001438848917278079e+00  8.52300191846522352535e+01  5.20734563492071273610e-03  9.89340009592326168786e+02  1.50651625046860717703e+05  1.05508845780271869330e+01
9.41527777777777714618e+01  -6.93000319744210635520e+00  8.62000543565158068304e+01  5.33376486772472839515e-03  9.89399952038368383000e+02  1.27601171917955784011e+05  8.46422974967898511522e+00
9.41597222222222285382e+01  -6.62998401278946758453e+00  8.65399872102315868005e+01  5.46569608465617955834e-03  9.89429993605115782884e+02  1.04550718707044230541e+05  9.83053879522150175774e+00
9.41666666666666714036e+01  -6.84000479616305767649e+00  8.68400911270980913059e+01  5.59762730158736183939e-03  9.89330076738608909181e+02  8.15002655659772572108e+04  8.39756334086803590822e+00
9.41736111111111142691e+01  -6.82999040767306730970e+00  8.66700000000000017053e+01  5.56585796296295547830e-03  9.89509974420461503541e+02  7.09390233981515048072e+04  8.00935423725983852705e+00
9.41805555555555571345e+01  -7.09998721023198253732e+00  8.74498593125518226543e+01  5.52583481481481748193e-03  9.89469993605115973878e+02  6.03777812303257524036e+04  5.57010744473379126873e+00
9.41875000000000000000e+01  -7.04999999999999982236e+00  8.82600000000000051159e+01  5.48581166666667948556e-03  9.89490000000000009095e+02  4.98165390625000000000e+04  6.89520221353561701960e+00
9.41944444444444428655e+01  -7.01997442046396535886e+00  8.96999040767398696516e+01  5.57115766666662921153e-03  9.89420083133492084926e+02  5.68655286327019639430e+04  6.20672406285827449324e+00
9.42013888888888857309e+01  -6.95000159872115563786e+00  8.97899920063942289516e+01  5.66623058333329352593e-03  9.89530003197442283636e+02  6.39145182029039278859e+04  5.19074417379218822077e+00
9.42083333333333285964e+01  -7.37000959232611485561e+00  8.99099760191847110491e+01  5.75137476190481274768e-03  9.89659985611510819581e+02  7.09635077731058991048e+04  6.34006845770328553158e+00
9.42152777777777714618e+01  -7.70001918465263912594e+00  8.99099840127894651687e+01  5.63959896825404899401e-03  9.89659980815347353200e+02  8.29308749776981567265e+04  5.14080563624007247370e+00
9.42222222222222285382e+01  -7.61001918465263926805e+00  9.07000415667473873782e+01  5.52782317460305625684e-03  9.89559977617905246916e+02  9.48982422098018432735e+04  6.49736737828067401068e+00
9.42291666666666714036e+01  -7.61997601918471278992e+00  9.14599232613910686496e+01  5.43448769841322135155e-03  9.89569990407673913069e+02  1.06865609362306087860e+05  6.47015369899494441341e+00
9.42361111111111142691e+01  -7.88999520383653329958e+00  9.17000111910480910637e+01  6.09105846560881354634e-03  9.89699979216625024492e+02  1.04594221345704048872e+05  9.54083998547979206251e+00
9.42430555555555571345e+01  -7.69007034372409403744e+00  9.27999040767398639673e+01  6.74762923280440660850e-03  9.89719910471623961712e+02  1.02322833329102024436e+05  6.25521462352955470720e+00
9.42500000000000000000e+01  -7.75999999999999978684e+00  9.30999999999999943157e+01  7.40419999999999967066e-03  9.89639999999999986358e+02  1.00051445312500000000e+05  4.49437672482691219500e+00
9.42569444444444428655e+01  -7.98995523581194078133e+00  9.30299616306959507028e+01  7.69007962962955406161e-03  9.89590025579536018085e+02  1.04369341137789640925e+05  6.99164995796646593362e+00
9.42638888888888857309e+01  -7.79999680255768890191e+00  9.19900335731442595488e+01  7.97595925925910845256e-03  9.89610015987211568245e+02  1.08687236963079281850e+05  7.29872008923291737403e+00
9.42708333333333285964e+01  -7.51000479616305760544e+00  9.00899424460433095874e+01  8.26183888888866110878e-03  9.89959976019184750839e+02  1.13005132788368937327e+05  1.45287615790342954369e+01
9.42777777777777714618e+01  -7.14002238209474526798e+00  8.93300383693052708622e+01  8.16874068783079651523e-03  9.89820000000000050022e+02  1.23684593730098247761e+05  1.39084352720940742643e+01
9.42847222222222285382e+01  -6.92999360511578643695e+00  8.64799776179052628322e+01  8.06632335978828621248e-03  9.89920003197442042620e+02  1.34364054707401752239e+05  6.10346516020078322384e+00
9.42916666666666714036e+01  -6.74997601918471268334e+00  8.57000671462828051972e+01  7.96390603174598581127e-03  9.89900023980815262803e+02  1.45043516021743038436e+05  3.96451202080179943010e+00
9.42986111111111142691e+01  -6.66999999999999992895e+00  8.47099712230191954632e+01  8.73449316666700600886e-03  9.90020011191048070032e+02  2.16034781514495378360e+05  2.63668644268178979928e+01
9.43055555555555571345e+01  -6.87998081534797467640e+00  8.44998465227837982638e+01  9.54909733333364832419e-03  9.89950108713028157581e+02  2.87026047007247689180e+05  4.28036865682022664714e+01
9.43125000000000000000e+01  -6.62000000000000010658e+00  8.39300000000000068212e+01  1.03497602380954491219e-02  9.89919999999999959073e+02  3.58017312500000000000e+05  4.88417916468257047313e+01
9.43194444444444428655e+01  -6.40994884092793260066e+00  8.33699936051159937733e+01  1.09707357671958143780e-02  9.90020025579535968063e+02  5.92595541229677386582e+05  6.20096293725383418405e+01
9.43263888888888857309e+01  -6.23999680255768929271e+00  8.26599920063942192883e+01  1.15917112962961796341e-02  9.90019995203836515429e+02  8.27173769959354656748e+05  7.77976747519690832178e+01
9.43333333333333285964e+01  -6.02996163069554125258e+00  8.21900335731414060092e+01  1.21757276190476871475e-02  9.90059894484412666316e+02  1.06175199868903215975e+06  6.19713398145623415303e+01
9.43402777777777714618e+01  -5.71999999999999975131e+00  8.19600159872105251679e+01  1.20267196825397902626e-02  9.89970044764189538000e+02  1.28803749957830458879e+06  6.30422722888511586348e+01
9.43472222222222285382e+01  -5.26997761790525398595e+00  8.05799872102315788425e+01  1.18777117460315880665e-02  9.89989955235810498380e+02  1.51432300042169541121e+06  6.91673848737216729887e+01
9.43541666666666714036e+01  -4.94001918465222988885e+00  7.88400767386089285083e+01  1.17798468253984024712e-02  9.89900062350119696930e+02  1.74060850046420330182e+06  7.40082619945374773351e+01
9.43611111111111142691e+01  -4.72999680255768950587e+00  7.74800047961634703597e+01  1.37617978835989345637e-02  9.89959995203836569999e+02  1.82367079197613568977e+06  8.53306771264147840839e+01
9.43680555555555571345e+01  -4.28003197442004257312e+00  7.56001918465202464859e+01  1.57437489417994666563e-02  9.89960051159072122573e+02  1.90673308348806784488e+06  9.77476630244842681350e+01
9.43750000000000000000e+01  -4.05999999999999960920e+00  7.43299999999999982947e+01  1.77257000000000004836e-02  9.90029999999999972715e+02  1.98979537500000000000e+06  9.42391586782020596047e+01
9.43819444444444428655e+01  -3.98002557953603375296e+00  7.25999040767398611251e+01  2.13841457671947975105e-02  9.89879942446043969539e+02  2.02122045827479241416e+06  8.84575938005786781559e+01
9.43888888888888857309e+01  -4.08999520383653347722e+00  7.16899952038365313456e+01  2.50425915343895910681e-02  9.89850000000000022737e+02  2.05264554154958482832e+06  9.37943286719418694020e+01
9.43958333333333285964e+01  -3.47999520383694260772e+00  7.09601630695439382635e+01  2.87010373015843880951e-02  9.90020047961630552891e+02  2.08407062482437724248e+06  9.32152308725849110260e+01
9.44027777777777714618e+01  -3.48998401278946790427e+00  6.94202557953685186476e+01  2.27040512698478830211e-02  9.90029996802557889168e+02  2.15286166653847089037e+06  9.21631031731336065604e+01
9.44097222222222285382e+01  -2.59997442046314830577e+00  6.60800415667473828307e+01  1.64696365872970956756e-02  9.90010022382094689419e+02  2.22165270846152910963e+06  1.00163360130762498557e+02
9.44166666666666714036e+01  -1.72010071942420506019e+00  6.18106426858496931231e+01  1.02352219047590689560e-02  9.90060028776978242604e+02  2.29044375276985904202e+06  1.01509142522581058188e+02
9.44236111111111142691e+01  -1.28000479616346640732e+00  5.75500543565192828055e+01  8.40983277777747340043e-03  9.89999988808951911778e+02  2.78606883517990633845e+06  1.02849057730149127110e+02
9.44305555555555571345e+01  -6.90185451636246005691e-01  5.58303709032724881922e+01  6.80674746031758193948e-03  9.89879961630695902386e+02  3.28169391758995316923e+06  8.88612730488659536832e+01
9.44375000000000000000e+01  -6.30000000000000004441e-01  5.24500000000000028422e+01  5.20366214285768961118e-03  9.89710000000000036380e+02  3.77731900000000000000e+06  7.42123025178697162119e+01
9.44444444444444428655e+01  1.09936051159915143538e-01  4.94093669064831573223e+01  5.05191911111112570976e-03  9.89670038369304052139e+02  4.57798633184179197997e+06  6.90037611055214199496e+01
9.44513888888888857309e+01  2.70000000000000017764e-01  4.77199648281345787382e+01  5.01278022222223854087e-03  9.89590009592326964594e+02  5.37865366368358395994e+06  5.43134135411538210292e+01
9.44583333333333285964e+01  5.99990407673885228768e-01  4.61799040767388504491e+01  4.98032047619043072295e-03  9.89530014388489121302e+02  6.17932099552537687123e+06  4.73152992218866828011e+01
9.44652777777777714618e+01  1.42996482813682868063e+00  4.55898209432420387088e+01  5.08033039682532442521e-03  9.89579977617905342413e+02  5.78602833406625594944e+06  6.75903594220037291507e+01
9.44722222222222285382e+01  1.60993285371576400067e+00  4.42296546762524940277e+01  5.18034031746042369221e-03  9.89519984012789450389e+02  5.39273566593374405056e+06  6.25650436376852425724e+01
9.44791666666666714036e+01  1.89000959232611465133e+00  4.30199760191847175861e+01  5.27430412698400626764e-03  9.89569942446043341988e+02  4.99944300125259533525e+06  7.40629371715945126198e+01
9.44861111111111142691e+01  2.14000639488462196525e+00  4.22201119104808810789e+01  5.12239275132267066204e-03  9.89349990407673089976e+02  5.22357633416839689016e+06  9.62804925244492153524e+01
9.44930555555555571345e+01  2.18004476418805959170e+00  4.26895395683513854124e+01  4.97048137566133592380e-03  9.89300025579535940778e+02  5.44770966708419844508e+06  1.08884684407822916796e+02
9.45000000000000000000e+01  2.41000000000000014211e+00  4.17500000000000000000e+01  4.81857000000000031820e-03  9.89200000000000045475e+02  5.67184300000000000000e+06  1.31727077615093378427e+02
9.45069444444444428655e+01  2.57994884092793208552e+00  4.10902557953603420060e+01  4.76523335978837423582e-03  9.89129884892087829940e+02  5.23312983415060024709e+06  1.30211549493769183528e+02
9.45138888888888857309e+01  2.83000479616346645173e+00  4.12699360511537847174e+01  4.71189671957674815345e-03  9.88940003197442365490e+02  4.79441666830120049417e+06  1.31490492567568651339e+02
9.45208333333333285964e+01  3.62004316546751647721e+00  4.00799040767388490281e+01  4.65856007936512120371e-03  9.88920028776978256246e+02  4.35570350245179980993e+06  1.12535555483845470803e+02
9.45277777777777714618e+01  3.61999360511578727184e+00  3.93800735411684499354e+01  4.67023201058199607244e-03  9.88830041566747468096e+02  3.67780366792997019365e+06  8.68077060492505410139e+01
9.45347222222222285382e+01  4.02999360511578696986e+00  3.92800671462842387882e+01  4.68350251322752295785e-03  9.88689996802557971023e+02  2.99990383207003027201e+06  7.76773518033475625089e+01
9.45416666666666714036e+01  4.19000479616305820940e+00  3.94899616306955394407e+01  4.69677301587302208769e-03  9.88490086330935014303e+02  2.32200400190367177129e+06  6.47206626591517277802e+01
9.45486111111111142691e+01  4.99000479616346659384e+00  4.05300495603558204039e+01  4.84954488888895540039e-03  9.88380025579538482816e+02  2.66263775126911466941e+06  5.99846031438222055954e+01
9.45555555555555571345e+01  4.53002557953603446350e+00  4.18899040767398744833e+01  5.00935044444450645884e-03  9.88400076738608049709e+02  3.00327150063455710188e+06  7.18279017959954870776e+01
9.45625000000000000000e+01  4.48000000000000042633e+00  4.13100000000000022737e+01  5.17159714285720870097e-03  9.88399999999999977263e+02  3.34390525000000000000e+06  2.90534717424298989386e+01
9.45694444444444428655e+01  4.79001278976801714293e+00  4.06001023181441382803e+01  5.36530746031747482472e-03  9.88209891286971924274e+02  3.69160383268561493605e+06  3.44438999003112016339e+01
9.45763888888888857309e+01  4.78999680255768911508e+00  4.12499472422018698126e+01  5.55901777777774094846e-03  9.88189984012788499967e+02  4.03930241537123033777e+06  4.89795577957834282756e+01
9.45833333333333285964e+01  4.87010071942420541546e+00  4.18300575539566850125e+01  5.74898460317455062274e-03  9.88049980815347680618e+02  4.38700099805684573948e+06  6.42851811697956065927e+01
9.45902777777777714618e+01  4.94002557953685261793e+00  4.28600607514000202514e+01  5.86470550264541878177e-03  9.87809964828136799042e+02  4.41736999994340538979e+06  7.19642911519006815979e+01
9.45972222222222285382e+01  5.36001278976842598922e+00  4.25998529176631066662e+01  5.98042640211652459792e-03  9.87580038369305270862e+02  4.44773900005659461021e+06  6.83196102070695872044e+01
9.46041666666666714036e+01  5.43995683453248357608e+00  4.26600431654675134041e+01  6.09294182539681095090e-03  9.87479961630695584063e+02  4.47810799938024114817e+06  7.06222747175313969592e+01
9.46111111111111142691e+01  5.66999200639422262782e+00  4.31600383693077276348e+01  6.07510121693120765801e-03  9.87289996802557652700e+02  4.36721133292016107589e+06  7.87229917542559576304e+01
9.46180555555555571345e+01  5.46001278976801707188e+00  4.31400767386081014365e+01  6.05726060846560349776e-03  9.87190038369304147636e+02  4.25631466646008007228e+06  7.25106319698059564871e+01
9.46250000000000000000e+01  5.50000000000000000000e+00  4.31000000000000014211e+01  6.03942000000000020488e-03  9.86970000000000027285e+02  4.14541800000000000000e+06  6.98535189238302791637e+01
9.46319444444444428655e+01  5.40994884092793260066e+00  4.41601215027961586657e+01  6.69906616402098954721e-03  9.86959904076739917400e+02  3.96656758366650901735e+06  7.21835869943013932470e+01
9.46388888888888857309e+01  5.20001598721155477989e+00  4.47899504396441798804e+01  7.35871232804197802219e-03  9.86819976019182718119e+02  3.78771716733301756904e+06  8.24005340059051860635e+01
9.46458333333333285964e+01  5.26996163069554057756e+00  4.52499904076738843628e+01  8.01835849206296649716e-03  9.86539990407673826667e+02  3.60886675099952658638e+06  7.60006333423226720925e+01
9.46527777777777714618e+01  5.21999040767368072125e+00  4.53599424460420834748e+01  7.28087227513309412363e-03  9.86530028776978952010e+02  2.92431145960903959349e+06  7.24435163278613032389e+01
9.46597222222222285382e+01  4.71001918465263891278e+00  4.74200383693052813783e+01  6.50903034391478799159e-03  9.86450009592326409802e+02  2.23975616539096040651e+06  6.96721284742439479487e+01
9.46666666666666714036e+01  5.30998081534777011115e+00  4.69000383693044611277e+01  5.73718841269806219263e-03  9.86349995203837011104e+02  1.55520087427327898331e+06  6.73684439806317811872e+01
9.46736111111111142691e+01  5.37998081534613437071e+00  4.79299872102307560340e+01  5.73318296296296964210e-03  9.86300019184653820048e+02  1.42516495784885273315e+06  5.31743350947851922683e+01
9.46805555555555571345e+01  5.05003836930405114458e+00  4.81896227018434970546e+01  5.76789195767195457532e-03  9.86260031974420030565e+02  1.29512904142442625016e+06  4.75538973815219563335e+01
9.46875000000000000000e+01  4.40000000000000035527e+00  5.02299999999999968736e+01  5.80260095238094037590e-03  9.86230000000000018190e+02  1.16509312500000000000e+06  4.00758756916439011775e+01
9.46944444444444428655e+01  4.48998721023198310576e+00  5.16301918465202547281e+01  5.92473144444439440287e-03  9.86049929656275821799e+02  1.07858064599449513480e+06  4.29824805646074494803e+01
9.47013888888888857309e+01  4.63999360511537783935e+00  5.23800095923269353193e+01  6.05364463888883458376e-03  9.85919988808951870851e+02  9.92068166988990036771e+05  6.22669234892331289188e+01
9.47083333333333285964e+01  4.57000959232611503325e+00  5.49402350119898130743e+01  6.17716095238094418940e-03  9.85650023980815262803e+02  9.05555687983485171571e+05  7.72746832084062305057e+01
9.47152777777777714618e+01  4.43002557953685194292e+00  5.73999712230210406005e+01  6.19363912698411497870e-03  9.85559968025578882589e+02  7.53981812782466178760e+05  8.09672210058373735819e+01
9.47222222222222285382e+01  4.17997122302104173741e+00  5.93500991207053019139e+01  6.21011730158731872775e-03  9.85439964828136908181e+02  6.02407937217533821240e+05  7.18635416481570956648e+01
9.47291666666666714036e+01  3.97000959232611494443e+00  6.18698944844127325382e+01  6.22701523809526553271e-03  9.85170033573141381567e+02  4.50834062159490014892e+05  5.61454029768481746032e+01
9.47361111111111142691e+01  3.79000479616346641620e+00  6.38600575539615959997e+01  6.26098349206351007662e-03  9.85380007993605772754e+02  3.89904864356326637790e+05  4.73739692519899406875e+01
9.47430555555555571345e+01  3.57998081534797440995e+00  6.66198081534797523773e+01  6.29495174603175548789e-03  9.85240102318144181481e+02  3.28975666553163318895e+05  3.81736790305121616029e+01
9.47500000000000000000e+01  3.33999999999999985789e+00  6.89399999999999977263e+01  6.32892000000000003179e-03  9.85090000000000031832e+02  2.68046468750000000000e+05  3.15642157317557092711e+01
9.47569444444444428655e+01  3.19999360511599162393e+00  7.03300703437240883886e+01  6.44976325396822217084e-03  9.85049923261391882079e+02  2.50823348990417813184e+05  2.89955684754330960118e+01
9.47638888888888857309e+01  3.02999840127884434438e+00  7.20999808153461287930e+01  6.57060650793644344253e-03  9.84920012789769202755e+02  2.33600229230835626367e+05  2.28833516261992890861e+01
9.47708333333333285964e+01  2.89999999999999991118e+00  7.34200623501197497944e+01  6.69144976190466558158e-03  9.84799980815347680618e+02  2.16377109471253439551e+05  2.07292011173320105399e+01
9.47777777777777714618e+01  2.73001598721053229113e+00  7.45899712230210383268e+01  6.77498941798933013853e-03  9.84749990407673635673e+02  2.19451026035938266432e+05  1.71248798708161054094e+01
9.47847222222222285382e+01  2.63999360511578728961e+00  7.69501886490842821331e+01  6.85761177248683188173e-03  9.84669987210231511199e+02  2.22524942714061733568e+05  1.71812050256329982290e+01
9.47916666666666714036e+01  2.49002398081528708573e+00  7.92199808153477675887e+01  6.94023412698416448940e-03  9.84629952038369424372e+02  2.25598859308986167889e+05  1.33257738325096966037e+01
9.47986111111111142691e+01  2.39999520383653353051e+00  8.02600303757019588602e+01  7.02044925000003348231e-03  9.84510015987211545507e+02  2.13786666622657445259e+05  1.74002578950114035194e+01
9.48055555555555571345e+01  2.37999999999999989342e+00  8.20099616306959546819e+01  7.10054300000003118382e-03  9.84579923261391968481e+02  2.01974473936328722630e+05  2.78575714678142851710e+01
9.48125000000000000000e+01  2.35999999999999987566e+00  8.35499999999999971578e+01  7.17916047619049629142e-03  9.84360000000000013642e+02  1.90162281250000000000e+05  3.17985685464426310887e+01
9.48194444444444428655e+01  2.04998721023198271496e+00  8.65802494004763332214e+01  7.23875042328042759415e-03  9.84280070343724105442e+02  1.47706714922839310020e+05  2.66068722816245859519e+01
9.48263888888888857309e+01  1.63000319744231081387e+00  9.09599536370864854007e+01  7.29834037037035889689e-03  9.84280012789769216397e+02  1.05251148595678620040e+05  3.19903759476665747741e+01
9.48333333333333285964e+01  1.18995203836942620157e+00  9.41501438848917331370e+01  7.36213126984120325852e-03  9.84140086330934991565e+02  6.27955822685179155087e+04  3.81404443992733988011e+01
9.48402777777777714618e+01  4.90022382094745356795e-01  9.59399392485999698010e+01  7.50924105820095257047e-03  9.84269993605115814717e+02  5.81824323002635210287e+04  3.28906966977467121183e+01
9.48472222222222285382e+01  3.00012789768425880421e-01  9.71600383693052691569e+01  7.65635084656100285694e-03  9.84139990407673622030e+02  5.35692825434864789713e+04  3.06605471340894304433e+01
9.48541666666666714036e+01  3.50004796163057352310e-01  9.78199856115108161703e+01  7.80221936507944063138e-03  9.83809971223021648257e+02  4.89561328023353416938e+04  2.42244672688309812258e+01
9.48611111111111142691e+01  2.79995203836533701480e-01  9.82900047961634726335e+01  7.89760957671962679494e-03  9.83739966426855744430e+02  4.71373190036402302212e+04  1.98513285679919491145e+01
9.48680555555555571345e+01  2.99980815347974549834e-01  9.86999808153479705197e+01  7.99299978835981382586e-03  9.83490044764188041881e+02  4.53185052049451187486e+04  1.88169357176901996809e+01
9.48750000000000000000e+01  3.59999999999999986677e-01  9.90000000000000000000e+01  8.08839000000000085677e-03  9.83470000000000027285e+02  4.34996914062500000000e+04  1.45649009923250503107e+01
9.48819444444444428655e+01  5.30031974420042462093e-01  9.92100255795360226330e+01  8.17945150793648358134e-03  9.83220031974420066945e+02  4.41208281238429044606e+04  1.66713881724771972870e+01
9.48888888888888857309e+01  7.19998401278844513129e-01  9.93700000000000045475e+01  8.27051301587296804063e-03  9.83000006394884621841e+02  4.47419648414358016453e+04  1.02511543973222476467e+01
9.48958333333333285964e+01  8.69999999999999995559e-01  9.94899999999999948841e+01  8.36157452380945076520e-03  9.83049913669064949318e+02  4.53631015590287061059e+04  1.02726781107139562010e+01
9.49027777777777714618e+01  9.39996802557893418317e-01  9.95699999999999931788e+01  8.34490486772488868072e-03  9.82830012789768488801e+02  4.30781119834248675033e+04  7.88234849165115569747e+00
9.49097222222222285382e+01  1.13999360511578684552e+00  9.96700031974421136738e+01  8.32558608465606975191e-03  9.82540035171863110008e+02  4.07931223915751324967e+04  6.62154301813465107074e+00
9.49166666666666714036e+01  1.19000959232611469574e+00  9.97299952038369497131e+01  8.30626730158729245646e-03  9.82460076738608904634e+02  3.85081328129268295015e+04  7.18286665673177537883e+00
9.49236111111111142691e+01  1.33001278976924353081e+00  9.98400000000000034106e+01  8.19104962962960599093e-03  9.82590007993605809133e+02  3.85845078127845554263e+04  1.32596115958153042413e+01
9.49305555555555571345e+01  1.42999360511599138412e+00  9.99000000000000056843e+01  8.07099671957672848421e-03  9.82520134292564193856e+02  3.86608828126422740752e+04  9.51509784522413148977e+00
9.49375000000000000000e+01  1.52000000000000001776e+00  9.99500000000000028422e+01  7.95094380952384924277e-03  9.82669999999999959073e+02  3.87372578125000000000e+04  4.97153549241966974392e+00
9.49444444444444428655e+01  1.53001278976801691201e+00  1.00000000000000000000e+02  7.32509300000025627420e-03  9.82449884892087879962e+02  3.30158424585749307880e+04  6.46061753111167380581e+00
9.49513888888888857309e+01  1.60000159872115554904e+00  1.00000000000000000000e+02  6.65999925000027546973e-03  9.82069987210230806340e+02  2.72944271046498688520e+04  5.66874091985651062942e+00
9.49583333333333285964e+01  1.70000479616305733011e+00  1.00000000000000000000e+02  6.03563682539674274674e-03  9.82150057553956685297e+02  2.15730117507248032780e+04  5.22929750819596517175e+00
9.49652777777777714618e+01  1.76000000000000000888e+00  1.00000000000000000000e+02  6.21911235449722210600e-03  9.82350038369305252672e+02  1.97629404330606666917e+04  7.69957313120756214886e+00
9.49722222222222285382e+01  1.79000319744210645290e+00  1.00000000000000000000e+02  6.40258788359807790025e-03  9.82310019184652560398e+02  1.79528691372518333083e+04  4.06257673765960714007e+00
9.49791666666666714036e+01  1.81999520383694268766e+00  1.00000000000000000000e+02  6.57923321428563381147e-03  9.82450014388489194062e+02  1.61427977614847932273e+04  3.81743658431081689386e+00
9.49861111111111142691e+01  1.85999520383653371702e+00  1.00000000000000000000e+02  6.47811714285708925565e-03  9.82400007993605754564e+02  2.47317107815288181882e+01  2.00000000000000000000e+00
9.49930555555555571345e+01  1.93998721023198306135e+00  1.00000000000000000000e+02  6.37700107142854469983e-03  9.82390070343724119084e+02  1.60933343399217374099e+04  7.79505958743852289672e+00
9.50000000000000000000e+01  1.97999999999999998224e+00  1.00000000000000000000e+02  6.27588500000000014400e-03  9.82480000000000018190e+02  3.22114003906250000000e+04  2.00000000000000000000e+00
