      1.060000000000e+02      4.389867592638e+00      3.197810886237e-01      7.811076739855e-01      1.244040019300e+00      2.138929293162e+00      1.474273632408e+00      7.867548414559e-02      6.481075853299e-02      2.126474326805e-01      1.629155542603e-01      9.953669482585e-02      1.101064014704e-01      9.537508315742e-02      1.614691238675e-01
      1.060069444444e+02      4.375141149253e+00      3.170284530379e-01      7.816621163342e-01      1.232253465861e+00      2.146128447941e+00      1.446030536623e+00      8.090844475109e-02      6.549369446485e-02      2.133459637710e-01      1.633585419716e-01      1.012857897636e-01      1.098327363504e-01      9.672880211863e-02      1.619008042443e-01
      1.060138888889e+02      4.360414705868e+00      3.142758174522e-01      7.822165586828e-01      1.220466912423e+00      2.153327602720e+00      1.417787440838e+00      8.314140535659e-02      6.617663039671e-02      2.140444948614e-01      1.638015296828e-01      1.030348847014e-01      1.095590712303e-01      9.808252107983e-02      1.623324846211e-01
      1.060208333333e+02      4.345688262483e+00      3.115231818665e-01      7.827710010315e-01      1.208680358984e+00      2.160526757499e+00      1.389544345052e+00      8.537436596209e-02      6.685956632857e-02      2.147430259518e-01      1.642445173941e-01      1.047839796392e-01      1.092854061103e-01      9.943624004104e-02      1.627641649979e-01
      1.060277777778e+02      4.330961819099e+00      3.087705462807e-01      7.833254433801e-01      1.196893805545e+00      2.167725912279e+00      1.361301249267e+00      8.760732656759e-02      6.754250226042e-02      2.154415570422e-01      1.646875051053e-01      1.065330745770e-01      1.090117409903e-01      1.007899590022e-01      1.631958453747e-01
      1.060347222222e+02      4.316235375714e+00      3.060179106950e-01      7.838798857288e-01      1.185107252106e+00      2.174925067058e+00      1.333058153482e+00      8.984028717309e-02      6.822543819228e-02      2.161400881327e-01      1.651304928166e-01      1.082821695148e-01      1.087380758702e-01      1.021436779635e-01      1.636275257516e-01
      1.060416666667e+02      4.301508932329e+00      3.032652751093e-01      7.844343280774e-01      1.173320698668e+00      2.182124221837e+00      1.304815057697e+00      9.207324777859e-02      6.890837412414e-02      2.168386192231e-01      1.655734805278e-01      1.100312644526e-01      1.084644107502e-01      1.034973969247e-01      1.640592061284e-01
      1.060486111111e+02      4.286782488944e+00      3.005126395235e-01      7.849887704260e-01      1.161534145229e+00      2.189323376616e+00      1.276571961911e+00      9.430620838409e-02      6.959131005600e-02      2.175371503135e-01      1.660164682391e-01      1.117803593904e-01      1.081907456302e-01      1.048511158859e-01      1.644908865052e-01
      1.060555555556e+02      4.272056045559e+00      2.977600039378e-01      7.855432127747e-01      1.149747591790e+00      2.196522531395e+00      1.248328866126e+00      9.653916898959e-02      7.027424598786e-02      2.182356814039e-01      1.664594559503e-01      1.135294543282e-01      1.079170805101e-01      1.062048348471e-01      1.649225668820e-01
      1.060625000000e+02      4.257329602174e+00      2.950073683521e-01      7.860976551233e-01      1.137961038351e+00      2.203721686174e+00      1.220085770341e+00      9.877212959509e-02      7.095718191972e-02      2.189342124944e-01      1.669024436616e-01      1.152785492660e-01      1.076434153901e-01      1.075585538083e-01      1.653542472588e-01
      1.060694444444e+02      4.242603158789e+00      2.922547327663e-01      7.866520974720e-01      1.126174484912e+00      2.210920840953e+00      1.191842674555e+00      1.010050902006e-01      7.164011785157e-02      2.196327435848e-01      1.673454313729e-01      1.170276442038e-01      1.073697502700e-01      1.089122727695e-01      1.657859276357e-01
      1.060763888889e+02      4.227876715404e+00      2.895020971806e-01      7.872065398206e-01      1.114387931474e+00      2.218119995732e+00      1.163599578770e+00      1.032380508061e-01      7.232305378343e-02      2.203312746752e-01      1.677884190841e-01      1.187767391415e-01      1.070960851500e-01      1.102659917307e-01      1.662176080125e-01
      1.060833333333e+02      4.213150272020e+00      2.867494615948e-01      7.877609821693e-01      1.102601378035e+00      2.225319150511e+00      1.135356482985e+00      1.054710114116e-01      7.300598971529e-02      2.210298057656e-01      1.682314067954e-01      1.205258340793e-01      1.068224200300e-01      1.116197106919e-01      1.666492883893e-01
      1.060902777778e+02      4.198423828635e+00      2.839968260091e-01      7.883154245179e-01      1.090814824596e+00      2.232518305291e+00      1.107113387200e+00      1.077039720171e-01      7.368892564715e-02      2.217283368561e-01      1.686743945066e-01      1.222749290171e-01      1.065487549099e-01      1.129734296531e-01      1.670809687661e-01
      1.060972222222e+02      4.183697385250e+00      2.812441904234e-01      7.888698668665e-01      1.079028271157e+00      2.239717460070e+00      1.078870291414e+00      1.099369326226e-01      7.437186157901e-02      2.224268679465e-01      1.691173822179e-01      1.240240239549e-01      1.062750897899e-01      1.143271486143e-01      1.675126491429e-01
      1.061041666667e+02      4.168970941865e+00      2.784915548376e-01      7.894243092152e-01      1.067241717718e+00      2.246916614849e+00      1.050627195629e+00      1.121698932281e-01      7.505479751087e-02      2.231253990369e-01      1.695603699291e-01      1.257731188927e-01      1.060014246698e-01      1.156808675755e-01      1.679443295197e-01
      1.061111111111e+02      4.154244498480e+00      2.757389192519e-01      7.899787515638e-01      1.055455164280e+00      2.254115769628e+00      1.022384099844e+00      1.144028538336e-01      7.573773344272e-02      2.238239301273e-01      1.700033576404e-01      1.275222138305e-01      1.057277595498e-01      1.170345865367e-01      1.683760098966e-01
      1.061180555556e+02      4.139518055095e+00      2.729862836662e-01      7.905331939125e-01      1.043668610841e+00      2.261314924407e+00      9.941410040583e-01      1.166358144391e-01      7.642066937458e-02      2.245224612178e-01      1.704463453516e-01      1.292713087683e-01      1.054540944298e-01      1.183883054979e-01      1.688076902734e-01
      1.061250000000e+02      4.110008397781e+00      2.705492923877e-01      7.884549931578e-01      1.036429433814e+00      2.260913391471e+00      9.766045441381e-01      1.179947265914e-01      7.644918736032e-02      2.246305395593e-01      1.707116057101e-01      1.307052481134e-01      1.051726075989e-01      1.198271638999e-01      1.712547579601e-01
      1.061319444444e+02      4.069982672144e+00      2.683368353083e-01      7.845040565504e-01      1.032425041947e+00      2.255105094371e+00      9.666842707118e-01      1.187318826564e-01      7.601218385216e-02      2.243185981758e-01      1.708504393663e-01      1.319150009075e-01      1.048855567787e-01      1.213265864105e-01      1.751354753760e-01
      1.061388888889e+02      4.029956946507e+00      2.661243782289e-01      7.805531199431e-01      1.028420650081e+00      2.249296797271e+00      9.567639972855e-01      1.194690387215e-01      7.557518034400e-02      2.240066567924e-01      1.709892730226e-01      1.331247537016e-01      1.045985059585e-01      1.228260089211e-01      1.790161927920e-01
      1.061458333333e+02      3.989931220870e+00      2.639119211496e-01      7.766021833357e-01      1.024416258214e+00      2.243488500171e+00      9.468437238592e-01      1.202061947865e-01      7.513817683584e-02      2.236947154089e-01      1.711281066788e-01      1.343345064956e-01      1.043114551382e-01      1.243254314318e-01      1.828969102080e-01
      1.061527777778e+02      3.949905495233e+00      2.616994640702e-01      7.726512467283e-01      1.020411866347e+00      2.237680203071e+00      9.369234504329e-01      1.209433508515e-01      7.470117332768e-02      2.233827740254e-01      1.712669403351e-01      1.355442592897e-01      1.040244043180e-01      1.258248539424e-01      1.867776276239e-01
      1.061597222222e+02      3.909879769596e+00      2.594870069909e-01      7.687003101209e-01      1.016407474480e+00      2.231871905971e+00      9.270031770066e-01      1.216805069165e-01      7.426416981952e-02      2.230708326420e-01      1.714057739913e-01      1.367540120837e-01      1.037373534978e-01      1.273242764530e-01      1.906583450399e-01
      1.061666666667e+02      3.869854043959e+00      2.572745499115e-01      7.647493735135e-01      1.012403082613e+00      2.226063608870e+00      9.170829035803e-01      1.224176629816e-01      7.382716631136e-02      2.227588912585e-01      1.715446076476e-01      1.379637648778e-01      1.034503026775e-01      1.288236989637e-01      1.945390624559e-01
      1.061736111111e+02      3.829828318322e+00      2.550620928321e-01      7.607984369062e-01      1.008398690747e+00      2.220255311770e+00      9.071626301539e-01      1.231548190466e-01      7.339016280320e-02      2.224469498751e-01      1.716834413038e-01      1.391735176719e-01      1.031632518573e-01      1.303231214743e-01      1.984197798718e-01
      1.061805555556e+02      3.789802592685e+00      2.528496357528e-01      7.568475002988e-01      1.004394298880e+00      2.214447014670e+00      8.972423567276e-01      1.238919751116e-01      7.295315929505e-02      2.221350084916e-01      1.718222749601e-01      1.403832704659e-01      1.028762010371e-01      1.318225439849e-01      2.023004972878e-01
      1.061875000000e+02      3.749776867048e+00      2.506371786734e-01      7.528965636914e-01      1.000389907013e+00      2.208638717570e+00      8.873220833013e-01      1.246291311766e-01      7.251615578689e-02      2.218230671081e-01      1.719611086163e-01      1.415930232600e-01      1.025891502168e-01      1.333219664955e-01      2.061812147037e-01
      1.061944444444e+02      3.709751141411e+00      2.484247215941e-01      7.489456270840e-01      9.963855151464e-01      2.202830420470e+00      8.774018098750e-01      1.253662872416e-01      7.207915227873e-02      2.215111257247e-01      1.720999422726e-01      1.428027760541e-01      1.023020993966e-01      1.348213890062e-01      2.100619321197e-01
      1.062013888889e+02      3.669725415774e+00      2.462122645147e-01      7.449946904766e-01      9.923811232796e-01      2.197022123370e+00      8.674815364487e-01      1.261034433067e-01      7.164214877057e-02      2.211991843412e-01      1.722387759288e-01      1.440125288481e-01      1.020150485764e-01      1.363208115168e-01      2.139426495357e-01
      1.062083333333e+02      3.629699690137e+00      2.439998074353e-01      7.410437538693e-01      9.883767314128e-01      2.191213826269e+00      8.575612630224e-01      1.268405993717e-01      7.120514526241e-02      2.208872429578e-01      1.723776095851e-01      1.452222816422e-01      1.017279977561e-01      1.378202340274e-01      2.178233669516e-01
      1.062152777778e+02      3.589673964500e+00      2.417873503560e-01      7.370928172619e-01      9.843723395461e-01      2.185405529169e+00      8.476409895961e-01      1.275777554367e-01      7.076814175425e-02      2.205753015743e-01      1.725164432413e-01      1.464320344362e-01      1.014409469359e-01      1.393196565381e-01      2.217040843676e-01
      1.062222222222e+02      3.549648238863e+00      2.395748932766e-01      7.331418806545e-01      9.803679476793e-01      2.179597232069e+00      8.377207161697e-01      1.283149115017e-01      7.033113824609e-02      2.202633601908e-01      1.726552768976e-01      1.476417872303e-01      1.011538961157e-01      1.408190790487e-01      2.255848017836e-01
      1.062291666667e+02      3.509622513226e+00      2.373624361973e-01      7.291909440471e-01      9.763635558125e-01      2.173788934969e+00      8.278004427434e-01      1.290520675667e-01      6.989413473793e-02      2.199514188074e-01      1.727941105538e-01      1.488515400244e-01      1.008668452954e-01      1.423185015593e-01      2.294655191995e-01
      1.062361111111e+02      3.469596787589e+00      2.351499791179e-01      7.252400074398e-01      9.723591639458e-01      2.167980637869e+00      8.178801693171e-01      1.297892236318e-01      6.945713122977e-02      2.196394774239e-01      1.729329442101e-01      1.500612928184e-01      1.005797944752e-01      1.438179240700e-01      2.333462366155e-01
      1.062430555556e+02      3.429571061952e+00      2.329375220385e-01      7.212890708324e-01      9.683547720790e-01      2.162172340769e+00      8.079598958908e-01      1.305263796968e-01      6.902012772161e-02      2.193275360404e-01      1.730717778663e-01      1.512710456125e-01      1.002927436550e-01      1.453173465806e-01      2.372269540315e-01
      1.062500000000e+02      3.382363437787e+00      2.308291153534e-01      7.158738671511e-01      9.666092389152e-01      2.154596436515e+00      7.989715429053e-01      1.299407241951e-01      6.819656627225e-02      2.181457510014e-01      1.726619053321e-01      1.521905437657e-01      9.993580404499e-02      1.453794320161e-01      2.401533026270e-01
      1.062569444444e+02      3.330081912613e+00      2.287942186737e-01      7.094241812707e-01      9.664595547326e-01      2.145771744954e+00      7.906415773984e-01      1.284205226377e-01      6.709990757432e-02      2.163494347791e-01      1.718643803016e-01      1.529049814729e-01      9.952948907845e-02      1.444260608831e-01      2.424054043085e-01
      1.062638888889e+02      3.277800387439e+00      2.267593219940e-01      7.029744953904e-01      9.663098705501e-01      2.136947053393e+00      7.823116118916e-01      1.269003210804e-01      6.600324887639e-02      2.145531185567e-01      1.710668552710e-01      1.536194191802e-01      9.912317411191e-02      1.434726897501e-01      2.446575059900e-01
      1.062708333333e+02      3.225518862266e+00      2.247244253143e-01      6.965248095101e-01      9.661601863675e-01      2.128122361832e+00      7.739816463847e-01      1.253801195230e-01      6.490659017846e-02      2.127568023344e-01      1.702693302405e-01      1.543338568875e-01      9.871685914536e-02      1.425193186172e-01      2.469096076715e-01
      1.062777777778e+02      3.173237337092e+00      2.226895286346e-01      6.900751236297e-01      9.660105021850e-01      2.119297670271e+00      7.656516808778e-01      1.238599179656e-01      6.380993148053e-02      2.109604861121e-01      1.694718052100e-01      1.550482945947e-01      9.831054417882e-02      1.415659474842e-01      2.491617093530e-01
      1.062847222222e+02      3.120955811918e+00      2.206546319549e-01      6.836254377494e-01      9.658608180024e-01      2.110472978710e+00      7.573217153709e-01      1.223397164083e-01      6.271327278260e-02      2.091641698897e-01      1.686742801794e-01      1.557627323020e-01      9.790422921228e-02      1.406125763512e-01      2.514138110344e-01
      1.062916666667e+02      3.068674286744e+00      2.186197352752e-01      6.771757518691e-01      9.657111338199e-01      2.101648287150e+00      7.489917498641e-01      1.208195148509e-01      6.161661408467e-02      2.073678536674e-01      1.678767551489e-01      1.564771700092e-01      9.749791424574e-02      1.396592052183e-01      2.536659127159e-01
      1.062986111111e+02      3.016392761571e+00      2.165848385955e-01      6.707260659887e-01      9.655614496373e-01      2.092823595589e+00      7.406617843572e-01      1.192993132936e-01      6.051995538674e-02      2.055715374451e-01      1.670792301183e-01      1.571916077165e-01      9.709159927919e-02      1.387058340853e-01      2.559180143974e-01
      1.063055555556e+02      2.964111236397e+00      2.145499419158e-01      6.642763801084e-01      9.654117654548e-01      2.083998904028e+00      7.323318188503e-01      1.177791117362e-01      5.942329668881e-02      2.037752212227e-01      1.662817050878e-01      1.579060454237e-01      9.668528431265e-02      1.377524629523e-01      2.581701160789e-01
      1.063125000000e+02      2.911829711223e+00      2.125150452361e-01      6.578266942281e-01      9.652620812722e-01      2.075174212467e+00      7.240018533435e-01      1.162589101789e-01      5.832663799088e-02      2.019789050004e-01      1.654841800573e-01      1.586204831310e-01      9.627896934611e-02      1.367990918194e-01      2.604222177604e-01
      1.063194444444e+02      2.859548186050e+00      2.104801485565e-01      6.513770083477e-01      9.651123970897e-01      2.066349520906e+00      7.156718878366e-01      1.147387086215e-01      5.722997929296e-02      2.001825887781e-01      1.646866550267e-01      1.593349208383e-01      9.587265437957e-02      1.358457206864e-01      2.626743194419e-01
      1.063263888889e+02      2.807266660876e+00      2.084452518768e-01      6.449273224674e-01      9.649627129071e-01      2.057524829345e+00      7.073419223297e-01      1.132185070641e-01      5.613332059503e-02      1.983862725557e-01      1.638891299962e-01      1.600493585455e-01      9.546633941302e-02      1.348923495534e-01      2.649264211234e-01
      1.063333333333e+02      2.754985135702e+00      2.064103551971e-01      6.384776365871e-01      9.648130287246e-01      2.048700137785e+00      6.990119568229e-01      1.116983055068e-01      5.503666189710e-02      1.965899563334e-01      1.630916049657e-01      1.607637962528e-01      9.506002444648e-02      1.339389784205e-01      2.671785228048e-01
      1.063402777778e+02      2.702703610529e+00      2.043754585174e-01      6.320279507068e-01      9.646633445420e-01      2.039875446224e+00      6.906819913160e-01      1.101781039494e-01      5.394000319917e-02      1.947936401111e-01      1.622940799351e-01      1.614782339600e-01      9.465370947994e-02      1.329856072875e-01      2.694306244863e-01
      1.063472222222e+02      2.650422085355e+00      2.023405618377e-01      6.255782648264e-01      9.645136603595e-01      2.031050754663e+00      6.823520258091e-01      1.086579023921e-01      5.284334450124e-02      1.929973238887e-01      1.614965549046e-01      1.621926716673e-01      9.424739451340e-02      1.320322361545e-01      2.716827261678e-01
      1.063541666667e+02      2.598140560181e+00      2.003056651580e-01      6.191285789461e-01      9.643639761769e-01      2.022226063102e+00      6.740220603023e-01      1.071377008347e-01      5.174668580331e-02      1.912010076664e-01      1.606990298740e-01      1.629071093745e-01      9.384107954685e-02      1.310788650216e-01      2.739348278493e-01
      1.063611111111e+02      2.545859035007e+00      1.982707684783e-01      6.126788930658e-01      9.642142919943e-01      2.013401371541e+00      6.656920947954e-01      1.056174992773e-01      5.065002710538e-02      1.894046914441e-01      1.599015048435e-01      1.636215470818e-01      9.343476458031e-02      1.301254938886e-01      2.761869295308e-01
      1.063680555556e+02      2.493577509834e+00      1.962358717986e-01      6.062292071854e-01      9.640646078118e-01      2.004576679980e+00      6.573621292885e-01      1.040972977200e-01      4.955336840745e-02      1.876083752217e-01      1.591039798130e-01      1.643359847891e-01      9.302844961377e-02      1.291721227556e-01      2.784390312123e-01
      1.063750000000e+02      2.459822362321e+00      1.950753999576e-01      6.013694562859e-01      9.636904104200e-01      1.997971915175e+00      6.547971117863e-01      1.030318862701e-01      4.938171564051e-02      1.871080480238e-01      1.577217094412e-01      1.669706190561e-01      9.280626265681e-02      1.282347071209e-01      2.825869460204e-01
      1.063819444444e+02      2.438888345879e+00      1.945200715328e-01      5.976100157198e-01      9.631608392507e-01      1.992903444858e+00      6.562217114310e-01      1.022812111214e-01      4.985021080211e-02      1.875046066314e-01      1.559347675897e-01      1.709341203162e-01      9.271150100598e-02      1.273083334469e-01      2.880468533308e-01
      1.063888888889e+02      2.417954329437e+00      1.939647431081e-01      5.938505751538e-01      9.626312680813e-01      1.987834974541e+00      6.576463110758e-01      1.015305359728e-01      5.031870596371e-02      1.879011652389e-01      1.541478257381e-01      1.748976215763e-01      9.261673935515e-02      1.263819597729e-01      2.935067606411e-01
      1.063958333333e+02      2.397020312995e+00      1.934094146834e-01      5.900911345878e-01      9.621016969120e-01      1.982766504224e+00      6.590709107205e-01      1.007798608241e-01      5.078720112531e-02      1.882977238464e-01      1.523608838866e-01      1.788611228365e-01      9.252197770432e-02      1.254555860989e-01      2.989666679515e-01
      1.064027777778e+02      2.376086296553e+00      1.928540862586e-01      5.863316940218e-01      9.615721257426e-01      1.977698033907e+00      6.604955103653e-01      1.000291856754e-01      5.125569628691e-02      1.886942824540e-01      1.505739420350e-01      1.828246240966e-01      9.242721605349e-02      1.245292124248e-01      3.044265752619e-01
      1.064097222222e+02      2.355152280111e+00      1.922987578339e-01      5.825722534558e-01      9.610425545733e-01      1.972629563590e+00      6.619201100100e-01      9.927851052667e-02      5.172419144851e-02      1.890908410615e-01      1.487870001835e-01      1.867881253567e-01      9.233245440265e-02      1.236028387508e-01      3.098864825722e-01
      1.064166666667e+02      2.334218263669e+00      1.917434294092e-01      5.788128128898e-01      9.605129834039e-01      1.967561093274e+00      6.633447096548e-01      9.852783537797e-02      5.219268661011e-02      1.894873996690e-01      1.470000583320e-01      1.907516266169e-01      9.223769275182e-02      1.226764650768e-01      3.153463898826e-01
      1.064236111111e+02      2.313284247227e+00      1.911881009844e-01      5.750533723237e-01      9.599834122346e-01      1.962492622957e+00      6.647693092995e-01      9.777716022928e-02      5.266118177171e-02      1.898839582766e-01      1.452131164804e-01      1.947151278770e-01      9.214293110099e-02      1.217500914028e-01      3.208062971930e-01
      1.064305555556e+02      2.292350230785e+00      1.906327725597e-01      5.712939317577e-01      9.594538410652e-01      1.957424152640e+00      6.661939089443e-01      9.702648508058e-02      5.312967693331e-02      1.902805168841e-01      1.434261746289e-01      1.986786291371e-01      9.204816945016e-02      1.208237177288e-01      3.262662045033e-01
      1.064375000000e+02      2.271416214343e+00      1.900774441350e-01      5.675344911917e-01      9.589242698959e-01      1.952355682323e+00      6.676185085890e-01      9.627580993189e-02      5.359817209491e-02      1.906770754916e-01      1.416392327773e-01      2.026421303972e-01      9.195340779933e-02      1.198973440547e-01      3.317261118137e-01
      1.064444444444e+02      2.250482197901e+00      1.895221157102e-01      5.637750506257e-01      9.583946987265e-01      1.947287212006e+00      6.690431082338e-01      9.552513478319e-02      5.406666725651e-02      1.910736340992e-01      1.398522909258e-01      2.066056316574e-01      9.185864614850e-02      1.189709703807e-01      3.371860191240e-01
      1.064513888889e+02      2.229548181459e+00      1.889667872855e-01      5.600156100597e-01      9.578651275572e-01      1.942218741689e+00      6.704677078786e-01      9.477445963450e-02      5.453516241811e-02      1.914701927067e-01      1.380653490743e-01      2.105691329175e-01      9.176388449766e-02      1.180445967067e-01      3.426459264344e-01
      1.064583333333e+02      2.208614165017e+00      1.884114588608e-01      5.562561694937e-01      9.573355563878e-01      1.937150271372e+00      6.718923075233e-01      9.402378448580e-02      5.500365757971e-02      1.918667513142e-01      1.362784072227e-01      2.145326341776e-01      9.166912284683e-02      1.171182230327e-01      3.481058337448e-01
      1.064652777778e+02      2.187680148575e+00      1.878561304360e-01      5.524967289276e-01      9.568059852185e-01      1.932081801056e+00      6.733169071681e-01      9.327310933711e-02      5.547215274131e-02      1.922633099217e-01      1.344914653712e-01      2.184961354378e-01      9.157436119600e-02      1.161918493587e-01      3.535657410551e-01
      1.064722222222e+02      2.166746132133e+00      1.873008020113e-01      5.487372883616e-01      9.562764140491e-01      1.927013330739e+00      6.747415068128e-01      9.252243418841e-02      5.594064790291e-02      1.926598685293e-01      1.327045235196e-01      2.224596366979e-01      9.147959954517e-02      1.152654756846e-01      3.590256483655e-01
      1.064791666667e+02      2.145812115691e+00      1.867454735865e-01      5.449778477956e-01      9.557468428797e-01      1.921944860422e+00      6.761661064576e-01      9.177175903972e-02      5.640914306451e-02      1.930564271368e-01      1.309175816681e-01      2.264231379580e-01      9.138483789434e-02      1.143391020106e-01      3.644855556759e-01
      1.064861111111e+02      2.124878099249e+00      1.861901451618e-01      5.412184072296e-01      9.552172717104e-01      1.916876390105e+00      6.775907061023e-01      9.102108389102e-02      5.687763822611e-02      1.934529857443e-01      1.291306398165e-01      2.303866392182e-01      9.129007624351e-02      1.134127283366e-01      3.699454629862e-01
      1.064930555556e+02      2.103944082807e+00      1.856348167371e-01      5.374589666636e-01      9.546877005410e-01      1.911807919788e+00      6.790153057471e-01      9.027040874233e-02      5.734613338771e-02      1.938495443519e-01      1.273436979650e-01      2.343501404783e-01      9.119531459268e-02      1.124863546626e-01      3.754053702966e-01
      1.065000000000e+02      2.091240198107e+00      1.850804109500e-01      5.362820164335e-01      9.571923033094e-01      1.911391282036e+00      6.783782552819e-01      9.101285116649e-02      5.776336257972e-02      1.937270836018e-01      1.277475038013e-01      2.437337318939e-01      9.125100815963e-02      1.129182912182e-01      3.917062376904e-01
      1.065069444444e+02      2.084350775083e+00      1.845266569922e-01      5.369295559629e-01      9.618405033649e-01      1.914261092546e+00      6.762846806777e-01      9.281015822403e-02      5.814437315158e-02      1.932379436469e-01      1.296990392327e-01      2.569465337606e-01      9.141299602719e-02      1.143098530896e-01      4.156660768838e-01
      1.065138888889e+02      2.077461352058e+00      1.839729030345e-01      5.375770954923e-01      9.664887034204e-01      1.917130903057e+00      6.741911060735e-01      9.460746528156e-02      5.852538372343e-02      1.927488036920e-01      1.316505746642e-01      2.701593356273e-01      9.157498389476e-02      1.157014149610e-01      4.396259160773e-01
      1.065208333333e+02      2.070571929033e+00      1.834191490767e-01      5.382246350217e-01      9.711369034759e-01      1.920000713567e+00      6.720975314693e-01      9.640477233910e-02      5.890639429529e-02      1.922596637371e-01      1.336021100956e-01      2.833721374940e-01      9.173697176233e-02      1.170929768325e-01      4.635857552707e-01
      1.065277777778e+02      2.063682506008e+00      1.828653951189e-01      5.388721745511e-01      9.757851035313e-01      1.922870524077e+00      6.700039568651e-01      9.820207939664e-02      5.928740486714e-02      1.917705237822e-01      1.355536455270e-01      2.965849393607e-01      9.189895962989e-02      1.184845387039e-01      4.875455944641e-01
      1.065347222222e+02      2.056793082983e+00      1.823116411612e-01      5.395197140805e-01      9.804333035868e-01      1.925740334588e+00      6.679103822608e-01      9.999938645419e-02      5.966841543900e-02      1.912813838273e-01      1.375051809585e-01      3.097977412274e-01      9.206094749746e-02      1.198761005753e-01      5.115054336576e-01
      1.065416666667e+02      2.049903659958e+00      1.817578872034e-01      5.401672536099e-01      9.850815036423e-01      1.928610145098e+00      6.658168076566e-01      1.017966935117e-01      6.004942601085e-02      1.907922438724e-01      1.394567163899e-01      3.230105430941e-01      9.222293536503e-02      1.212676624467e-01      5.354652728511e-01
      1.065486111111e+02      2.043014236934e+00      1.812041332457e-01      5.408147931393e-01      9.897297036978e-01      1.931479955608e+00      6.637232330524e-01      1.035940005693e-01      6.043043658270e-02      1.903031039175e-01      1.414082518213e-01      3.362233449608e-01      9.238492323260e-02      1.226592243182e-01      5.594251120445e-01
      1.065555555556e+02      2.036124813909e+00      1.806503792879e-01      5.414623326687e-01      9.943779037533e-01      1.934349766119e+00      6.616296584482e-01      1.053913076268e-01      6.081144715456e-02      1.898139639626e-01      1.433597872528e-01      3.494361468275e-01      9.254691110016e-02      1.240507861896e-01      5.833849512379e-01
      1.065625000000e+02      2.029235390884e+00      1.800966253302e-01      5.421098721981e-01      9.990261038088e-01      1.937219576629e+00      6.595360838440e-01      1.071886146843e-01      6.119245772641e-02      1.893248240077e-01      1.453113226842e-01      3.626489486942e-01      9.270889896773e-02      1.254423480610e-01      6.073447904314e-01
      1.065694444444e+02      2.022345967859e+00      1.795428713724e-01      5.427574117276e-01      1.003674303864e+00      1.940089387139e+00      6.574425092398e-01      1.089859217419e-01      6.157346829827e-02      1.888356840528e-01      1.472628581157e-01      3.758617505609e-01      9.287088683530e-02      1.268339099324e-01      6.313046296248e-01
      1.065763888889e+02      2.015456544834e+00      1.789891174146e-01      5.434049512570e-01      1.008322503920e+00      1.942959197650e+00      6.553489346355e-01      1.107832287994e-01      6.195447887012e-02      1.883465440979e-01      1.492143935471e-01      3.890745524276e-01      9.303287470286e-02      1.282254718038e-01      6.552644688182e-01
      1.065833333333e+02      2.008567121809e+00      1.784353634569e-01      5.440524907864e-01      1.012970703975e+00      1.945829008160e+00      6.532553600313e-01      1.125805358570e-01      6.233548944198e-02      1.878574041430e-01      1.511659289785e-01      4.022873542943e-01      9.319486257043e-02      1.296170336753e-01      6.792243080117e-01
      1.065902777778e+02      2.001677698784e+00      1.778816094991e-01      5.447000303158e-01      1.017618904031e+00      1.948698818670e+00      6.511617854271e-01      1.143778429145e-01      6.271650001383e-02      1.873682641881e-01      1.531174644100e-01      4.155001561610e-01      9.335685043800e-02      1.310085955467e-01      7.031841472051e-01
      1.065972222222e+02      1.994788275760e+00      1.773278555414e-01      5.453475698452e-01      1.022267104086e+00      1.951568629181e+00      6.490682108229e-01      1.161751499720e-01      6.309751058569e-02      1.868791242332e-01      1.550689998414e-01      4.287129580277e-01      9.351883830557e-02      1.324001574181e-01      7.271439863986e-01
      1.066041666667e+02      1.987898852735e+00      1.767741015836e-01      5.459951093746e-01      1.026915304142e+00      1.954438439691e+00      6.469746362187e-01      1.179724570296e-01      6.347852115754e-02      1.863899842783e-01      1.570205352728e-01      4.419257598944e-01      9.368082617313e-02      1.337917192895e-01      7.511038255920e-01
      1.066111111111e+02      1.981009429710e+00      1.762203476258e-01      5.466426489040e-01      1.031563504197e+00      1.957308250201e+00      6.448810616144e-01      1.197697640871e-01      6.385953172939e-02      1.859008443234e-01      1.589720707043e-01      4.551385617611e-01      9.384281404070e-02      1.351832811610e-01      7.750636647854e-01
      1.066180555556e+02      1.974120006685e+00      1.756665936681e-01      5.472901884334e-01      1.036211704253e+00      1.960178060712e+00      6.427874870102e-01      1.215670711447e-01      6.424054230125e-02      1.854117043684e-01      1.609236061357e-01      4.683513636278e-01      9.400480190827e-02      1.365748430324e-01      7.990235039789e-01
      1.066250000000e+02      1.973566943451e+00      1.743848206648e-01      5.496704591104e-01      1.035727218184e+00      1.962677067605e+00      6.407321999374e-01      1.230372810392e-01      6.491781127109e-02      1.845937718423e-01      1.626781413321e-01      4.964671026211e-01      9.399540375132e-02      1.389436424883e-01      8.508509445084e-01
      1.066319444444e+02      1.977459754898e+00      1.725922367941e-01      5.532664918009e-01      1.031641408952e+00      1.964915902022e+00      6.387037771166e-01      1.242779848697e-01      6.580294844191e-02      1.835451436776e-01      1.642944523136e-01      5.350394117935e-01      9.386575346031e-02      1.419981157344e-01      9.222315460433e-01
      1.066388888889e+02      1.981352566344e+00      1.707996529233e-01      5.568625244913e-01      1.027555599720e+00      1.967154736439e+00      6.366753542957e-01      1.255186887003e-01      6.668808561273e-02      1.824965155130e-01      1.659107632951e-01      5.736117209659e-01      9.373610316931e-02      1.450525889805e-01      9.936121475783e-01
      1.066458333333e+02      1.985245377791e+00      1.690070690526e-01      5.604585571817e-01      1.023469790488e+00      1.969393570856e+00      6.346469314749e-01      1.267593925309e-01      6.757322278354e-02      1.814478873483e-01      1.675270742765e-01      6.121840301382e-01      9.360645287831e-02      1.481070622266e-01      1.064992749113e+00
      1.066527777778e+02      1.989138189237e+00      1.672144851818e-01      5.640545898721e-01      1.019383981256e+00      1.971632405274e+00      6.326185086541e-01      1.280000963615e-01      6.845835995436e-02      1.803992591836e-01      1.691433852580e-01      6.507563393106e-01      9.347680258731e-02      1.511615354727e-01      1.136373350648e+00
      1.066597222222e+02      1.993031000684e+00      1.654219013111e-01      5.676506225625e-01      1.015298172024e+00      1.973871239691e+00      6.305900858332e-01      1.292408001921e-01      6.934349712518e-02      1.793506310190e-01      1.707596962395e-01      6.893286484830e-01      9.334715229631e-02      1.542160087188e-01      1.207753952183e+00
      1.066666666667e+02      1.996923812130e+00      1.636293174404e-01      5.712466552530e-01      1.011212362793e+00      1.976110074108e+00      6.285616630124e-01      1.304815040226e-01      7.022863429599e-02      1.783020028543e-01      1.723760072210e-01      7.279009576554e-01      9.321750200531e-02      1.572704819649e-01      1.279134553718e+00
      1.066736111111e+02      2.000816623577e+00      1.618367335696e-01      5.748426879434e-01      1.007126553561e+00      1.978348908526e+00      6.265332401916e-01      1.317222078532e-01      7.111377146681e-02      1.772533746896e-01      1.739923182025e-01      7.664732668278e-01      9.308785171431e-02      1.603249552110e-01      1.350515155253e+00
      1.066805555556e+02      2.004709435023e+00      1.600441496989e-01      5.784387206338e-01      1.003040744329e+00      1.980587742943e+00      6.245048173708e-01      1.329629116838e-01      7.199890863763e-02      1.762047465250e-01      1.756086291840e-01      8.050455760001e-01      9.295820142330e-02      1.633794284571e-01      1.421895756788e+00
      1.066875000000e+02      2.008602246470e+00      1.582515658282e-01      5.820347533242e-01      9.989549350971e-01      1.982826577360e+00      6.224763945499e-01      1.342036155144e-01      7.288404580844e-02      1.751561183603e-01      1.772249401655e-01      8.436178851725e-01      9.282855113230e-02      1.664339017032e-01      1.493276358323e+00
      1.066944444444e+02      2.012495057916e+00      1.564589819574e-01      5.856307860146e-01      9.948691258653e-01      1.985065411778e+00      6.204479717291e-01      1.354443193450e-01      7.376918297926e-02      1.741074901956e-01      1.788412511470e-01      8.821901943448e-01      9.269890084130e-02      1.694883749493e-01      1.564656959858e+00
      1.067013888889e+02      2.016387869363e+00      1.546663980867e-01      5.892268187051e-01      9.907833166335e-01      1.987304246195e+00      6.184195489083e-01      1.366850231755e-01      7.465432015007e-02      1.730588620310e-01      1.804575621285e-01      9.207625035172e-01      9.256925055030e-02      1.725428481954e-01      1.636037561393e+00
      1.067083333333e+02      2.020280680809e+00      1.528738142160e-01      5.928228513955e-01      9.866975074016e-01      1.989543080612e+00      6.163911260874e-01      1.379257270061e-01      7.553945732089e-02      1.720102338663e-01      1.820738731100e-01      9.593348126896e-01      9.243960025930e-02      1.755973214415e-01      1.707418162928e+00
      1.067152777778e+02      2.024173492256e+00      1.510812303452e-01      5.964188840859e-01      9.826116981698e-01      1.991781915030e+00      6.143627032666e-01      1.391664308367e-01      7.642459449171e-02      1.709616057017e-01      1.836901840914e-01      9.979071218619e-01      9.230994996830e-02      1.786517946876e-01      1.778798764463e+00
      1.067222222222e+02      2.028066303703e+00      1.492886464745e-01      6.000149167763e-01      9.785258889380e-01      1.994020749447e+00      6.123342804458e-01      1.404071346673e-01      7.730973166252e-02      1.699129775370e-01      1.853064950729e-01      1.036479431034e+00      9.218029967730e-02      1.817062679337e-01      1.850179365998e+00
      1.067291666667e+02      2.031959115149e+00      1.474960626037e-01      6.036109494667e-01      9.744400797061e-01      1.996259583864e+00      6.103058576249e-01      1.416478384979e-01      7.819486883334e-02      1.688643493723e-01      1.869228060544e-01      1.075051740207e+00      9.205064938630e-02      1.847607411798e-01      1.921559967533e+00
      1.067361111111e+02      2.035851926596e+00      1.457034787330e-01      6.072069821572e-01      9.703542704743e-01      1.998498418282e+00      6.082774348041e-01      1.428885423285e-01      7.908000600416e-02      1.678157212077e-01      1.885391170359e-01      1.113624049379e+00      9.192099909529e-02      1.878152144259e-01      1.992940569068e+00
      1.067430555556e+02      2.039744738042e+00      1.439108948623e-01      6.108030148476e-01      9.662684612425e-01      2.000737252699e+00      6.062490119833e-01      1.441292461590e-01      7.996514317497e-02      1.667670930430e-01      1.901554280174e-01      1.152196358551e+00      9.179134880429e-02      1.908696876720e-01      2.064321170603e+00
      1.067500000000e+02      2.015496906085e+00      1.419843218241e-01      6.002757842532e-01      9.601133100959e-01      1.987883682605e+00      6.010847119315e-01      1.431093639508e-01      7.925430975534e-02      1.651136607796e-01      1.892314517792e-01      1.133854622273e+00      9.080719944368e-02      1.906880742506e-01      2.031748908424e+00
      1.067569444444e+02      1.971231172061e+00      1.399624353279e-01      5.797019425258e-01      9.524861285055e-01      1.964294100858e+00      5.936896994400e-01      1.404814094149e-01      7.740817951524e-02      1.630299999303e-01      1.865004372279e-01      1.075026967754e+00      8.921520048821e-02      1.882044642094e-01      1.925229572058e+00
      1.067638888889e+02      1.926965438037e+00      1.379405488318e-01      5.591281007985e-01      9.448589469152e-01      1.940704519111e+00      5.862946869484e-01      1.378534548789e-01      7.556204927514e-02      1.609463390810e-01      1.837694226766e-01      1.016199313235e+00      8.762320153274e-02      1.857208541683e-01      1.818710235691e+00
      1.067708333333e+02      1.882699704013e+00      1.359186623357e-01      5.385542590711e-01      9.372317653249e-01      1.917114937365e+00      5.788996744568e-01      1.352255003430e-01      7.371591903504e-02      1.588626782317e-01      1.810384081253e-01      9.573716587153e-01      8.603120257727e-02      1.832372441271e-01      1.712190899325e+00
      1.067777777778e+02      1.838433969989e+00      1.338967758395e-01      5.179804173438e-01      9.296045837346e-01      1.893525355618e+00      5.715046619653e-01      1.325975458071e-01      7.186978879493e-02      1.567790173824e-01      1.783073935740e-01      8.985440041960e-01      8.443920362180e-02      1.807536340860e-01      1.605671562958e+00
      1.067847222222e+02      1.794168235965e+00      1.318748893434e-01      4.974065756164e-01      9.219774021443e-01      1.869935773872e+00      5.641096494737e-01      1.299695912712e-01      7.002365855483e-02      1.546953565331e-01      1.755763790227e-01      8.397163496766e-01      8.284720466632e-02      1.782700240448e-01      1.499152226592e+00
      1.067916666667e+02      1.749902501941e+00      1.298530028473e-01      4.768327338890e-01      9.143502205540e-01      1.846346192125e+00      5.567146369821e-01      1.273416367352e-01      6.817752831473e-02      1.526116956839e-01      1.728453644714e-01      7.808886951573e-01      8.125520571085e-02      1.757864140036e-01      1.392632890225e+00
      1.067986111111e+02      1.705636767917e+00      1.278311163511e-01      4.562588921617e-01      9.067230389637e-01      1.822756610378e+00      5.493196244906e-01      1.247136821993e-01      6.633139807462e-02      1.505280348346e-01      1.701143499201e-01      7.220610406379e-01      7.966320675538e-02      1.733028039625e-01      1.286113553859e+00
      1.068055555556e+02      1.661371033894e+00      1.258092298550e-01      4.356850504343e-01      8.990958573734e-01      1.799167028632e+00      5.419246119990e-01      1.220857276634e-01      6.448526783452e-02      1.484443739853e-01      1.673833353688e-01      6.632333861186e-01      7.807120779990e-02      1.708191939213e-01      1.179594217492e+00
      1.068125000000e+02      1.617105299870e+00      1.237873433588e-01      4.151112087069e-01      8.914686757831e-01      1.775577446885e+00      5.345295995074e-01      1.194577731275e-01      6.263913759442e-02      1.463607131360e-01      1.646523208175e-01      6.044057315993e-01      7.647920884443e-02      1.683355838802e-01      1.073074881126e+00
      1.068194444444e+02      1.572839565846e+00      1.217654568627e-01      3.945373669796e-01      8.838414941928e-01      1.751987865139e+00      5.271345870159e-01      1.168298185915e-01      6.079300735432e-02      1.442770522867e-01      1.619213062662e-01      5.455780770800e-01      7.488720988896e-02      1.658519738390e-01      9.665555447593e-01
      1.068263888889e+02      1.528573831822e+00      1.197435703666e-01      3.739635252522e-01      8.762143126025e-01      1.728398283392e+00      5.197395745243e-01      1.142018640556e-01      5.894687711422e-02      1.421933914374e-01      1.591902917149e-01      4.867504225607e-01      7.329521093349e-02      1.633683637979e-01      8.600362083929e-01
      1.068333333333e+02      1.484308097798e+00      1.177216838704e-01      3.533896835249e-01      8.685871310121e-01      1.704808701645e+00      5.123445620327e-01      1.115739095197e-01      5.710074687412e-02      1.401097305881e-01      1.564592771636e-01      4.279227680414e-01      7.170321197802e-02      1.608847537567e-01      7.535168720264e-01
      1.068402777778e+02      1.440042363774e+00      1.156997973743e-01      3.328158417975e-01      8.609599494218e-01      1.681219119899e+00      5.049495495412e-01      1.089459549838e-01      5.525461663401e-02      1.380260697388e-01      1.537282626123e-01      3.690951135220e-01      7.011121302254e-02      1.584011437156e-01      6.469975356600e-01
      1.068472222222e+02      1.395776629750e+00      1.136779108781e-01      3.122420000701e-01      8.533327678315e-01      1.657629538152e+00      4.975545370496e-01      1.063180004478e-01      5.340848639391e-02      1.359424088895e-01      1.509972480609e-01      3.102674590026e-01      6.851921406707e-02      1.559175336744e-01      5.404781992933e-01
      1.068541666667e+02      1.351510895726e+00      1.116560243820e-01      2.916681583428e-01      8.457055862412e-01      1.634039956406e+00      4.901595245580e-01      1.036900459119e-01      5.156235615381e-02      1.338587480402e-01      1.482662335096e-01      2.514398044833e-01      6.692721511160e-02      1.534339236333e-01      4.339588629268e-01
      1.068611111111e+02      1.307245161702e+00      1.096341378859e-01      2.710943166154e-01      8.380784046509e-01      1.610450374659e+00      4.827645120665e-01      1.010620913760e-01      4.971622591371e-02      1.317750871909e-01      1.455352189583e-01      1.926121499640e-01      6.533521615612e-02      1.509503135921e-01      3.274395265604e-01
      1.068680555556e+02      1.262979427678e+00      1.076122513897e-01      2.505204748880e-01      8.304512230606e-01      1.586860792912e+00      4.753694995749e-01      9.843413684006e-02      4.787009567360e-02      1.296914263416e-01      1.428042044070e-01      1.337844954447e-01      6.374321720065e-02      1.484667035510e-01      2.209201901939e-01
      1.068750000000e+02      1.240471042488e+00      1.063701623531e-01      2.431665338499e-01      8.233594819792e-01      1.571341742568e+00      4.715353099795e-01      9.615808579068e-02      4.671213236156e-02      1.280462423925e-01      1.410833275750e-01      1.095372959000e-01      6.318469217459e-02      1.471838009861e-01      1.776101192379e-01
      1.068819444444e+02      1.232710927314e+00      1.056566608562e-01      2.447737335474e-01      8.166306905045e-01      1.561293320892e+00      4.701148325487e-01      9.412057334627e-02      4.602064461820e-02      1.266982810401e-01      1.400471749687e-01      1.087305389892e-01      6.332670987921e-02      1.467148008044e-01      1.771465973185e-01
      1.068888888889e+02      1.224950812139e+00      1.049431593593e-01      2.463809332448e-01      8.099018990299e-01      1.551244899216e+00      4.686943551179e-01      9.208306090186e-02      4.532915687484e-02      1.253503196877e-01      1.390110223624e-01      1.079237820783e-01      6.346872758383e-02      1.462458006228e-01      1.766830753991e-01
      1.068958333333e+02      1.217190696965e+00      1.042296578623e-01      2.479881329423e-01      8.031731075552e-01      1.541196477540e+00      4.672738776871e-01      9.004554845745e-02      4.463766913148e-02      1.240023583354e-01      1.379748697562e-01      1.071170251675e-01      6.361074528845e-02      1.457768004411e-01      1.762195534796e-01
      1.069027777778e+02      1.209430581791e+00      1.035161563654e-01      2.495953326398e-01      7.964443160805e-01      1.531148055864e+00      4.658534002563e-01      8.800803601304e-02      4.394618138812e-02      1.226543969830e-01      1.369387171499e-01      1.063102682566e-01      6.375276299307e-02      1.453078002594e-01      1.757560315602e-01
      1.069097222222e+02      1.201670466616e+00      1.028026548685e-01      2.512025323372e-01      7.897155246058e-01      1.521099634188e+00      4.644329228255e-01      8.597052356862e-02      4.325469364476e-02      1.213064356306e-01      1.359025645437e-01      1.055035113458e-01      6.389478069768e-02      1.448388000778e-01      1.752925096408e-01
      1.069166666667e+02      1.193910351442e+00      1.020891533715e-01      2.528097320347e-01      7.829867331312e-01      1.511051212512e+00      4.630124453947e-01      8.393301112421e-02      4.256320590140e-02      1.199584742783e-01      1.348664119374e-01      1.046967544349e-01      6.403679840230e-02      1.443697998961e-01      1.748289877214e-01
      1.069236111111e+02      1.186150236268e+00      1.013756518746e-01      2.544169317322e-01      7.762579416565e-01      1.501002790836e+00      4.615919679639e-01      8.189549867980e-02      4.187171815804e-02      1.186105129259e-01      1.338302593311e-01      1.038899975241e-01      6.417881610692e-02      1.439007997145e-01      1.743654658020e-01
      1.069305555556e+02      1.178390121093e+00      1.006621503777e-01      2.560241314296e-01      7.695291501818e-01      1.490954369160e+00      4.601714905331e-01      7.985798623539e-02      4.118023041468e-02      1.172625515735e-01      1.327941067249e-01      1.030832406132e-01      6.432083381154e-02      1.434317995328e-01      1.739019438825e-01
      1.069375000000e+02      1.170630005919e+00      9.994864888077e-02      2.576313311271e-01      7.628003587071e-01      1.480905947485e+00      4.587510131023e-01      7.782047379098e-02      4.048874267132e-02      1.159145902211e-01      1.317579541186e-01      1.022764837024e-01      6.446285151616e-02      1.429627993512e-01      1.734384219631e-01
      1.069444444444e+02      1.162869890745e+00      9.923514738384e-02      2.592385308246e-01      7.560715672325e-01      1.470857525809e+00      4.573305356715e-01      7.578296134657e-02      3.979725492796e-02      1.145666288688e-01      1.307218015124e-01      1.014697267916e-01      6.460486922077e-02      1.424937991695e-01      1.729749000437e-01
      1.069513888889e+02      1.155109775570e+00      9.852164588691e-02      2.608457305221e-01      7.493427757578e-01      1.460809104133e+00      4.559100582407e-01      7.374544890216e-02      3.910576718460e-02      1.132186675164e-01      1.296856489061e-01      1.006629698807e-01      6.474688692539e-02      1.420247989878e-01      1.725113781243e-01
      1.069583333333e+02      1.147349660396e+00      9.780814438998e-02      2.624529302195e-01      7.426139842831e-01      1.450760682457e+00      4.544895808099e-01      7.170793645775e-02      3.841427944124e-02      1.118707061640e-01      1.286494962998e-01      9.985621296987e-02      6.488890463001e-02      1.415557988062e-01      1.720478562049e-01
      1.069652777778e+02      1.139589545222e+00      9.709464289306e-02      2.640601299170e-01      7.358851928084e-01      1.440712260781e+00      4.530691033791e-01      6.967042401334e-02      3.772279169788e-02      1.105227448117e-01      1.276133436936e-01      9.904945605903e-02      6.503092233463e-02      1.410867986245e-01      1.715843342854e-01
      1.069722222222e+02      1.131829430047e+00      9.638114139613e-02      2.656673296145e-01      7.291564013338e-01      1.430663839105e+00      4.516486259483e-01      6.763291156892e-02      3.703130395452e-02      1.091747834593e-01      1.265771910873e-01      9.824269914818e-02      6.517294003925e-02      1.406177984429e-01      1.711208123660e-01
      1.069791666667e+02      1.124069314873e+00      9.566763989920e-02      2.672745293119e-01      7.224276098591e-01      1.420615417429e+00      4.502281485175e-01      6.559539912451e-02      3.633981621116e-02      1.078268221069e-01      1.255410384811e-01      9.743594223733e-02      6.531495774386e-02      1.401487982612e-01      1.706572904466e-01
      1.069861111111e+02      1.116309199699e+00      9.495413840227e-02      2.688817290094e-01      7.156988183844e-01      1.410566995753e+00      4.488076710867e-01      6.355788668010e-02      3.564832846780e-02      1.064788607546e-01      1.245048858748e-01      9.662918532649e-02      6.545697544848e-02      1.396797980796e-01      1.701937685272e-01
      1.069930555556e+02      1.108549084524e+00      9.424063690535e-02      2.704889287069e-01      7.089700269097e-01      1.400518574077e+00      4.473871936559e-01      6.152037423569e-02      3.495684072444e-02      1.051308994022e-01      1.234687332685e-01      9.582242841565e-02      6.559899315310e-02      1.392107978979e-01      1.697302466078e-01
      1.070000000000e+02      1.106939114136e+00      9.357453889431e-02      2.741326858992e-01      7.104533023339e-01      1.398640291752e+00      4.466976925407e-01      6.238593791503e-02      3.503983992570e-02      1.049927358600e-01      1.231050144481e-01      1.145718194852e-01      6.556983195581e-02      1.395182569668e-01      2.023748161619e-01
