      9.200000000000e+01      3.211326402461e+00      1.217203336349e-01      5.698359545544e-01      4.132820568387e-01      1.274575648575e+00      7.726075930901e-01      1.872855857337e-02      2.184182135484e-02      1.910082175568e-01      1.486761201828e-01      2.209698066128e-02      4.635156657514e-02      4.320804518674e-02      2.904324168064e-02
      9.200694444444e+01      3.182380850084e+00      1.211981752278e-01      5.655057037284e-01      4.134567485429e-01      1.268156868250e+00      7.668339868511e-01      1.888099336458e-02      2.157833574610e-02      1.901410625605e-01      1.478028473260e-01      2.238802261307e-02      4.588643733871e-02      4.264540406408e-02      2.958272690778e-02
      9.201388888889e+01      3.153435297707e+00      1.206760168206e-01      5.611754529024e-01      4.136314402470e-01      1.261738087924e+00      7.610603806121e-01      1.903342815580e-02      2.131485013735e-02      1.892739075642e-01      1.469295744692e-01      2.267906456486e-02      4.542130810228e-02      4.208276294142e-02      3.012221213493e-02
      9.202083333333e+01      3.124489745330e+00      1.201538584134e-01      5.568452020764e-01      4.138061319512e-01      1.255319307599e+00      7.552867743731e-01      1.918586294702e-02      2.105136452860e-02      1.884067525679e-01      1.460563016125e-01      2.297010651665e-02      4.495617886585e-02      4.152012181876e-02      3.066169736207e-02
      9.202777777778e+01      3.095544192954e+00      1.196317000063e-01      5.525149512504e-01      4.139808236554e-01      1.248900527273e+00      7.495131681341e-01      1.933829773823e-02      2.078787891985e-02      1.875395975716e-01      1.451830287557e-01      2.326114846844e-02      4.449104962942e-02      4.095748069610e-02      3.120118258921e-02
      9.203472222222e+01      3.066598640577e+00      1.191095415991e-01      5.481847004244e-01      4.141555153596e-01      1.242481746947e+00      7.437395618951e-01      1.949073252945e-02      2.052439331110e-02      1.866724425754e-01      1.443097558989e-01      2.355219042023e-02      4.402592039299e-02      4.039483957344e-02      3.174066781636e-02
      9.204166666667e+01      3.037653088200e+00      1.185873831919e-01      5.438544495984e-01      4.143302070638e-01      1.236062966622e+00      7.379659556561e-01      1.964316732067e-02      2.026090770236e-02      1.858052875791e-01      1.434364830421e-01      2.384323237202e-02      4.356079115656e-02      3.983219845078e-02      3.228015304351e-02
      9.204861111111e+01      3.008707535823e+00      1.180652247848e-01      5.395241987724e-01      4.145048987680e-01      1.229644186296e+00      7.321923494172e-01      1.979560211188e-02      1.999742209361e-02      1.849381325828e-01      1.425632101853e-01      2.413427432381e-02      4.309566192013e-02      3.926955732812e-02      3.281963827065e-02
      9.205555555556e+01      2.979761983446e+00      1.175430663776e-01      5.351939479464e-01      4.146795904722e-01      1.223225405970e+00      7.264187431782e-01      1.994803690310e-02      1.973393648486e-02      1.840709775865e-01      1.416899373285e-01      2.442531627560e-02      4.263053268369e-02      3.870691620546e-02      3.335912349779e-02
      9.206250000000e+01      2.950816431069e+00      1.170209079704e-01      5.308636971204e-01      4.148542821764e-01      1.216806625645e+00      7.206451369392e-01      2.010047169432e-02      1.947045087611e-02      1.832038225902e-01      1.408166644717e-01      2.471635822739e-02      4.216540344726e-02      3.814427508280e-02      3.389860872494e-02
      9.206944444444e+01      2.921870878692e+00      1.164987495632e-01      5.265334462944e-01      4.150289738806e-01      1.210387845319e+00      7.148715307002e-01      2.025290648553e-02      1.920696526737e-02      1.823366675939e-01      1.399433916149e-01      2.500740017918e-02      4.170027421083e-02      3.758163396014e-02      3.443809395208e-02
      9.207638888889e+01      2.892925326315e+00      1.159765911561e-01      5.222031954684e-01      4.152036655848e-01      1.203969064994e+00      7.090979244612e-01      2.040534127675e-02      1.894347965862e-02      1.814695125976e-01      1.390701187581e-01      2.529844213098e-02      4.123514497440e-02      3.701899283748e-02      3.497757917923e-02
      9.208333333333e+01      2.863979773939e+00      1.154544327489e-01      5.178729446424e-01      4.153783572890e-01      1.197550284668e+00      7.033243182222e-01      2.055777606797e-02      1.867999404987e-02      1.806023576013e-01      1.381968459013e-01      2.558948408277e-02      4.077001573797e-02      3.645635171482e-02      3.551706440637e-02
      9.209027777778e+01      2.835034221562e+00      1.149322743417e-01      5.135426938164e-01      4.155530489932e-01      1.191131504342e+00      6.975507119832e-01      2.071021085918e-02      1.841650844113e-02      1.797352026050e-01      1.373235730445e-01      2.588052603456e-02      4.030488650154e-02      3.589371059216e-02      3.605654963352e-02
      9.209722222222e+01      2.806088669185e+00      1.144101159346e-01      5.092124429904e-01      4.157277406974e-01      1.184712724017e+00      6.917771057442e-01      2.086264565040e-02      1.815302283238e-02      1.788680476088e-01      1.364503001877e-01      2.617156798635e-02      3.983975726511e-02      3.533106946950e-02      3.659603486066e-02
      9.210416666667e+01      2.777143116808e+00      1.138879575274e-01      5.048821921644e-01      4.159024324016e-01      1.178293943691e+00      6.860034995052e-01      2.101508044162e-02      1.788953722363e-02      1.780008926125e-01      1.355770273309e-01      2.646260993814e-02      3.937462802868e-02      3.476842834684e-02      3.713552008781e-02
      9.211111111111e+01      2.748197564431e+00      1.133657991202e-01      5.005519413384e-01      4.160771241058e-01      1.171875163366e+00      6.802298932662e-01      2.116751523283e-02      1.762605161488e-02      1.771337376162e-01      1.347037544741e-01      2.675365188993e-02      3.890949879224e-02      3.420578722418e-02      3.767500531495e-02
      9.211805555556e+01      2.719252012054e+00      1.128436407131e-01      4.962216905124e-01      4.162518158100e-01      1.165456383040e+00      6.744562870272e-01      2.131995002405e-02      1.736256600613e-02      1.762665826199e-01      1.338304816173e-01      2.704469384172e-02      3.844436955581e-02      3.364314610152e-02      3.821449054210e-02
      9.212500000000e+01      2.702822559690e+00      1.126385992789e-01      4.916789404408e-01      4.150056546298e-01      1.160791656956e+00      6.787471749837e-01      2.155340767409e-02      1.760610444300e-02      1.757387602118e-01      1.331873960316e-01      2.716957138476e-02      3.896068444514e-02      3.343338325510e-02      3.814294727417e-02
      9.213194444444e+01      2.695054841515e+00      1.126530178143e-01      4.869891308238e-01      4.127761959375e-01      1.157340819509e+00      6.900031697524e-01      2.184293698107e-02      1.820052754086e-02      1.754457720314e-01      1.327036109430e-01      2.717945528454e-02      4.015620516770e-02      3.346782889425e-02      3.764854333876e-02
      9.213888888889e+01      2.687287123340e+00      1.126674363497e-01      4.822993212067e-01      4.105467372452e-01      1.153889982062e+00      7.012591645210e-01      2.213246628806e-02      1.879495063873e-02      1.751527838510e-01      1.322198258545e-01      2.718933918431e-02      4.135172589025e-02      3.350227453341e-02      3.715413940334e-02
      9.214583333333e+01      2.679519405164e+00      1.126818548850e-01      4.776095115896e-01      4.083172785528e-01      1.150439144615e+00      7.125151592896e-01      2.242199559504e-02      1.938937373659e-02      1.748597956706e-01      1.317360407660e-01      2.719922308408e-02      4.254724661280e-02      3.353672017257e-02      3.665973546793e-02
      9.215277777778e+01      2.671751686989e+00      1.126962734204e-01      4.729197019726e-01      4.060878198605e-01      1.146988307168e+00      7.237711540582e-01      2.271152490203e-02      1.998379683446e-02      1.745668074902e-01      1.312522556775e-01      2.720910698385e-02      4.374276733536e-02      3.357116581173e-02      3.616533153251e-02
      9.215972222222e+01      2.663983968814e+00      1.127106919558e-01      4.682298923555e-01      4.038583611682e-01      1.143537469721e+00      7.350271488269e-01      2.300105420902e-02      2.057821993232e-02      1.742738193098e-01      1.307684705889e-01      2.721899088362e-02      4.493828805791e-02      3.360561145088e-02      3.567092759710e-02
      9.216666666667e+01      2.656216250638e+00      1.127251104911e-01      4.635400827384e-01      4.016289024758e-01      1.140086632274e+00      7.462831435955e-01      2.329058351600e-02      2.117264303019e-02      1.739808311295e-01      1.302846855004e-01      2.722887478339e-02      4.613380878046e-02      3.364005709004e-02      3.517652366168e-02
      9.217361111111e+01      2.648448532463e+00      1.127395290265e-01      4.588502731214e-01      3.993994437835e-01      1.136635794827e+00      7.575391383641e-01      2.358011282299e-02      2.176706612806e-02      1.736878429491e-01      1.298009004119e-01      2.723875868316e-02      4.732932950302e-02      3.367450272920e-02      3.468211972627e-02
      9.218055555556e+01      2.640680814288e+00      1.127539475619e-01      4.541604635043e-01      3.971699850912e-01      1.133184957380e+00      7.687951331327e-01      2.386964212997e-02      2.236148922592e-02      1.733948547687e-01      1.293171153234e-01      2.724864258294e-02      4.852485022557e-02      3.370894836836e-02      3.418771579085e-02
      9.218750000000e+01      2.632913096112e+00      1.127683660973e-01      4.494706538872e-01      3.949405263988e-01      1.129734119933e+00      7.800511279014e-01      2.415917143696e-02      2.295591232379e-02      1.731018665883e-01      1.288333302348e-01      2.725852648271e-02      4.972037094812e-02      3.374339400751e-02      3.369331185544e-02
      9.219444444444e+01      2.625145377937e+00      1.127827846326e-01      4.447808442702e-01      3.927110677065e-01      1.126283282486e+00      7.913071226700e-01      2.444870074394e-02      2.355033542165e-02      1.728088784079e-01      1.283495451463e-01      2.726841038248e-02      5.091589167068e-02      3.377783964667e-02      3.319890792002e-02
      9.220138888889e+01      2.617377659761e+00      1.127972031680e-01      4.400910346531e-01      3.904816090142e-01      1.122832445039e+00      8.025631174386e-01      2.473823005093e-02      2.414475851952e-02      1.725158902275e-01      1.278657600578e-01      2.727829428225e-02      5.211141239323e-02      3.381228528583e-02      3.270450398461e-02
      9.220833333333e+01      2.609609941586e+00      1.128116217034e-01      4.354012250360e-01      3.882521503218e-01      1.119381607592e+00      8.138191122073e-01      2.502775935792e-02      2.473918161738e-02      1.722229020471e-01      1.273819749693e-01      2.728817818202e-02      5.330693311579e-02      3.384673092499e-02      3.221010004919e-02
      9.221527777778e+01      2.601842223411e+00      1.128260402387e-01      4.307114154190e-01      3.860226916295e-01      1.115930770145e+00      8.250751069759e-01      2.531728866490e-02      2.533360471525e-02      1.719299138667e-01      1.268981898807e-01      2.729806208179e-02      5.450245383834e-02      3.388117656414e-02      3.171569611378e-02
      9.222222222222e+01      2.594074505235e+00      1.128404587741e-01      4.260216058019e-01      3.837932329372e-01      1.112479932698e+00      8.363311017445e-01      2.560681797189e-02      2.592802781312e-02      1.716369256863e-01      1.264144047922e-01      2.730794598156e-02      5.569797456089e-02      3.391562220330e-02      3.122129217836e-02
      9.222916666667e+01      2.586306787060e+00      1.128548773095e-01      4.213317961848e-01      3.815637742448e-01      1.109029095251e+00      8.475870965131e-01      2.589634727887e-02      2.652245091098e-02      1.713439375059e-01      1.259306197037e-01      2.731782988134e-02      5.689349528345e-02      3.395006784246e-02      3.072688824295e-02
      9.223611111111e+01      2.578539068885e+00      1.128692958448e-01      4.166419865678e-01      3.793343155525e-01      1.105578257804e+00      8.588430912818e-01      2.618587658586e-02      2.711687400885e-02      1.710509493255e-01      1.254468346152e-01      2.732771378111e-02      5.808901600600e-02      3.398451348162e-02      3.023248430753e-02
      9.224305555556e+01      2.570771350709e+00      1.128837143802e-01      4.119521769507e-01      3.771048568602e-01      1.102127420357e+00      8.700990860504e-01      2.647540589284e-02      2.771129710671e-02      1.707579611451e-01      1.249630495266e-01      2.733759768088e-02      5.928453672855e-02      3.401895912077e-02      2.973808037212e-02
      9.225000000000e+01      2.557275262571e+00      1.129054234936e-01      4.116724937626e-01      3.761373893897e-01      1.100832559049e+00      8.715402559517e-01      2.669935428755e-02      2.782127356521e-02      1.708161825202e-01      1.250451777742e-01      2.734868170248e-02      5.970113664969e-02      3.416494254916e-02      2.945697461046e-02
      9.225694444444e+01      2.539732169033e+00      1.129322832883e-01      4.145084971642e-01      3.760614993354e-01      1.101060861771e+00      8.660474028239e-01      2.689328459704e-02      2.758899591330e-02      1.711225280522e-01      1.255271151022e-01      2.736061359172e-02      5.956744098758e-02      3.438972571260e-02      2.932656073266e-02
      9.226388888889e+01      2.522189075496e+00      1.129591430831e-01      4.173445005658e-01      3.759856092811e-01      1.101289164492e+00      8.605545496960e-01      2.708721490653e-02      2.735671826139e-02      1.714288735842e-01      1.260090524302e-01      2.737254548096e-02      5.943374532546e-02      3.461450887604e-02      2.919614685485e-02
      9.227083333333e+01      2.504645981958e+00      1.129860028778e-01      4.201805039674e-01      3.759097192267e-01      1.101517467214e+00      8.550616965682e-01      2.728114521602e-02      2.712444060948e-02      1.717352191162e-01      1.264909897581e-01      2.738447737020e-02      5.930004966335e-02      3.483929203948e-02      2.906573297705e-02
      9.227777777778e+01      2.487102888420e+00      1.130128626726e-01      4.230165073690e-01      3.758338291724e-01      1.101745769936e+00      8.495688434403e-01      2.747507552551e-02      2.689216295756e-02      1.720415646482e-01      1.269729270861e-01      2.739640925944e-02      5.916635400123e-02      3.506407520293e-02      2.893531909925e-02
      9.228472222222e+01      2.469559794882e+00      1.130397224673e-01      4.258525107706e-01      3.757579391181e-01      1.101974072658e+00      8.440759903125e-01      2.766900583500e-02      2.665988530565e-02      1.723479101802e-01      1.274548644141e-01      2.740834114868e-02      5.903265833912e-02      3.528885836637e-02      2.880490522144e-02
      9.229166666667e+01      2.452016701344e+00      1.130665822621e-01      4.286885141722e-01      3.756820490638e-01      1.102202375379e+00      8.385831371846e-01      2.786293614449e-02      2.642760765374e-02      1.726542557122e-01      1.279368017421e-01      2.742027303792e-02      5.889896267700e-02      3.551364152981e-02      2.867449134364e-02
      9.229861111111e+01      2.434473607806e+00      1.130934420568e-01      4.315245175738e-01      3.756061590094e-01      1.102430678101e+00      8.330902840568e-01      2.805686645398e-02      2.619533000183e-02      1.729606012442e-01      1.284187390700e-01      2.743220492716e-02      5.876526701488e-02      3.573842469325e-02      2.854407746583e-02
      9.230555555556e+01      2.416930514268e+00      1.131203018516e-01      4.343605209754e-01      3.755302689551e-01      1.102658980823e+00      8.275974309289e-01      2.825079676347e-02      2.596305234992e-02      1.732669467762e-01      1.289006763980e-01      2.744413681640e-02      5.863157135277e-02      3.596320785669e-02      2.841366358803e-02
      9.231250000000e+01      2.399387420730e+00      1.131471616463e-01      4.371965243770e-01      3.754543789008e-01      1.102887283545e+00      8.221045778011e-01      2.844472707296e-02      2.573077469800e-02      1.735732923082e-01      1.293826137260e-01      2.745606870564e-02      5.849787569065e-02      3.618799102013e-02      2.828324971022e-02
      9.231944444444e+01      2.381844327192e+00      1.131740214411e-01      4.400325277786e-01      3.753784888465e-01      1.103115586266e+00      8.166117246733e-01      2.863865738245e-02      2.549849704609e-02      1.738796378402e-01      1.298645510540e-01      2.746800059488e-02      5.836418002854e-02      3.641277418357e-02      2.815283583242e-02
      9.232638888889e+01      2.364301233654e+00      1.132008812358e-01      4.428685311802e-01      3.753025987921e-01      1.103343888988e+00      8.111188715454e-01      2.883258769193e-02      2.526621939418e-02      1.741859833722e-01      1.303464883820e-01      2.747993248412e-02      5.823048436642e-02      3.663755734701e-02      2.802242195461e-02
      9.233333333333e+01      2.346758140116e+00      1.132277410306e-01      4.457045345818e-01      3.752267087378e-01      1.103572191710e+00      8.056260184176e-01      2.902651800142e-02      2.503394174227e-02      1.744923289042e-01      1.308284257099e-01      2.749186437336e-02      5.809678870431e-02      3.686234051046e-02      2.789200807681e-02
      9.234027777778e+01      2.329215046579e+00      1.132546008253e-01      4.485405379834e-01      3.751508186835e-01      1.103800494432e+00      8.001331652897e-01      2.922044831091e-02      2.480166409036e-02      1.747986744362e-01      1.313103630379e-01      2.750379626260e-02      5.796309304219e-02      3.708712367390e-02      2.776159419901e-02
      9.234722222222e+01      2.311671953041e+00      1.132814606201e-01      4.513765413851e-01      3.750749286292e-01      1.104028797154e+00      7.946403121619e-01      2.941437862040e-02      2.456938643844e-02      1.751050199682e-01      1.317923003659e-01      2.751572815184e-02      5.782939738008e-02      3.731190683734e-02      2.763118032120e-02
      9.235416666667e+01      2.294128859503e+00      1.133083204148e-01      4.542125447867e-01      3.749990385748e-01      1.104257099875e+00      7.891474590340e-01      2.960830892989e-02      2.433710878653e-02      1.754113655002e-01      1.322742376939e-01      2.752766004108e-02      5.769570171796e-02      3.753669000078e-02      2.750076644340e-02
      9.236111111111e+01      2.276585765965e+00      1.133351802096e-01      4.570485481883e-01      3.749231485205e-01      1.104485402597e+00      7.836546059062e-01      2.980223923938e-02      2.410483113462e-02      1.757177110322e-01      1.327561750219e-01      2.753959193032e-02      5.756200605585e-02      3.776147316422e-02      2.737035256559e-02
      9.236805555556e+01      2.259042672427e+00      1.133620400043e-01      4.598845515899e-01      3.748472584662e-01      1.104713705319e+00      7.781617527783e-01      2.999616954887e-02      2.387255348271e-02      1.760240565642e-01      1.332381123498e-01      2.755152381956e-02      5.742831039373e-02      3.798625632766e-02      2.723993868779e-02
      9.237500000000e+01      2.254159244692e+00      1.135749902359e-01      4.627282744600e-01      3.786507894419e-01      1.108207636156e+00      7.738777702532e-01      2.999244058421e-02      2.405206282856e-02      1.766561038727e-01      1.340554569163e-01      2.806343655793e-02      5.720351476734e-02      3.872291776933e-02      2.853694727476e-02
      9.238194444444e+01      2.258036905473e+00      1.139167238663e-01      4.655773395679e-01      3.851390635670e-01      1.113961536365e+00      7.704303834583e-01      2.985192203728e-02      2.451654828622e-02      1.775135522414e-01      1.351049191825e-01      2.892135973164e-02      5.691567364959e-02      3.981382323096e-02      3.082179983481e-02
      9.238888888889e+01      2.261914566255e+00      1.142584574966e-01      4.684264046759e-01      3.916273376920e-01      1.119715436574e+00      7.669829966634e-01      2.971140349034e-02      2.498103374389e-02      1.783710006101e-01      1.361543814486e-01      2.977928290535e-02      5.662783253184e-02      4.090472869258e-02      3.310665239486e-02
      9.239583333333e+01      2.265792227036e+00      1.146001911269e-01      4.712754697839e-01      3.981156118171e-01      1.125469336783e+00      7.635356098684e-01      2.957088494340e-02      2.544551920155e-02      1.792284489789e-01      1.372038437148e-01      3.063720607907e-02      5.633999141410e-02      4.199563415421e-02      3.539150495492e-02
      9.240277777778e+01      2.269669887817e+00      1.149419247573e-01      4.741245348919e-01      4.046038859422e-01      1.131223236992e+00      7.600882230735e-01      2.943036639646e-02      2.591000465922e-02      1.800858973476e-01      1.382533059809e-01      3.149512925278e-02      5.605215029635e-02      4.308653961583e-02      3.767635751497e-02
      9.240972222222e+01      2.273547548599e+00      1.152836583876e-01      4.769735999999e-01      4.110921600673e-01      1.136977137201e+00      7.566408362786e-01      2.928984784952e-02      2.637449011688e-02      1.809433457163e-01      1.393027682471e-01      3.235305242649e-02      5.576430917860e-02      4.417744507746e-02      3.996121007503e-02
      9.241666666667e+01      2.277425209380e+00      1.156253920180e-01      4.798226651079e-01      4.175804341923e-01      1.142731037410e+00      7.531934494836e-01      2.914932930259e-02      2.683897557455e-02      1.818007940850e-01      1.403522305133e-01      3.321097560021e-02      5.547646806085e-02      4.526835053908e-02      4.224606263508e-02
      9.242361111111e+01      2.281302870162e+00      1.159671256483e-01      4.826717302159e-01      4.240687083174e-01      1.148484937619e+00      7.497460626887e-01      2.900881075565e-02      2.730346103221e-02      1.826582424537e-01      1.414016927794e-01      3.406889877392e-02      5.518862694311e-02      4.635925600071e-02      4.453091519514e-02
      9.243055555556e+01      2.285180530943e+00      1.163088592787e-01      4.855207953239e-01      4.305569824425e-01      1.154238837829e+00      7.462986758937e-01      2.886829220871e-02      2.776794648988e-02      1.835156908224e-01      1.424511550456e-01      3.492682194763e-02      5.490078582536e-02      4.745016146233e-02      4.681576775519e-02
      9.243750000000e+01      2.289058191725e+00      1.166505929090e-01      4.883698604318e-01      4.370452565676e-01      1.159992738038e+00      7.428512890988e-01      2.872777366177e-02      2.823243194754e-02      1.843731391912e-01      1.435006173118e-01      3.578474512135e-02      5.461294470761e-02      4.854106692396e-02      4.910062031524e-02
      9.244444444444e+01      2.292935852506e+00      1.169923265393e-01      4.912189255398e-01      4.435335306926e-01      1.165746638247e+00      7.394039023039e-01      2.858725511483e-02      2.869691740521e-02      1.852305875599e-01      1.445500795779e-01      3.664266829506e-02      5.432510358987e-02      4.963197238559e-02      5.138547287530e-02
      9.245138888889e+01      2.296813513288e+00      1.173340601697e-01      4.940679906478e-01      4.500218048177e-01      1.171500538456e+00      7.359565155089e-01      2.844673656790e-02      2.916140286287e-02      1.860880359286e-01      1.455995418441e-01      3.750059146877e-02      5.403726247212e-02      5.072287784721e-02      5.367032543535e-02
      9.245833333333e+01      2.300691174069e+00      1.176757938000e-01      4.969170557558e-01      4.565100789428e-01      1.177254438665e+00      7.325091287140e-01      2.830621802096e-02      2.962588832054e-02      1.869454842973e-01      1.466490041103e-01      3.835851464248e-02      5.374942135437e-02      5.181378330884e-02      5.595517799540e-02
      9.246527777778e+01      2.304568834850e+00      1.180175274304e-01      4.997661208638e-01      4.629983530679e-01      1.183008338874e+00      7.290617419191e-01      2.816569947402e-02      3.009037377821e-02      1.878029326660e-01      1.476984663764e-01      3.921643781620e-02      5.346158023662e-02      5.290468877046e-02      5.824003055546e-02
      9.247222222222e+01      2.308446495632e+00      1.183592610607e-01      5.026151859718e-01      4.694866271929e-01      1.188762239083e+00      7.256143551241e-01      2.802518092708e-02      3.055485923587e-02      1.886603810347e-01      1.487479286426e-01      4.007436098991e-02      5.317373911888e-02      5.399559423209e-02      6.052488311552e-02
      9.247916666667e+01      2.312324156413e+00      1.187009946911e-01      5.054642510798e-01      4.759749013180e-01      1.194516139292e+00      7.221669683292e-01      2.788466238014e-02      3.101934469354e-02      1.895178294035e-01      1.497973909088e-01      4.093228416362e-02      5.288589800113e-02      5.508649969371e-02      6.280973567557e-02
      9.248611111111e+01      2.316201817195e+00      1.190427283214e-01      5.083133161878e-01      4.824631754431e-01      1.200270039501e+00      7.187195815342e-01      2.774414383320e-02      3.148383015120e-02      1.903752777722e-01      1.508468531749e-01      4.179020733734e-02      5.259805688338e-02      5.617740515534e-02      6.509458823562e-02
      9.249305555556e+01      2.320079477976e+00      1.193844619518e-01      5.111623812958e-01      4.889514495682e-01      1.206023939711e+00      7.152721947393e-01      2.760362528627e-02      3.194831560887e-02      1.912327261409e-01      1.518963154411e-01      4.264813051105e-02      5.231021576564e-02      5.726831061696e-02      6.737944079568e-02
      9.250000000000e+01      2.327569920749e+00      1.194721276712e-01      5.110881762832e-01      4.912411445356e-01      1.208628902068e+00      7.037224061547e-01      2.728142817761e-02      3.180261202504e-02      1.911191632260e-01      1.526269204359e-01      4.287362844656e-02      5.196105644056e-02      5.751709719836e-02      6.777491448399e-02
      9.250694444444e+01      2.337630323101e+00      1.193790616822e-01      5.089344973172e-01      4.905441719562e-01      1.208993861288e+00      6.864089581111e-01      2.682999366652e-02      3.122284926567e-02      1.903148695236e-01      1.531307056831e-01      4.264924944423e-02      5.156827828803e-02      5.716684085696e-02      6.682637479350e-02
      9.251388888889e+01      2.347690725453e+00      1.192859956932e-01      5.067808183512e-01      4.898471993769e-01      1.209358820508e+00      6.690955100675e-01      2.637855915543e-02      3.064308650630e-02      1.895105758212e-01      1.536344909303e-01      4.242487044190e-02      5.117550013549e-02      5.681658451556e-02      6.587783510300e-02
      9.252083333333e+01      2.357751127805e+00      1.191929297041e-01      5.046271393852e-01      4.891502267975e-01      1.209723779728e+00      6.517820620239e-01      2.592712464435e-02      3.006332374693e-02      1.887062821188e-01      1.541382761775e-01      4.220049143957e-02      5.078272198295e-02      5.646632817416e-02      6.492929541251e-02
      9.252777777778e+01      2.367811530157e+00      1.190998637151e-01      5.024734604192e-01      4.884532542181e-01      1.210088738948e+00      6.344686139802e-01      2.547569013326e-02      2.948356098755e-02      1.879019884164e-01      1.546420614247e-01      4.197611243725e-02      5.038994383042e-02      5.611607183276e-02      6.398075572202e-02
      9.253472222222e+01      2.377871932509e+00      1.190067977261e-01      5.003197814532e-01      4.877562816388e-01      1.210453698168e+00      6.171551659366e-01      2.502425562217e-02      2.890379822818e-02      1.870976947140e-01      1.551458466719e-01      4.175173343492e-02      4.999716567788e-02      5.576581549136e-02      6.303221603152e-02
      9.254166666667e+01      2.387932334861e+00      1.189137317371e-01      4.981661024872e-01      4.870593090594e-01      1.210818657387e+00      5.998417178930e-01      2.457282111108e-02      2.832403546881e-02      1.862934010116e-01      1.556496319191e-01      4.152735443259e-02      4.960438752535e-02      5.541555914996e-02      6.208367634103e-02
      9.254861111111e+01      2.397992737213e+00      1.188206657481e-01      4.960124235212e-01      4.863623364800e-01      1.211183616607e+00      5.825282698494e-01      2.412138659999e-02      2.774427270944e-02      1.854891073092e-01      1.561534171663e-01      4.130297543026e-02      4.921160937281e-02      5.506530280856e-02      6.113513665053e-02
      9.255555555556e+01      2.408053139565e+00      1.187275997591e-01      4.938587445552e-01      4.856653639006e-01      1.211548575827e+00      5.652148218057e-01      2.366995208891e-02      2.716450995006e-02      1.846848136068e-01      1.566572024135e-01      4.107859642793e-02      4.881883122028e-02      5.471504646716e-02      6.018659696004e-02
      9.256250000000e+01      2.418113541917e+00      1.186345337700e-01      4.917050655892e-01      4.849683913213e-01      1.211913535047e+00      5.479013737621e-01      2.321851757782e-02      2.658474719069e-02      1.838805199044e-01      1.571609876607e-01      4.085421742560e-02      4.842605306774e-02      5.436479012576e-02      5.923805726954e-02
      9.256944444444e+01      2.428173944269e+00      1.185414677810e-01      4.895513866232e-01      4.842714187419e-01      1.212278494267e+00      5.305879257185e-01      2.276708306673e-02      2.600498443132e-02      1.830762262020e-01      1.576647729080e-01      4.062983842327e-02      4.803327491521e-02      5.401453378436e-02      5.828951757905e-02
      9.257638888889e+01      2.438234346622e+00      1.184484017920e-01      4.873977076572e-01      4.835744461625e-01      1.212643453487e+00      5.132744776749e-01      2.231564855564e-02      2.542522167195e-02      1.822719324996e-01      1.581685581552e-01      4.040545942094e-02      4.764049676267e-02      5.366427744297e-02      5.734097788856e-02
      9.258333333333e+01      2.448294748974e+00      1.183553358030e-01      4.852440286912e-01      4.828774735832e-01      1.213008412707e+00      4.959610296313e-01      2.186421404455e-02      2.484545891258e-02      1.814676387971e-01      1.586723434024e-01      4.018108041861e-02      4.724771861014e-02      5.331402110157e-02      5.639243819806e-02
      9.259027777778e+01      2.458355151326e+00      1.182622698140e-01      4.830903497252e-01      4.821805010038e-01      1.213373371927e+00      4.786475815876e-01      2.141277953347e-02      2.426569615320e-02      1.806633450947e-01      1.591761286496e-01      3.995670141628e-02      4.685494045760e-02      5.296376476017e-02      5.544389850757e-02
      9.259722222222e+01      2.468415553678e+00      1.181692038250e-01      4.809366707592e-01      4.814835284244e-01      1.213738331146e+00      4.613341335440e-01      2.096134502238e-02      2.368593339383e-02      1.798590513923e-01      1.596799138968e-01      3.973232241395e-02      4.646216230506e-02      5.261350841877e-02      5.449535881707e-02
      9.260416666667e+01      2.478475956030e+00      1.180761378359e-01      4.787829917932e-01      4.807865558451e-01      1.214103290366e+00      4.440206855004e-01      2.050991051129e-02      2.310617063446e-02      1.790547576899e-01      1.601836991440e-01      3.950794341162e-02      4.606938415253e-02      5.226325207737e-02      5.354681912658e-02
      9.261111111111e+01      2.488536358382e+00      1.179830718469e-01      4.766293128272e-01      4.800895832657e-01      1.214468249586e+00      4.267072374568e-01      2.005847600020e-02      2.252640787509e-02      1.782504639875e-01      1.606874843912e-01      3.928356440929e-02      4.567660599999e-02      5.191299573597e-02      5.259827943608e-02
      9.261805555556e+01      2.498596760734e+00      1.178900058579e-01      4.744756338612e-01      4.793926106863e-01      1.214833208806e+00      4.093937894131e-01      1.960704148911e-02      2.194664511571e-02      1.774461702851e-01      1.611912696384e-01      3.905918540696e-02      4.528382784746e-02      5.156273939457e-02      5.164973974559e-02
      9.262500000000e+01      2.487731478590e+00      1.175544711991e-01      4.725438567781e-01      4.801486130682e-01      1.214222045956e+00      4.020291564220e-01      1.975987183578e-02      2.174823489166e-02      1.766263876980e-01      1.613617802098e-01      3.873502880750e-02      4.494489984000e-02      5.173584593875e-02      5.099401850952e-02
      9.263194444444e+01      2.462082521734e+00      1.170476361490e-01      4.707688499672e-01      4.819311199448e-01      1.212921267855e+00      4.016932084680e-01      2.018928988701e-02      2.181924437687e-02      1.757956624518e-01      1.612968373413e-01      3.834038086808e-02      4.464401613299e-02      5.227870032360e-02      5.054516901429e-02
      9.263888888889e+01      2.436433564877e+00      1.165408010988e-01      4.689938431563e-01      4.837136268214e-01      1.211620489755e+00      4.013572605140e-01      2.061870793824e-02      2.189025386207e-02      1.749649372056e-01      1.612318944727e-01      3.794573292867e-02      4.434313242597e-02      5.282155470844e-02      5.009631951906e-02
      9.264583333333e+01      2.410784608021e+00      1.160339660487e-01      4.672188363454e-01      4.854961336980e-01      1.210319711654e+00      4.010213125600e-01      2.104812598947e-02      2.196126334728e-02      1.741342119594e-01      1.611669516042e-01      3.755108498925e-02      4.404224871896e-02      5.336440909329e-02      4.964747002383e-02
      9.265277777778e+01      2.385135651165e+00      1.155271309986e-01      4.654438295346e-01      4.872786405746e-01      1.209018933553e+00      4.006853646060e-01      2.147754404070e-02      2.203227283249e-02      1.733034867132e-01      1.611020087356e-01      3.715643704983e-02      4.374136501195e-02      5.390726347813e-02      4.919862052860e-02
      9.265972222222e+01      2.359486694309e+00      1.150202959484e-01      4.636688227237e-01      4.890611474512e-01      1.207718155452e+00      4.003494166519e-01      2.190696209193e-02      2.210328231769e-02      1.724727614670e-01      1.610370658671e-01      3.676178911042e-02      4.344048130494e-02      5.445011786298e-02      4.874977103337e-02
      9.266666666667e+01      2.333837737452e+00      1.145134608983e-01      4.618938159128e-01      4.908436543278e-01      1.206417377352e+00      4.000134686979e-01      2.233638014316e-02      2.217429180290e-02      1.716420362208e-01      1.609721229985e-01      3.636714117100e-02      4.313959759792e-02      5.499297224782e-02      4.830092153814e-02
      9.267361111111e+01      2.308188780596e+00      1.140066258482e-01      4.601188091019e-01      4.926261612044e-01      1.205116599251e+00      3.996775207439e-01      2.276579819439e-02      2.224530128810e-02      1.708113109746e-01      1.609071801300e-01      3.597249323158e-02      4.283871389091e-02      5.553582663267e-02      4.785207204291e-02
      9.268055555556e+01      2.282539823740e+00      1.134997907980e-01      4.583438022911e-01      4.944086680810e-01      1.203815821150e+00      3.993415727899e-01      2.319521624562e-02      2.231631077331e-02      1.699805857284e-01      1.608422372615e-01      3.557784529216e-02      4.253783018390e-02      5.607868101752e-02      4.740322254768e-02
      9.268750000000e+01      2.256890866884e+00      1.129929557479e-01      4.565687954802e-01      4.961911749576e-01      1.202515043049e+00      3.990056248359e-01      2.362463429685e-02      2.238732025851e-02      1.691498604822e-01      1.607772943929e-01      3.518319735275e-02      4.223694647688e-02      5.662153540236e-02      4.695437305245e-02
      9.269444444444e+01      2.231241910027e+00      1.124861206978e-01      4.547937886693e-01      4.979736818342e-01      1.201214264948e+00      3.986696768819e-01      2.405405234809e-02      2.245832974372e-02      1.683191352359e-01      1.607123515244e-01      3.478854941333e-02      4.193606276987e-02      5.716438978721e-02      4.650552355722e-02
      9.270138888889e+01      2.205592953171e+00      1.119792856476e-01      4.530187818584e-01      4.997561887108e-01      1.199913486848e+00      3.983337289279e-01      2.448347039932e-02      2.252933922893e-02      1.674884099897e-01      1.606474086558e-01      3.439390147391e-02      4.163517906286e-02      5.770724417205e-02      4.605667406199e-02
      9.270833333333e+01      2.179943996315e+00      1.114724505975e-01      4.512437750476e-01      5.015386955874e-01      1.198612708747e+00      3.979977809738e-01      2.491288845055e-02      2.260034871413e-02      1.666576847435e-01      1.605824657873e-01      3.399925353450e-02      4.133429535585e-02      5.825009855690e-02      4.560782456676e-02
      9.271527777778e+01      2.154295039459e+00      1.109656155474e-01      4.494687682367e-01      5.033212024641e-01      1.197311930646e+00      3.976618330198e-01      2.534230650178e-02      2.267135819934e-02      1.658269594973e-01      1.605175229187e-01      3.360460559508e-02      4.103341164883e-02      5.879295294174e-02      4.515897507153e-02
      9.272222222222e+01      2.128646082602e+00      1.104587804972e-01      4.476937614258e-01      5.051037093407e-01      1.196011152545e+00      3.973258850658e-01      2.577172455301e-02      2.274236768454e-02      1.649962342511e-01      1.604525800502e-01      3.320995765566e-02      4.073252794182e-02      5.933580732659e-02      4.471012557630e-02
      9.272916666667e+01      2.102997125746e+00      1.099519454471e-01      4.459187546149e-01      5.068862162173e-01      1.194710374445e+00      3.969899371118e-01      2.620114260424e-02      2.281337716975e-02      1.641655090049e-01      1.603876371816e-01      3.281530971624e-02      4.043164423481e-02      5.987866171144e-02      4.426127608107e-02
      9.273611111111e+01      2.077348168890e+00      1.094451103970e-01      4.441437478041e-01      5.086687230939e-01      1.193409596344e+00      3.966539891578e-01      2.663056065547e-02      2.288438665495e-02      1.633347837587e-01      1.603226943131e-01      3.242066177683e-02      4.013076052780e-02      6.042151609628e-02      4.381242658584e-02
      9.274305555556e+01      2.051699212033e+00      1.089382753468e-01      4.423687409932e-01      5.104512299705e-01      1.192108818243e+00      3.963180412038e-01      2.705997870670e-02      2.295539614016e-02      1.625040585125e-01      1.602577514446e-01      3.202601383741e-02      3.982987682078e-02      6.096437048113e-02      4.336357709061e-02
      9.275000000000e+01      2.037167559507e+00      1.082642483774e-01      4.413049036605e-01      5.094701958420e-01      1.188389406145e+00      3.934812032171e-01      2.711722044444e-02      2.291837844056e-02      1.620303161155e-01      1.595652076820e-01      3.200089502826e-02      4.000872693232e-02      6.038720516031e-02      4.295151436019e-02
      9.275694444444e+01      2.030329608285e+00      1.074745166788e-01      4.407332292999e-01      5.065766604087e-01      1.182996184732e+00      3.889136308425e-01      2.691689854052e-02      2.280660081103e-02      1.618036227631e-01      1.584383343667e-01      3.223150788455e-02      4.051957557479e-02      5.903493313964e-02      4.256490981388e-02
      9.276388888889e+01      2.023491657062e+00      1.066847849801e-01      4.401615549394e-01      5.036831249755e-01      1.177602963319e+00      3.843460584678e-01      2.671657663660e-02      2.269482318151e-02      1.615769294107e-01      1.573114610514e-01      3.246212074084e-02      4.103042421726e-02      5.768266111897e-02      4.217830526756e-02
      9.277083333333e+01      2.016653705840e+00      1.058950532814e-01      4.395898805789e-01      5.007895895423e-01      1.172209741906e+00      3.797784860931e-01      2.651625473269e-02      2.258304555198e-02      1.613502360583e-01      1.561845877361e-01      3.269273359713e-02      4.154127285973e-02      5.633038909829e-02      4.179170072125e-02
      9.277777777778e+01      2.009815754618e+00      1.051053215828e-01      4.390182062183e-01      4.978960541091e-01      1.166816520494e+00      3.752109137185e-01      2.631593282877e-02      2.247126792246e-02      1.611235427059e-01      1.550577144208e-01      3.292334645342e-02      4.205212150220e-02      5.497811707762e-02      4.140509617494e-02
      9.278472222222e+01      2.002977803396e+00      1.043155898841e-01      4.384465318578e-01      4.950025186758e-01      1.161423299081e+00      3.706433413438e-01      2.611561092485e-02      2.235949029293e-02      1.608968493536e-01      1.539308411054e-01      3.315395930971e-02      4.256297014467e-02      5.362584505694e-02      4.101849162862e-02
      9.279166666667e+01      1.996139852174e+00      1.035258581854e-01      4.378748574973e-01      4.921089832426e-01      1.156030077668e+00      3.660757689691e-01      2.591528902093e-02      2.224771266340e-02      1.606701560012e-01      1.528039677901e-01      3.338457216600e-02      4.307381878714e-02      5.227357303627e-02      4.063188708231e-02
      9.279861111111e+01      1.989301900951e+00      1.027361264868e-01      4.373031831367e-01      4.892154478094e-01      1.150636856255e+00      3.615081965944e-01      2.571496711701e-02      2.213593503388e-02      1.604434626488e-01      1.516770944748e-01      3.361518502229e-02      4.358466742961e-02      5.092130101560e-02      4.024528253600e-02
      9.280555555556e+01      1.982463949729e+00      1.019463947881e-01      4.367315087762e-01      4.863219123761e-01      1.145243634842e+00      3.569406242198e-01      2.551464521309e-02      2.202415740435e-02      1.602167692964e-01      1.505502211595e-01      3.384579787858e-02      4.409551607208e-02      4.956902899493e-02      3.985867798969e-02
      9.281250000000e+01      1.975625998507e+00      1.011566630895e-01      4.361598344157e-01      4.834283769429e-01      1.139850413429e+00      3.523730518451e-01      2.531432330918e-02      2.191237977483e-02      1.599900759440e-01      1.494233478442e-01      3.407641073487e-02      4.460636471456e-02      4.821675697425e-02      3.947207344337e-02
      9.281944444444e+01      1.968788047285e+00      1.003669313908e-01      4.355881600551e-01      4.805348415097e-01      1.134457192016e+00      3.478054794704e-01      2.511400140526e-02      2.180060214530e-02      1.597633825916e-01      1.482964745289e-01      3.430702359116e-02      4.511721335703e-02      4.686448495358e-02      3.908546889706e-02
      9.282638888889e+01      1.961950096062e+00      9.957719969214e-02      4.350164856946e-01      4.776413060764e-01      1.129063970604e+00      3.432379070958e-01      2.491367950134e-02      2.168882451578e-02      1.595366892392e-01      1.471696012136e-01      3.453763644745e-02      4.562806199950e-02      4.551221293291e-02      3.869886435075e-02
      9.283333333333e+01      1.955112144840e+00      9.878746799348e-02      4.344448113341e-01      4.747477706432e-01      1.123670749191e+00      3.386703347211e-01      2.471335759742e-02      2.157704688625e-02      1.593099958868e-01      1.460427278983e-01      3.476824930374e-02      4.613891064197e-02      4.415994091223e-02      3.831225980444e-02
      9.284027777778e+01      1.948274193618e+00      9.799773629482e-02      4.338731369735e-01      4.718542352100e-01      1.118277527778e+00      3.341027623464e-01      2.451303569350e-02      2.146526925673e-02      1.590833025344e-01      1.449158545830e-01      3.499886216003e-02      4.664975928444e-02      4.280766889156e-02      3.792565525812e-02
      9.284722222222e+01      1.941436242396e+00      9.720800459615e-02      4.333014626130e-01      4.689606997767e-01      1.112884306365e+00      3.295351899717e-01      2.431271378958e-02      2.135349162720e-02      1.588566091820e-01      1.437889812677e-01      3.522947501632e-02      4.716060792691e-02      4.145539687089e-02      3.753905071181e-02
      9.285416666667e+01      1.934598291174e+00      9.641827289749e-02      4.327297882525e-01      4.660671643435e-01      1.107491084952e+00      3.249676175971e-01      2.411239188567e-02      2.124171399767e-02      1.586299158296e-01      1.426621079524e-01      3.546008787261e-02      4.767145656938e-02      4.010312485021e-02      3.715244616550e-02
      9.286111111111e+01      1.927760339951e+00      9.562854119883e-02      4.321581138919e-01      4.631736289103e-01      1.102097863539e+00      3.204000452224e-01      2.391206998175e-02      2.112993636815e-02      1.584032224772e-01      1.415352346371e-01      3.569070072890e-02      4.818230521185e-02      3.875085282954e-02      3.676584161918e-02
      9.286805555556e+01      1.920922388729e+00      9.483880950017e-02      4.315864395314e-01      4.602800934771e-01      1.096704642126e+00      3.158324728477e-01      2.371174807783e-02      2.101815873862e-02      1.581765291248e-01      1.404083613218e-01      3.592131358519e-02      4.869315385432e-02      3.739858080887e-02      3.637923707287e-02
      9.287500000000e+01      1.913202686125e+00      9.473511343091e-02      4.310339511832e-01      4.581723201199e-01      1.093979978065e+00      3.148395932704e-01      2.376631209925e-02      2.097314804295e-02      1.577723438610e-01      1.397721967302e-01      3.605043327044e-02      4.861176221892e-02      3.701398250803e-02      3.659639764706e-02
      9.288194444444e+01      1.904860039712e+00      9.511609099745e-02      4.304950174581e-01      4.566196756014e-01      1.093140608786e+00      3.163721792530e-01      2.393754402236e-02      2.097530716062e-02      1.572427632877e-01      1.394827103154e-01      3.610784958911e-02      4.811196192304e-02      3.731303082838e-02      3.724010900605e-02
      9.288888888889e+01      1.896517393298e+00      9.549706856399e-02      4.299560837329e-01      4.550670310830e-01      1.092301239508e+00      3.179047652356e-01      2.410877594547e-02      2.097746627829e-02      1.567131827144e-01      1.391932239007e-01      3.616526590779e-02      4.761216162716e-02      3.761207914873e-02      3.788382036503e-02
      9.289583333333e+01      1.888174746885e+00      9.587804613053e-02      4.294171500078e-01      4.535143865645e-01      1.091461870230e+00      3.194373512182e-01      2.428000786858e-02      2.097962539596e-02      1.561836021411e-01      1.389037374859e-01      3.622268222646e-02      4.711236133128e-02      3.791112746908e-02      3.852753172402e-02
      9.290277777778e+01      1.879832100472e+00      9.625902369707e-02      4.288782162827e-01      4.519617420461e-01      1.090622500952e+00      3.209699372008e-01      2.445123979169e-02      2.098178451363e-02      1.556540215678e-01      1.386142510712e-01      3.628009854514e-02      4.661256103540e-02      3.821017578943e-02      3.917124308301e-02
      9.290972222222e+01      1.871489454059e+00      9.664000126361e-02      4.283392825575e-01      4.504090975276e-01      1.089783131674e+00      3.225025231834e-01      2.462247171480e-02      2.098394363130e-02      1.551244409945e-01      1.383247646565e-01      3.633751486382e-02      4.611276073951e-02      3.850922410978e-02      3.981495444199e-02
      9.291666666667e+01      1.863146807646e+00      9.702097883015e-02      4.278003488324e-01      4.488564530092e-01      1.088943762396e+00      3.240351091660e-01      2.479370363790e-02      2.098610274897e-02      1.545948604212e-01      1.380352782417e-01      3.639493118249e-02      4.561296044363e-02      3.880827243012e-02      4.045866580098e-02
      9.292361111111e+01      1.854804161232e+00      9.740195639669e-02      4.272614151072e-01      4.473038084907e-01      1.088104393118e+00      3.255676951486e-01      2.496493556101e-02      2.098826186664e-02      1.540652798479e-01      1.377457918270e-01      3.645234750117e-02      4.511316014775e-02      3.910732075047e-02      4.110237715997e-02
      9.293055555556e+01      1.846461514819e+00      9.778293396323e-02      4.267224813821e-01      4.457511639722e-01      1.087265023840e+00      3.271002811312e-01      2.513616748412e-02      2.099042098430e-02      1.535356992746e-01      1.374563054122e-01      3.650976381984e-02      4.461335985187e-02      3.940636907082e-02      4.174608851895e-02
      9.293750000000e+01      1.838118868406e+00      9.816391152977e-02      4.261835476570e-01      4.441985194538e-01      1.086425654562e+00      3.286328671138e-01      2.530739940723e-02      2.099258010197e-02      1.530061187013e-01      1.371668189975e-01      3.656718013852e-02      4.411355955599e-02      3.970541739117e-02      4.238979987794e-02
      9.294444444444e+01      1.829776221993e+00      9.854488909630e-02      4.256446139318e-01      4.426458749353e-01      1.085586285283e+00      3.301654530964e-01      2.547863133034e-02      2.099473921964e-02      1.524765381280e-01      1.368773325827e-01      3.662459645719e-02      4.361375926011e-02      4.000446571152e-02      4.303351123692e-02
      9.295138888889e+01      1.821433575579e+00      9.892586666284e-02      4.251056802067e-01      4.410932304169e-01      1.084746916005e+00      3.316980390790e-01      2.564986325345e-02      2.099689833731e-02      1.519469575547e-01      1.365878461680e-01      3.668201277587e-02      4.311395896423e-02      4.030351403187e-02      4.367722259591e-02
      9.295833333333e+01      1.813090929166e+00      9.930684422938e-02      4.245667464815e-01      4.395405858984e-01      1.083907546727e+00      3.332306250616e-01      2.582109517655e-02      2.099905745498e-02      1.514173769814e-01      1.362983597532e-01      3.673942909455e-02      4.261415866835e-02      4.060256235222e-02      4.432093395490e-02
      9.296527777778e+01      1.804748282753e+00      9.968782179592e-02      4.240278127564e-01      4.379879413800e-01      1.083068177449e+00      3.347632110442e-01      2.599232709966e-02      2.100121657265e-02      1.508877964081e-01      1.360088733385e-01      3.679684541322e-02      4.211435837247e-02      4.090161067256e-02      4.496464531388e-02
      9.297222222222e+01      1.796405636340e+00      1.000687993625e-01      4.234888790313e-01      4.364352968615e-01      1.082228808171e+00      3.362957970268e-01      2.616355902277e-02      2.100337569032e-02      1.503582158348e-01      1.357193869237e-01      3.685426173190e-02      4.161455807658e-02      4.120065899291e-02      4.560835667287e-02
      9.297916666667e+01      1.788062989926e+00      1.004497769290e-01      4.229499453061e-01      4.348826523431e-01      1.081389438893e+00      3.378283830094e-01      2.633479094588e-02      2.100553480798e-02      1.498286352615e-01      1.354299005090e-01      3.691167805057e-02      4.111475778070e-02      4.149970731326e-02      4.625206803185e-02
      9.298611111111e+01      1.779720343513e+00      1.008307544955e-01      4.224110115810e-01      4.333300078246e-01      1.080550069615e+00      3.393609689920e-01      2.650602286899e-02      2.100769392565e-02      1.492990546882e-01      1.351404140942e-01      3.696909436925e-02      4.061495748482e-02      4.179875563361e-02      4.689577939084e-02
      9.299305555556e+01      1.771377697100e+00      1.012117320621e-01      4.218720778558e-01      4.317773633062e-01      1.079710700337e+00      3.408935549746e-01      2.667725479210e-02      2.100985304332e-02      1.487694741149e-01      1.348509276795e-01      3.702651068793e-02      4.011515718894e-02      4.209780395396e-02      4.753949074983e-02
      9.300000000000e+01      1.769625719487e+00      1.012655099853e-01      4.213062459975e-01      4.290029940517e-01      1.077862416487e+00      3.419710318841e-01      2.684909777312e-02      2.097415202893e-02      1.486134264824e-01      1.344451499442e-01      3.679093937780e-02      3.976187229039e-02      4.200093643002e-02      4.702463042096e-02
