#                     time          SMEAR_TEMP_168.dat             SMEAR_PRESS.dat                SMEAR_RH.dat               SMEAR_SWR.dat                SA_tower.dat               SA_ground.dat                     NH3.dat                SMEAR_CS.dat            SMEAR_GAS_CO.dat           SMEAR_GAS_NO2.dat            SMEAR_GAS_NO.dat            SMEAR_GAS_O3.dat           SMEAR_GAS_SO2.dat
9.30000000000000000000e+01  -2.49000000000000021316e+00  9.73070000000000050022e+02  9.64399999999999977263e+01  1.55051399999999994783e+00  5.85974140625000000000e+04  1.18984757812500000000e+05  3.95138427125256352923e+00  6.25632500000000008056e-03  1.84348000000000013188e+02  5.83999999999999963585e-01  5.00000000000000027756e-02  5.10300000000000011369e+01  1.79999999999999993339e-01
9.30069444444444428655e+01  -2.64000000000000012434e+00  9.73150070343724109989e+02  9.65099680255799654560e+01  1.38233890793697966615e+00  6.04698398402619059198e+04  1.18484023438432806870e+05  4.14745914345783095456e+00  5.99268247354504349916e-03  1.83916666665976720196e+02  5.67333066662400575808e-01  5.00000000000000027756e-02  5.11273333334890267565e+01  2.09999744002026783596e-01
9.30138888888888857309e+01  -2.75999840127884432661e+00  9.73309984012788390828e+02  9.62099999999999937472e+01  1.00533413651168035408e+00  6.23422656180238191155e+04  1.17983289064365613740e+05  3.75116005222654047557e+00  5.72903994709008691777e-03  1.83485333331953427205e+02  5.50666133324801188031e-01  5.00000000000000027756e-02  5.12246666669780523762e+01  1.40000127999805157319e-01
9.30208333333333285964e+01  -2.86999520383694273207e+00  9.73330014388489189514e+02  9.60999856115108173071e+01  1.53858890476498366695e+00  6.42146913957857323112e+04  1.17482554690298406058e+05  5.20881491696261278435e+00  5.46539742063513033637e-03  1.83053999994017601693e+02  5.33998528047106235661e-01  5.00000000000000027756e-02  5.13220000005950467425e+01  2.59999856001447038345e-01
9.30277777777777714618e+01  -2.91999999999999992895e+00  9.73609952038368419380e+02  9.60699872102315737266e+01  8.12717520638786550258e-01  6.37561393237712036353e+04  1.13379244799313411932e+05  5.47340797609189699813e+00  5.51845624338617897486e-03  1.81807333331340061022e+02  5.03332842682389647315e-01  5.00000000000000027756e-02  5.14460000001982677986e+01  2.00000319997466508015e-01
9.30347222222222285382e+01  -2.99000639488421304790e+00  9.73610035171863160031e+02  9.58800063948842051786e+01  1.78570758730008161130e+00  6.32975872387287963647e+04  1.09275934888186588068e+05  2.47917592814022036407e+00  5.57930280423284824520e-03  1.80560666668659933976e+02  4.72667157317610331368e-01  5.00000000000000027756e-02  5.15699999998017375447e+01  2.59999936000506692846e-01
9.30416666666666714036e+01  -3.12999520383694251890e+00  9.73699971223021748301e+02  9.57800191846522324113e+01  1.44946553333446215284e+00  6.28390351854160107905e+04  1.05172624981653687428e+05  2.44956604453268900201e+00  5.64014936507939261545e-03  1.79314000005982393304e+02  4.42001471952893798534e-01  5.00000000000000027756e-02  5.16939999994049586007e+01  2.20000000000000001110e-01
9.30486111111111142691e+01  -3.24999840127884453977e+00  9.73780004796163439096e+02  9.52700015987211514812e+01  1.11812721746017484925e+00  6.80578593944440071937e+04  1.01889825508602458285e+05  2.00000000000000000000e+00  5.71610294444447643303e-03  1.80222666663759696348e+02  4.24667221342206746559e-01  5.00000000000000027756e-02  5.15580000004350864629e+01  2.19999840000243584992e-01
9.30555555555555571345e+01  -3.34998721023198298141e+00  9.73899961630695884196e+02  9.50600191846520345962e+01  1.02031713650769551016e+00  7.32766836034720035968e+04  9.86070260355512291426e+04  3.12046169584845412004e+00  5.79281822222225181024e-03  1.81131333331879858406e+02  4.07333610671103407697e-01  5.00000000000000027756e-02  5.14220000002175439135e+01  4.40000063999493318256e-01
9.30625000000000000000e+01  -3.43000000000000015987e+00  9.73960000000000036380e+02  9.50900000000000034106e+01  5.89469000000000020734e-01  7.84955078125000000000e+04  9.53242265625000000000e+04  2.67986919477908980269e+00  5.86790238095239932714e-03  1.82039999999999992042e+02  3.90000000000000013323e-01  5.00000000000000027756e-02  5.12860000000000013642e+01  2.80000000000000026645e-01
9.30694444444444428655e+01  -3.54001278976801714293e+00  9.73920031974419998733e+02  9.49500255795360317279e+01  1.53565969206426777838e+00  7.33343242283646250144e+04  1.16449218710646833642e+05  7.17483959615146904554e+00  5.92196322751323191852e-03  1.82456000000665426342e+02  7.20671957417971964510e-01  5.00000000000000027756e-02  5.09559999994721408711e+01  2.59999488004053591617e-01
9.30763888888888857309e+01  -3.62999840127884443319e+00  9.74160004796163434548e+02  9.48700000000000045475e+01  2.15718049840545456064e+00  6.81731406442292500287e+04  1.37574210858793667285e+05  4.90819975960666443626e+00  5.97602407407406364254e-03  1.82872000001330860641e+02  1.05134391483594402672e+00  5.00000000000000027756e-02  5.06259999989442803781e+01  3.69999920000121773622e-01
9.30833333333333285964e+01  -3.73000959232611473126e+00  9.74240052757793591809e+02  9.46699808153477704309e+01  -1.52743380953663854260e-01  6.30119570600938823191e+04  1.58699203006940486375e+05  3.40644797152106404425e+00  6.02541555555557474533e-03  1.83287999998624371756e+02  1.38199040030721431727e+00  5.00000000000000027756e-02  5.02960000014364183585e+01  5.39999712002894094454e-01
9.30902777777777714618e+01  -3.84999040767368061466e+00  9.74489974420463113347e+02  9.40000095923263216946e+01  7.71553488889784144789e-01  6.31243111977072912850e+04  1.57571885418767487863e+05  2.59991038802631813098e+00  5.98219796296299392846e-03  1.83001333332874992266e+02  1.18199680010254115636e+00  5.00000000000000027756e-02  5.05953333338119364271e+01  3.70000703994426305421e-01
9.30972222222222285382e+01  -3.93000319744210679929e+00  9.74589977617905333318e+02  9.35399968025578942843e+01  -1.98785955546236625668e-01  6.32366653647927087150e+04  1.56444567706232512137e+05  3.74947105597355978546e+00  5.93898037037032464069e-03  1.82714666667125015920e+02  9.82003199897458767254e-01  5.00000000000000027756e-02  5.08946666661880655624e+01  6.09999488004053569412e-01
9.31041666666666714036e+01  -3.96001918465222946253e+00  9.74580000000000040927e+02  9.38900000000000005684e+01  8.00074976188346553840e-01  6.33490195504282673937e+04  1.55317249943274917314e+05  2.79533681425206204096e+00  5.89731055555557225761e-03  1.82428000001375636430e+02  7.82009599692785606351e-01  5.00000000000000027756e-02  5.11939999985635836310e+01  4.49999616003858737834e-01
9.31111111111111142691e+01  -3.93999680255768902626e+00  9.74689998401278899109e+02  9.42399984012788394239e+01  1.14612888730250306324e+00  6.67806849086188449292e+04  1.45167137983016611543e+05  3.05898988698582252610e+00  5.91858370370371492108e-03  1.81641333335849992636e+02  7.29335018693628156505e-01  5.00000000000000027756e-02  5.12766666664022068289e+01  4.49999904000146166982e-01
9.31180555555555571345e+01  -3.98000639488400853594e+00  9.74650044764188010049e+02  9.41500319744200453442e+01  1.26554640952474772853e+00  7.02123502668094151886e+04  1.35017026022758305771e+05  3.15202570405303328371e+00  5.93985685185185758456e-03  1.80854666667925016554e+02  6.76667509346814077809e-01  5.00000000000000027756e-02  5.13593333332010999470e+01  6.10000255997973139799e-01
9.31250000000000000000e+01  -4.04999999999999982236e+00  9.74830000000000040927e+02  9.32000000000000028422e+01  7.13613000000000052836e-01  7.36440156250000000000e+04  1.24866914062500000000e+05  4.81425619172052865480e+00  5.96113000000000024803e-03  1.80068000000000012051e+02  6.23999999999999999112e-01  5.39999999999999993894e-02  5.14420000000000001705e+01  5.20000000000000017764e-01
9.31319444444444428655e+01  -4.11001918465202553676e+00  9.74870076738608076994e+02  9.33500191846520266381e+01  8.68728650793262890950e-01  7.81675156165732914815e+04  1.32557161444007389946e+05  2.95760515664695855520e+00  5.90539587301588779489e-03  1.80788666667819427403e+02  6.18666581331968168378e-01  5.00000000000000027756e-02  5.12846666664149992698e+01  5.19999232006080447377e-01
9.31388888888888857309e+01  -4.20999680255768904402e+00  9.75029998401278817255e+02  9.39699968025576879427e+01  1.53489906825018374015e+00  8.26910156081465975149e+04  1.40247408825514779892e+05  2.00000000000000000000e+00  5.84966174603177620911e-03  1.81509333335638842755e+02  6.13333162663936337644e-01  5.00000000000000027756e-02  5.11273333328299983691e+01  5.20000031999951262129e-01
9.31458333333333285964e+01  -4.24000959232611496219e+00  9.75039990407673826667e+02  9.41400000000000005684e+01  8.95262609524527963600e-01  8.72145155997198889963e+04  1.47937656207022140734e+05  2.00000000000000000000e+00  5.79392761904766375597e-03  1.82229999991672599435e+02  6.08000831973374733508e-01  5.00000000000000027756e-02  5.09699999991202332694e+01  6.00000479995176583259e-01
9.31527777777777714618e+01  -4.34999999999999964473e+00  9.75129974420463099705e+02  9.39400095923263194209e+01  2.81052946030565908853e-01  8.38742968812246836023e+04  1.56587197900547762401e+05  2.85668097220035033246e+00  5.77959280423281842459e-03  1.80494666663892047609e+02  6.25333610657779814801e-01  5.00000000000000027756e-02  5.07866666663735344400e+01  5.29999968000253396383e-01
9.31597222222222285382e+01  -4.47999680255789378691e+00  9.75110051159073691451e+02  9.42100191846526371364e+01  2.14598022220431700058e-01  8.05340781187753163977e+04  1.65236739599452237599e+05  2.75806815515426606567e+00  5.76627600529099580695e-03  1.78759333336107943069e+02  6.42666389342220201186e-01  6.39999952000318284018e-02  5.06033333336264661284e+01  5.79999840001266697698e-01
9.31666666666666714036e+01  -4.54999999999999982236e+00  9.75270014388489130397e+02  9.43700191846522358219e+01  5.58259523812653979391e-01  7.71938593575794802746e+04  1.73886281140980543569e+05  2.74133839974195181455e+00  5.75295920634920007752e-03  1.77024000008327391242e+02  6.59999168026625282479e-01  9.39999856000340999751e-02  5.04200000008797672990e+01  5.09999424005788126735e-01
9.31736111111111142691e+01  -4.62000159872115556681e+00  9.75360019184653879165e+02  9.44599920063942164461e+01  7.75939811112637101154e-01  7.40767161342196486657e+04  1.54378872323153715115e+05  3.46273578206124721390e+00  5.67196351851850279202e-03  1.79534666658634677106e+02  6.10668245358588435145e-01  5.20000134399746169467e-02  5.05273333329899614341e+01  3.39999952000073102365e-01
9.31805555555555571345e+01  -4.68000639488400782540e+00  9.75500108713028112106e+02  9.44599999999999937472e+01  9.86362907936979671497e-01  7.09595729108598316088e+04  1.34871463505326857558e+05  4.40470288267882992272e+00  5.58755544973545559967e-03  1.82045333329317344351e+02  5.61334122679294278413e-01  5.00000000000000027756e-02  5.06346666664949793812e+01  3.60000447996453087907e-01
9.31875000000000000000e+01  -4.78000000000000024869e+00  9.75720000000000027285e+02  9.46099999999999994316e+01  1.13313400000000008561e+00  6.78424296875000000000e+04  1.15364054687500000000e+05  2.37980693219125516435e+00  5.50314738095240927468e-03  1.84556000000000011596e+02  5.12000000000000010658e-01  5.00000000000000027756e-02  5.07419999999999973284e+01  3.80000000000000004441e-01
9.31944444444444428655e+01  -4.80002557953603403718e+00  9.75740070343724141821e+02  9.45900000000000034106e+01  1.40900876508028227718e+00  6.64790182317065336974e+04  1.19246640617767232470e+05  3.01557519523217631985e+00  5.43505833333335873492e-03  1.84071999999225823785e+02  4.98666453329920489335e-01  5.00000000000000027756e-02  5.06953333332586808524e+01  3.60000255997973195310e-01
9.32013888888888857309e+01  -4.89000159872115514048e+00  9.75760015987211545507e+02  9.48600015987211548918e+01  7.00886514286406137053e-01  6.51156067759130601189e+04  1.23129226548034479492e+05  2.57947043656552521540e+00  5.36823541666669491745e-03  1.83587999998451635975e+02  4.85332906659840968011e-01  5.00000000000000027756e-02  5.06486666665173714819e+01  4.69999792000316607421e-01
9.32083333333333285964e+01  -4.95000959232611492666e+00  9.75870000000000004547e+02  9.49899952038369406182e+01  9.59933857147809099786e-01  6.37521953201195865404e+04  1.27011812478301711963e+05  4.21089414042215359757e+00  5.30295031746033391357e-03  1.83103999995364461029e+02  4.72001503951869738618e-01  7.99999884800272897944e-02  5.06020000002559271479e+01  3.40000335996623603840e-01
9.32152777777777714618e+01  -4.98999680255789357375e+00  9.76070006394884217116e+02  9.49199968025578897368e+01  1.23269337142234514104e+00  6.50410442684314912185e+04  1.07148968787015503040e+05  2.00000000000000000000e+00  5.26816526455028966147e-03  1.82137999998455484274e+02  5.03333834650601885663e-01  5.59999961600254683725e-02  5.06553333334186035586e+01  3.29999392004813651980e-01
9.32222222222222285382e+01  -5.05999999999999960920e+00  9.76289968025578900779e+02  9.49900031974421068526e+01  1.68900806983748541512e+00  6.63298932315685087815e+04  8.72861249629844969604e+04  2.47266851859041869588e+00  5.23338021164017428571e-03  1.81172000001544518000e+02  5.34666165349398037065e-01  5.00000000000000027756e-02  5.07086666665813936561e+01  2.60000223998226531741e-01
9.32291666666666714036e+01  -5.06999520383694246561e+00  9.76439942446043346536e+02  9.49000095923261142161e+01  1.82555620475921065449e+00  6.76187422262810578104e+04  6.74232813635267521022e+04  2.28680379322709859125e+00  5.19995753968255716715e-03  1.80206000004635541245e+02  5.65998496048130239622e-01  5.00000000000000027756e-02  5.07619999997440700668e+01  2.59999856001447038345e-01
9.32361111111111142691e+01  -5.07999680255768915060e+00  9.76529988808951884494e+02  9.50299952038365347562e+01  2.86771536984635666556e+00  7.45580364841873815749e+04  8.77372058048511680681e+04  6.30576608096602164721e+00  5.22193835978837072459e-03  1.83127333323987556923e+02  5.99998911982594473891e-01  5.00000000000000027756e-02  5.08419999997440683615e+01  1.20000143999780775617e-01
9.32430555555555571345e+01  -5.04999999999999982236e+00  9.76639955235811953571e+02  9.50499999999999971578e+01  4.03874460634879195453e+00  8.14973307420936907874e+04  1.08051130246175598586e+05  2.27752640236791314976e+00  5.24391917989418514939e-03  1.86048666661993763682e+02  6.33999455991297256041e-01  5.00000000000000027756e-02  5.09219999998720354029e+01  2.40000511995946408383e-01
9.32500000000000000000e+01  -5.00000000000000000000e+00  9.76740000000000009095e+02  9.51299999999999954525e+01  5.38612999999999964018e+00  8.84366250000000000000e+04  1.28365054687500000000e+05  2.68752185774811236385e+00  5.26589999999999957420e-03  1.88969999999999998863e+02  6.68000000000000038192e-01  5.00000000000000027756e-02  5.10020000000000024443e+01  2.39999999999999991118e-01
9.32569444444444428655e+01  -4.97998721023198331892e+00  9.77019910471623916237e+02  9.51800063948840175954e+01  1.24229546984062544368e+01  9.81593202943878568476e+04  1.24081770841312551056e+05  3.52192782183109454053e+00  5.27673994708994370528e-03  1.85737333328162435464e+02  6.80666869336575608429e-01  5.00000000000000027756e-02  5.10586666667573112477e+01  3.79998784009627332825e-01
9.32638888888888857309e+01  -4.94000159872115585102e+00  9.77079976019182709024e+02  9.50200031974423069414e+01  2.36194010634854230091e+01  1.07882015588775713695e+05  1.19798486995125087560e+05  2.00000000000000000000e+00  5.28757989417988870373e-03  1.82504666656324872065e+02  6.93333738673151067644e-01  5.00000000000000027756e-02  5.11153333335146200511e+01  1.70000159999756428331e-01
9.32708333333333285964e+01  -4.78000959232611499772e+00  9.77139976019184700817e+02  9.47000047961630571081e+01  3.20918992856515785661e+01  1.17604710883163570543e+05  1.15515203148937638616e+05  3.05799506469849147194e+00  5.29841984126983283482e-03  1.79272000013119708228e+02  7.05995552142342663871e-01  5.00000000000000027756e-02  5.11720000011676887652e+01  2.60000287997105949955e-01
9.32777777777777714618e+01  -4.70999999999999996447e+00  9.77259955235810480190e+02  9.46399968025578885999e+01  4.37676944763092663493e+01  1.20431559890565345995e+05  1.24423218733399422490e+05  2.00000000000000000000e+00  5.25566693121697764424e-03  1.82006000004371372825e+02  6.13331850714177395645e-01  5.00000000000000027756e-02  5.14153333337223941157e+01  1.70000447996453113442e-01
9.32847222222222285382e+01  -4.54000319744210667494e+00  9.77379968025578932611e+02  9.44800000000000039790e+01  6.49988187620566293390e+01  1.23258408859434654005e+05  1.33331234391600562958e+05  4.40272692189398995311e+00  5.21159616402113237688e-03  1.84739999995628608076e+02  5.20668149285822501326e-01  5.79999955200297123703e-02  5.16586666662776039516e+01  2.69999680002533493095e-01
9.32916666666666714036e+01  -4.44999040767388542861e+00  9.77459976019184750839e+02  9.44599999999999937472e+01  5.94152236191392688625e+01  1.26085258151786300004e+05  1.42239250351818656782e+05  2.00000000000000000000e+00  5.16752539682537644777e-03  1.87473999986880272672e+02  4.28004447857657344123e-01  8.59999865600318408321e-02  5.19019999988323093021e+01  3.79999280007235151757e-01
9.32986111111111142691e+01  -4.35998880895191209817e+00  9.77539988808951875399e+02  9.42899936051153844119e+01  5.83067064126662870649e+01  1.86795495017857523635e+05  2.05191968984545790590e+05  2.32649755636325838992e+00  5.12886377777776146514e-03  1.84990000007946662208e+02  4.06667349344254469568e-01  5.66666760533155941526e-02  5.19739999997696600076e+01  2.29999920000121788055e-01
9.33055555555555571345e+01  -4.14003197442004200468e+00  9.77600000000000022737e+02  9.36000639488400736354e+01  8.27892560952075911018e+01  2.47505731883928761818e+05  2.68144687617272895295e+05  2.67633635762907839961e+00  5.09047488888887331160e-03  1.82506000003973326784e+02  3.85333674672127202143e-01  5.00000000000000027756e-02  5.20459999998848346081e+01  4.40000191998479894817e-01
9.33125000000000000000e+01  -3.91999999999999992895e+00  9.77519999999999981810e+02  9.30799999999999982947e+01  1.16106999999999999318e+02  3.08215968750000000000e+05  3.31097406250000000000e+05  3.02617515889489840930e+00  5.05233952380951169964e-03  1.80021999999999991360e+02  3.63999999999999990230e-01  5.00000000000000027756e-02  5.21180000000000021032e+01  2.60000000000000008882e-01
9.33194444444444428655e+01  -3.81002557953603382401e+00  9.77440127897680213209e+02  9.22100575539560765037e+01  2.31234984761896356531e+02  3.27719885380333347712e+05  3.97513895709607866593e+05  3.37601396016071797490e+00  5.01747179894179631127e-03  1.79656666666082287520e+02  4.02667285343230596517e-01  5.00000000000000027756e-02  5.19419999997184760332e+01  3.69999040007600477065e-01
9.33263888888888857309e+01  -3.55000319744231074282e+00  9.77759977617903814462e+02  9.14100287769807948735e+01  1.79221176666967153324e+02  3.47223802010666695423e+05  4.63930385169215733185e+05  2.00000000000000000000e+00  4.98260407407408005553e-03  1.79291333332164555259e+02  4.41334570686461202804e-01  5.00000000000000027756e-02  5.17659999994369499632e+01  1.70000143999780806148e-01
9.33333333333333285964e+01  -3.55998561151082792975e+00  9.77739990407673872141e+02  9.12799904076738926051e+01  1.61979168094830868085e+02  3.66727718641000101343e+05  5.30346874628823716193e+05  2.00000000000000000000e+00  4.95395507936503571439e-03  1.78926000004513980457e+02  4.80000319989759505201e-01  5.00000000000000027756e-02  5.15899999998240517129e+01  3.29999856001447045006e-01
9.33402777777777714618e+01  -3.57998401278946776216e+00  9.77849964828136876349e+02  9.09199488409262954747e+01  2.28341720633412762709e+02  5.40800728842272073962e+05  7.02640541345587931573e+05  3.26493744148340070410e+00  5.04864423280416453610e-03  1.79866666668170665844e+02  4.86666773329915258728e-01  5.00000000000000027756e-02  5.15533333332747076838e+01  3.09999744002026789147e-01
9.33472222222222285382e+01  -3.42997761790525501624e+00  9.78049971223020975231e+02  9.11899552358105012217e+01  2.39440873332621691816e+02  7.14873739907727926038e+05  8.74934208654412068427e+05  4.03829108341693032713e+00  5.14333338624348677948e-03  1.80807333331829312328e+02  4.93333226670084723509e-01  5.73333319466758639660e-02  5.15166666667252926004e+01  2.69999904000760071465e-01
9.33541666666666714036e+01  -3.30002877697834406945e+00  9.77990062350119728762e+02  9.05700671462827955338e+01  3.27355262857112734309e+02  8.88946750956140458584e+05  1.04722787652014824562e+06  4.45990838561995861511e+00  5.23065047619030668719e-03  1.81747999995485997715e+02  4.99999680010240477035e-01  6.59999958400098590827e-02  5.14800000001759485713e+01  2.59999808001929400003e-01
9.33611111111111142691e+01  -3.15999520383653376143e+00  9.78090001598721187293e+02  8.90999312549903095260e+01  3.52612467460549055431e+02  1.06003387563742697239e+06  1.31923579268009867519e+06  2.00000000000000000000e+00  5.01817031746020457417e-03  1.78885333342491406938e+02  5.11332970660864805090e-01  5.46666702933264886388e-02  5.16806666660247060463e+01  2.80000079999878248582e-01
9.33680555555555571345e+01  -3.01999360511599146406e+00  9.78170083133492084926e+02  8.74202110311722861979e+01  3.80230904761970805339e+02  1.23112100031871348619e+06  1.59124370884004933760e+06  4.50468140203923272935e+00  4.80569015873010246115e-03  1.76022666671245701764e+02  5.22666485330432473155e-01  5.00000000000000027756e-02  5.18813333330123498399e+01  4.09998848009120564484e-01
9.33750000000000000000e+01  -2.83000000000000007105e+00  9.78350000000000022737e+02  8.42000000000000028422e+01  4.00111300000000028376e+02  1.40220812500000000000e+06  1.86325162500000000000e+06  2.36248654701794658095e+00  4.59321000000000034813e-03  1.73159999999999996589e+02  5.34000000000000030198e-01  5.00000000000000027756e-02  5.20820000000000007390e+01  3.20000000000000006661e-01
9.33819444444444428655e+01  -2.50999360511599123313e+00  9.78450031974420085135e+02  8.34700575539560816196e+01  4.20265373333329478100e+02  1.56197970803569932468e+06  1.99661033308490295894e+06  2.79270884983436040727e+00  4.43821661375665491023e-03  1.71313999997047176294e+02  5.22666485330432473155e-01  5.00000000000000027756e-02  5.22940000003391105565e+01  2.80000127998986603206e-01
9.33888888888888857309e+01  -2.37000319744231102703e+00  9.78580023980817372831e+02  7.87500079936057773011e+01  4.39068485238079574629e+02  1.72175129107139841653e+06  2.12996904116980591789e+06  6.28359305636419485097e+00  4.28322322751330947233e-03  1.69467999994094384419e+02  5.11332970660864805090e-01  5.00000000000000027756e-02  5.25060000006782203741e+01  3.89999888000170491509e-01
9.33958333333333285964e+01  -2.29000000000000003553e+00  9.78900028776978274436e+02  7.67501055155872649038e+01  4.58519574285684882398e+02  1.88152287410709774122e+06  2.26332774925470910966e+06  2.81074092955292309526e+00  4.12822984126996403442e-03  1.67621999996471345185e+02  5.00005887811575178148e-01  5.00000000000000027756e-02  5.27179999994401526919e+01  4.09999808001929366696e-01
9.34027777777777714618e+01  -2.07002877697895826259e+00  9.79009971223021011610e+02  7.59796802557893613539e+01  4.76714580952345500009e+02  2.04525216636154823937e+06  2.43983508300440246239e+06  2.09703205330015141072e+00  4.07837915343920321548e-03  1.66886666665490963624e+02  6.22668629270441420509e-01  1.12000011199925725291e-01  5.26013333331467975995e+01  2.20000671994679625199e-01
9.34097222222222285382e+01  -1.96998721023157408183e+00  9.79130015987210526873e+02  7.36702494004843089215e+01  4.94383148571487538447e+02  2.20898145863845199347e+06  2.61634241699559753761e+06  2.42461116780351693123e+00  4.03111394179890818873e-03  1.66151333334509047290e+02  7.45331370729558573274e-01  1.81999988800074286033e-01  5.24846666668532080280e+01  2.99999872001013412337e-01
9.34166666666666714036e+01  -1.91001438848917204361e+00  9.79309961630695511303e+02  7.38102158273375863473e+01  5.10729787142885356843e+02  2.37271075048617878929e+06  2.79284975070363609120e+06  2.00000000000000000000e+00  3.98384873015870857177e-03  1.65416000003528665729e+02  8.67994112188424815635e-01  2.51999966400079600248e-01  5.23680000005598529356e+01  3.89999328006752798981e-01
9.34236111111111142691e+01  -1.76999520383653363709e+00  9.79519996802557670890e+02  7.04300527577981370086e+01  5.24999819682566794654e+02  2.45970525032411934808e+06  2.91875500046909088269e+06  2.00000000000000000000e+00  3.99719796296296638743e-03  1.64273333336988883957e+02  6.77339434764274161971e-01  2.00666683093302322671e-01  5.28633333317486915348e+01  2.10000079999878214165e-01
9.34305555555555571345e+01  -1.52003836930405089589e+00  9.79580083133492166780e+02  7.04598784972038316710e+01  5.39846892063497307390e+02  2.54669975016205944121e+06  3.04466025023454520851e+06  4.48717861452731536787e+00  4.01360338624338463392e-03  1.63130666668494455962e+02  4.86669717382137045902e-01  1.49333341546651177101e-01  5.33586666658743453695e+01  3.20000000000000006661e-01
9.34375000000000000000e+01  -1.38999999999999990230e+00  9.79820000000000050022e+02  6.99200000000000017053e+01  5.53696100000000001273e+02  2.63369425000000000000e+06  3.17056550000000000000e+06  6.56338295788334757930e+00  4.03000880952380374778e-03  1.61987999999999999545e+02  2.95999999999999985345e-01  9.80000000000000037748e-02  5.38539999999999992042e+01  2.50000000000000000000e-01
9.34444444444444428655e+01  -1.26995523581194058593e+00  9.79859980815347967109e+02  6.96392006394989380169e+01  5.67238335238156196283e+02  2.72398891649845940992e+06  3.28054316646179230884e+06  8.18004922247022570048e+00  4.01566855555556163904e-03  1.64328666670410740380e+02  2.65999519992321076245e-01  8.93333319466692865607e-02  5.39493333334858249373e+01  2.99999999999999988898e-01
9.34513888888888857309e+01  -1.25998561150960108890e+00  9.79900022382096153706e+02  6.79900399680288813897e+01  5.78880353650796337206e+02  2.81428358299691835418e+06  3.39052083292358461767e+06  2.00000000000000000000e+00  3.99894286111111829651e-03  1.66669333340821452794e+02  2.35999039984642167145e-01  8.06666638933385693466e-02  5.40446666669716506703e+01  4.79999840000243538363e-01
9.34583333333333285964e+01  -1.23003357314140160383e+00  9.80109952038369442562e+02  6.61104124700229363043e+01  5.91649123809496018112e+02  2.90457824949537776411e+06  3.50049849938537692651e+06  1.74920573364660718596e+01  3.98475825396823763597e-03  1.69009999995709932818e+02  2.06000287990783542691e-01  7.20000012799969640875e-02  5.41400000004862675951e+01  2.60000863991317832102e-01
9.34652777777777714618e+01  -8.20038369305277736743e-01  9.80210006394884203473e+02  6.75498593125473121290e+01  4.80356373970641016058e+02  2.95079766658053407446e+06  3.44015633344578417018e+06  9.36701599060289957777e+00  4.02097187830685251497e-03  1.68115999998570572416e+02  2.12000095996923765274e-01  7.46666670933305021141e-02  5.42413333334953549070e+01  2.30000223998226560607e-01
9.34722222222222285382e+01  -1.01997122302104181735e+00  9.80359996802557930096e+02  6.52399200639473377805e+01  6.14748883492734762513e+02  2.99701708341946592554e+06  3.37981416655421582982e+06  8.68548680073989132211e+00  4.05718550264554111973e-03  1.67222000001429421445e+02  2.17999904003076228065e-01  7.73333329066694941112e-02  5.43426666665046482763e+01  3.90000127998986589883e-01
9.34791666666666714036e+01  -7.90014388489172159069e-01  9.80569976019184764482e+02  6.26809400479592468969e+01  6.67821791905004602086e+02  3.04323650098858680576e+06  3.31947200191787770018e+06  2.05132046457899832603e+01  4.09209825396823941024e-03  1.66328000004290061042e+02  2.23999712009216422892e-01  7.99999987200030321377e-02  5.44439999995137355882e+01  2.50000000000000000000e-01
9.34861111111111142691e+01  -5.80014388490398991038e-01  9.80759992006394213604e+02  6.27602589928271825670e+01  4.62032798572656872693e+02  3.22012941732572438195e+06  3.66264766794525180012e+06  3.23862426466099222466e+01  4.07410883597882599039e-03  1.69547333323034195018e+02  2.38666197325825085729e-01  5.46666747733180191648e-02  5.46019999994945379740e+01  3.69999936000097451316e-01
9.34930555555555571345e+01  -5.79916866507889650073e-01  9.80889936051159907038e+02  6.13701726618682243952e+01  5.88702077777841736861e+02  3.39702233366286242381e+06  4.00582333397262590006e+06  1.08135833290542784368e+01  4.05611941798941343790e-03  1.72766666661517092507e+02  2.53333098662912536980e-01  5.00000000000000027756e-02  5.47599999997472650648e+01  2.60000383996959794075e-01
9.35000000000000000000e+01  -3.90000000000000013323e-01  9.80870000000000004547e+02  6.33500000000000014211e+01  6.42807999999999992724e+02  3.57391525000000000000e+06  4.34899900000000000000e+06  1.17198138460255183446e+01  4.03813000000000001805e-03  1.75985999999999989996e+02  2.68000000000000015987e-01  5.00000000000000027756e-02  5.49179999999999992610e+01  4.09999999999999975575e-01
9.35069444444444428655e+01  1.40006394884008511514e-01  9.81089955235811999046e+02  6.00492517985710065886e+01  6.67323425079376079339e+02  3.59714508329005911946e+06  4.26023341683202609420e+06  1.32773412188549464474e+01  4.13517365079362538699e-03  1.77995333336547417957e+02  2.70666709334015931354e-01  5.00000000000000027756e-02  5.50920000002783254445e+01  4.39998848009120591129e-01
9.35138888888888857309e+01  3.60009592326932637008e-01  9.81170011191048047294e+02  5.76899904076730649649e+01  6.60432553809657065358e+02  3.62037491658011823893e+06  4.17146783366405125707e+06  1.95989022356070350384e+01  4.23221730158724988857e-03  1.80004666673094817497e+02  2.73333418668031846721e-01  5.00000000000000027756e-02  5.52660000005566516279e+01  4.00000111999829544018e-01
9.35208333333333285964e+01  3.49999999999999977796e-01  9.81320057553956758056e+02  5.75098561151082776632e+01  6.69831011428590045398e+02  3.64360474987017735839e+06  4.08270225049607688561e+06  2.01447204402533515122e+01  4.32926095238087525752e-03  1.82014000003429487151e+02  2.75999328021505008213e-01  5.00000000000000027756e-02  5.54400000005278599247e+01  4.79999952000482343895e-01
9.35277777777777714618e+01  5.89968025578935240105e-01  9.81539961630694733685e+02  5.80200735411684505038e+01  6.98303531428692053851e+02  3.76962958309847908095e+06  4.10908899995082663372e+06  2.11228260626414936496e+01  4.35754888888886023762e-03  1.82728666667809335422e+02  2.61999776007177886950e-01  5.00000000000000027756e-02  5.55500000001758778012e+01  5.49999872001013412337e-01
9.35347222222222285382e+01  6.90038369305277732302e-01  9.81659932853715758938e+02  5.75197889688209755832e+01  6.95329369523673335607e+02  3.89565441690152091905e+06  4.13547575004917336628e+06  2.20262039469579740114e+01  4.38414611111113006886e-03  1.83443333332190661622e+02  2.48000223992822121932e-01  5.00000000000000027756e-02  5.56599999998241230514e+01  4.29999744002026784706e-01
9.35416666666666714036e+01  9.50019184652229453647e-01  9.81829961630695606800e+02  5.44805467625885384564e+01  6.31753587142761261930e+02  4.02167924927342822775e+06  4.16186249964474467561e+06  2.17578852350090947709e+01  4.41074333333334525631e-03  1.84157999996570509893e+02  2.34000671978495000669e-01  5.00000000000000027756e-02  5.57699999994721409280e+01  3.80000000000000004441e-01
9.35486111111111142691e+01  7.90001598721155495753e-01  9.81929985611509550836e+02  5.63798241406729019332e+01  6.46956592539650728213e+02  3.89166999951561866328e+06  4.09829483309649629518e+06  2.03761703357334056363e+01  4.43741327777778891278e-03  1.83651333334954216525e+02  2.12667349344254463794e-01  5.00000000000000027756e-02  5.58653333330283459190e+01  4.29999999999999993339e-01
9.35555555555555571345e+01  9.80031974420042417684e-01  9.81960031974420076040e+02  5.45793221422950978194e+01  6.17593545714284573478e+02  3.76166074975780956447e+06  4.03472716654824838042e+06  1.87515883358624400046e+01  4.46408688888889904067e-03  1.83144666667477110877e+02  1.91333674672127251881e-01  7.06666632533397842675e-02  5.59606666665141716521e+01  4.90000767993919561505e-01
9.35625000000000000000e+01  1.00000000000000000000e+00  9.81950000000000045475e+02  5.24399999999999977263e+01  6.08803499999999985448e+02  3.63165150000000000000e+06  3.97115950000000000000e+06  1.81780304341187317618e+01  4.49078857142858056672e-03  1.82638000000000005230e+02  1.70000000000000012212e-01  9.19999999999999984457e-02  5.60559999999999973852e+01  4.29999999999999993339e-01
9.35694444444444428655e+01  1.09997442046396609605e+00  9.82259916866507865052e+02  5.32199168665078872209e+01  6.05380406984125102099e+02  3.60576233338156156242e+06  3.93066466674210317433e+06  1.82995471427721732027e+01  4.51785206349206505672e-03  1.83242000000966129392e+02  1.82000192003071575853e-01  6.93333297066735104730e-02  5.63706666671699991866e+01  4.49999552003546909873e-01
9.35763888888888857309e+01  1.16999680255768900849e+00  9.82319990407673117261e+02  5.05400111910480873689e+01  6.08719289682622274995e+02  3.57987316676312312484e+06  3.89016983348420681432e+06  1.41018565179660768649e+01  4.54491555555555041407e-03  1.83846000001932281975e+02  1.94000384006143111737e-01  5.00000000000000027756e-02  5.66853333343400009880e+01  4.00000159999756466078e-01
9.35833333333333285964e+01  1.49002398081528686369e+00  9.82359980815347739735e+02  5.09701055155872637670e+01  5.94621872857150265190e+02  3.55398400014468468726e+06  3.84967500022630998865e+06  1.32437631301946989737e+01  4.57161730158729250756e-03  1.84449999989282844126e+02  2.05998752039937865765e-01  5.00000000000000027756e-02  5.70000000014076277921e+01  3.00001151988423753192e-01
9.35902777777777714618e+01  1.77999680255789360928e+00  9.82559977617905246916e+02  5.02501438848947898919e+01  5.85655503174697287250e+02  3.41489691692586289719e+06  3.81375500006693881005e+06  1.32122876863651281809e+01  4.59114441798940363382e-03  1.82216666663095793410e+02  1.79999584013330354848e-01  5.00000000000000027756e-02  5.72933333338023444981e+01  5.10000031999746639144e-01
9.35972222222222285382e+01  1.47004156674738428734e+00  9.82649974420463081515e+02  4.87199072741789080965e+01  6.03626982857118719039e+02  3.27580983307413710281e+06  3.77783499993306118995e+06  1.82644561038136288289e+01  4.61067153439155552608e-03  1.79983333336904195221e+02  1.54000415986669636492e-01  6.13333303466864765419e-02  5.75866666661976580599e+01  4.60000351997213174915e-01
9.36041666666666714036e+01  1.92004796163057367409e+00  9.82759947242206408191e+02  4.87500479616305710806e+01  6.69073802381152972885e+02  3.13672274825552152470e+06  3.74191499800638761371e+06  1.58145491900249073325e+01  4.62838857142852753285e-03  1.77750000010717144505e+02  1.28001247960062125575e-01  7.99999910400212288497e-02  5.78799999985923747658e+01  6.49999232007717475668e-01
9.36111111111111142691e+01  1.66000319744231084051e+00  9.83010003197442301826e+02  4.65301342925770597958e+01  5.54375215873001593536e+02  2.82457424883701419458e+06  3.38518774867092538625e+06  1.06413602044052364448e+01  4.57249571428568462456e-03  1.76588666670381940094e+02  2.23330282617862918570e-01  5.00000000000000027756e-02  5.78913333332970765355e+01  4.20000079999878206394e-01
9.36180555555555571345e+01  1.70001918465202539466e+00  9.83069942446044024109e+02  4.63600319744200390915e+01  4.54040105396661601844e+02  2.51242574941850733012e+06  3.02846049933546269313e+06  1.12926156616646640174e+01  4.51660285714284258363e-03  1.75427333335190951402e+02  3.18665141308931421094e-01  5.00000000000000027756e-02  5.79026666666485425594e+01  4.69999936000506657319e-01
9.36250000000000000000e+01  7.60000000000000008882e-01  9.83049999999999954525e+02  4.76899999999999977263e+01  1.26313800000000000523e+02  2.20027725000000000000e+06  2.67173325000000000000e+06  1.40193692801467122422e+01  4.46070999999999967534e-03  1.74265999999999991132e+02  4.13999999999999979128e-01  5.00000000000000027756e-02  5.79140000000000014779e+01  5.50000000000000044409e-01
9.36319444444444428655e+01  4.30057553956076366042e-01  9.83299980815347907992e+02  4.80800063948840090688e+01  4.00950920000048256497e+02  2.30731433313393685967e+06  2.68687624997179070488e+06  1.33157220843673336219e+01  4.54914584656082240932e-03  1.74973333334464768996e+02  3.57332426652162027381e-01  5.00000000000000027756e-02  5.79866666667829022686e+01  5.79999488004053542767e-01
9.36388888888888857309e+01  1.13003037570195341566e+00  9.83220025579538514648e+02  4.70800015987211537549e+01  1.15329244444543533632e+02  2.41435141626787371933e+06  2.70201924994358094409e+06  1.30234280555517631939e+01  4.63758169312164601067e-03  1.75680666668929518437e+02  3.00664853304324131145e-01  5.00000000000000027756e-02  5.80593333335658030592e+01  5.60000000000000053291e-01
9.36458333333333285964e+01  1.07006235011974615290e+00  9.83379976019184709912e+02  4.47201294964025493073e+01  4.54221302858685987758e+02  2.52138849940181057900e+06  2.71716224991537164897e+06  1.31804803535742376397e+01  4.72601753968246874466e-03  1.76388000000403110334e+02  2.43999136027649304870e-01  6.79999939200144065676e-02  5.81319999993217777501e+01  5.09999616003858791125e-01
9.36527777777777714618e+01  1.55000319744210646178e+00  9.83450009592326409802e+02  4.41300351718631773679e+01  4.31797559365086328853e+02  2.33799137534177070484e+06  2.56860408361017983407e+06  1.59009817225456071554e+01  4.56332380952398884710e-03  1.76472000000134300990e+02  2.25999712009228692633e-01  5.53333313066801113500e-02  5.79906666664406884593e+01  5.29999872001013394573e-01
9.36597222222222285382e+01  2.00998081534736083853e+00  9.83470044764189538000e+02  4.44199296562736591909e+01  4.10048020634887791402e+02  2.15459424965822929516e+06  2.42004591638982016593e+06  1.38528864130457769477e+01  4.39445476190463996807e-03  1.76555999999865690597e+02  2.08000287990771304258e-01  5.00000000000000027756e-02  5.78493333335593078459e+01  4.20000383996959769650e-01
9.36666666666666714036e+01  1.83000000000000007105e+00  9.83639947242206403644e+02  4.33295923261401227933e+01  3.86058333809497071343e+02  1.97119712420866102912e+06  2.27148774889805167913e+06  1.07650794302381882517e+01  4.22558571428563716638e-03  1.76639999999596881253e+02  1.90000863972350719777e-01  5.00000000000000027756e-02  5.77080000006782185551e+01  4.10000287997105916649e-01
9.36736111111111142691e+01  2.02999840127884434438e+00  9.83759993605115369064e+02  4.15198609112594780868e+01  3.66375814761864717184e+02  1.82959879113910743035e+06  2.07431045759870111942e+06  1.10616517930000224368e+01  4.34382148148150688816e-03  1.75071333338351706743e+02  2.25998847981570605281e-01  5.00000000000000027756e-02  5.74946666673491506572e+01  4.99999840000243556126e-01
9.36805555555555571345e+01  1.83998721023198319457e+00  9.83729942446043992277e+02  4.13903900879245156830e+01  3.41523108253965631320e+02  1.68800045806955359876e+06  1.87713316629935055971e+06  1.00397404368102804995e+01  4.47653312169311173863e-03  1.73502666669175852121e+02  2.61999423990785296201e-01  5.00000000000000027756e-02  5.72813333336745742486e+01  5.10000767993919579268e-01
9.36875000000000000000e+01  2.02999999999999980460e+00  9.83850000000000022737e+02  4.29699999999999988631e+01  3.20603599999999971715e+02  1.54640212500000000000e+06  1.67995587500000000000e+06  1.49149688089225165299e+01  4.60924476190471658910e-03  1.71933999999999997499e+02  2.97999999999999987121e-01  5.00000000000000027756e-02  5.70679999999999978400e+01  4.89999999999999991118e-01
9.36944444444444428655e+01  1.99998721023198311464e+00  9.83790108713028075726e+02  4.13796227018435018863e+01  2.98487653968260133297e+02  1.40096666693759430200e+06  1.55885316689226566814e+06  9.86538662221520823437e+00  4.50850011111115708817e-03  1.72471333334192820530e+02  2.77999679994880732892e-01  5.00000000000000027756e-02  5.69539999998176469376e+01  4.40000511995946419486e-01
9.37013888888888857309e+01  1.90999520383653353939e+00  9.83950015987211600077e+02  4.20100911271058592433e+01  2.75758366666693405023e+02  1.25553120887518883683e+06  1.43775045878453110345e+06  1.21687850957663528106e+01  4.38964247222227172546e-03  1.73008666668385671983e+02  2.57999359989761423151e-01  5.00000000000000027756e-02  5.68399999996352960352e+01  4.40000015999975624403e-01
9.37083333333333285964e+01  1.72993764988025389151e+00  9.84099976019184737197e+02  4.22701438848917234736e+01  2.53107554761957231904e+02  1.11009575081278313883e+06  1.31664775067679677159e+06  1.22079855213942387593e+01  4.27167460317464872666e-03  1.73545999998803523567e+02  2.38000479984639273789e-01  5.00000000000000027756e-02  5.67260000004958655495e+01  5.20000383996141235521e-01
9.37152777777777714618e+01  1.79000639488421309231e+00  9.84190022382094753084e+02  4.23900671462842382198e+01  2.19802323492049850984e+02  9.82887208570393384434e+05  1.20309035437828698196e+06  1.08148408613340745177e+01  4.17135383597890853358e-03  1.73296666666268009749e+02  2.48000159994872931835e-01  5.00000000000000027756e-02  5.68293333334985533156e+01  5.79999648002786805101e-01
9.37222222222222285382e+01  1.69998721023157406407e+00  9.84190015987210585990e+02  4.18198816946420635077e+01  2.01993236190439290567e+02  8.55678666429606615566e+05  1.08953295812171301804e+06  1.39406508589461921588e+01  4.07103306878296277577e-03  1.73047333333731984339e+02  2.57999840005127045739e-01  5.00000000000000027756e-02  5.69326666665014471391e+01  4.00000031999746652467e-01
9.37291666666666714036e+01  1.57002877697834430926e+00  9.84260014388489139492e+02  4.18098609112713361924e+01  1.80173933809555194330e+02  7.28470124774962896481e+05  9.75975562076858128421e+05  1.05033827847942209388e+01  3.97299984126983727478e-03  1.72798000001196470521e+02  2.67999520015360759295e-01  5.00000000000000027756e-02  5.70359999995041349052e+01  4.50000143998552981639e-01
9.37361111111111142691e+01  1.50999680255768908843e+00  9.84559987210230701749e+02  4.25900335731442680753e+01  1.59596096507916143992e+02  6.88203083183308597654e+05  9.00260624717905418947e+05  9.49154640296191942639e+00  3.96799322751322479375e-03  1.73653333330597007489e+02  2.48000640010238554423e-01  5.00000000000000027756e-02  5.67993333340904626994e+01  5.19999952000073095704e-01
9.37430555555555571345e+01  1.35000639488400864252e+00  9.84590019184652078366e+02  4.20798401278997857844e+01  1.36635372698407309144e+02  6.47936041591654298827e+05  8.24545687358952709474e+05  3.15880617164632155891e+01  3.96298661375661231271e-03  1.74508666665298505905e+02  2.28000320005119272437e-01  5.00000000000000027756e-02  5.65626666670452351582e+01  4.89999232006080420732e-01
9.37500000000000000000e+01  1.26000000000000000888e+00  9.84700000000000045475e+02  4.27400000000000019895e+01  1.15377799999999993474e+02  6.07669000000000000000e+05  7.48830750000000000000e+05  4.71699664163339136280e+01  3.95797999999999983167e-03  1.75364000000000004320e+02  2.07999999999999990452e-01  5.00000000000000027756e-02  5.63260000000000005116e+01  4.29999999999999993339e-01
9.37569444444444428655e+01  1.27997442046396603388e+00  9.84820095923260169002e+02  4.36699744204639657141e+01  9.54498279047681279508e+01  5.48848739692908013240e+05  7.21354291717851767316e+05  5.14072170017751730597e+01  3.93826769841270317440e-03  1.74216666664831421940e+02  1.95333130663424447970e-01  5.00000000000000027756e-02  5.62673333332394918216e+01  4.00000127998986598765e-01
9.37638888888888857309e+01  9.70001598721155433580e-01  9.84979992006394240889e+02  4.31900415667500396921e+01  7.48662476825564908722e+01  4.90028479385815968271e+05  6.93877833435703651048e+05  5.75947299680373916431e+01  3.91855539682540738450e-03  1.73069333329662839560e+02  1.82666261326848933244e-01  5.00000000000000027756e-02  5.62086666664789831316e+01  4.49999936000097466859e-01
9.37708333333333285964e+01  7.59961630695540901748e-01  9.84920062350119678740e+02  4.37300191846522281480e+01  5.74914478095431675797e+01  4.31208219078723923303e+05  6.66401375153555418365e+05  6.98862063316615689246e+01  3.89884309523811072723e-03  1.71922000011318573343e+02  1.70001439953917837800e-01  5.00000000000000027756e-02  5.61499999995841108102e+01  4.19999999999999984457e-01
9.37777777777777714618e+01  5.80006394884212905794e-01  9.85050009592326318852e+02  4.42100000000000008527e+01  3.97292100317830474410e+01  4.01101468806105549447e+05  7.00665916602812823839e+05  7.55066875067831659862e+01  3.91210629629628117709e-03  1.74280666670437909715e+02  2.00000479984618839691e-01  5.00000000000000027756e-02  5.60633333331947625311e+01  3.60000191998479879274e-01
9.37847222222222285382e+01  3.19996802557893533780e-01  9.85030054356515734071e+02  4.42700543565158142201e+01  2.45020245079178522474e+01  3.70994718693894450553e+05  7.34930458397187176161e+05  8.86785547156700886262e+01  3.92618037037037979908e-03  1.76639333329562077779e+02  2.29999520015381181404e-01  5.00000000000000027756e-02  5.59766666668052366163e+01  3.99999776001773499345e-01
9.37916666666666714036e+01  -3.99712230216556912987e-02  9.85269999999999981810e+02  4.47701726618700703852e+01  1.28716423809387308097e+01  3.40887968624800443649e+05  7.69195000051753595471e+05  9.09690454295841135490e+01  3.94025444444445066550e-03  1.78997999988681414152e+02  2.59998560046082183295e-01  5.00000000000000027756e-02  5.58900000004158883371e+01  4.49999232007717520077e-01
9.37986111111111142691e+01  -3.49990407673067327465e-01  9.85370009592326937309e+02  4.63399904076730706493e+01  3.03290407935960626418e+00  3.18485374916533648502e+05  7.78455541701169102453e+05  1.00974830011476242930e+02  3.90648611111109583111e-03  1.77469333338223748342e+02  2.60666645332992052975e-01  5.00000000000000027756e-02  5.58946666666517373301e+01  3.79999984000024382258e-01
9.38055555555555571345e+01  -4.90038369304050924757e-01  9.85619936051159925228e+02  4.75198912869718554930e+01  -7.20605279365849948903e-01  2.96082781208266853355e+05  7.87716083350584493019e+05  9.95955301674090236475e+01  3.87030555555554134015e-03  1.75940666669111891451e+02  2.61333322666496059572e-01  5.00000000000000027756e-02  5.58993333333258703988e+01  3.30000511995946377297e-01
9.38125000000000000000e+01  -6.99999999999999955591e-01  9.85730000000000018190e+02  4.82999999999999971578e+01  -2.38356199999999995853e+00  2.73680187500000000000e+05  7.96976625000000000000e+05  6.61217757306321090027e+01  3.83867833333334258078e-03  1.74412000000000006139e+02  2.62000000000000010658e-01  5.00000000000000027756e-02  5.59040000000000034674e+01  4.60000000000000019984e-01
9.38194444444444428655e+01  -8.20019184652025390214e-01  9.85690140687448206336e+02  4.89103005595483963930e+01  -3.35442466031780117675e+00  2.85156718728620675392e+05  8.07440479147173813544e+05  7.54826045395248144132e+01  3.86573851851852029471e-03  1.76756000003749392135e+02  2.74000192003071574298e-01  5.00000000000000027756e-02  5.57959999998272451194e+01  4.09998912008613880520e-01
9.38263888888888857309e+01  -1.10998401278844571749e+00  9.86030003197442283636e+02  4.99600095923269336140e+01  -3.73850655238133899871e+00  2.96633249957241350785e+05  8.17904333294347627088e+05  7.57004916204110287481e+01  3.89279870370369844232e-03  1.79100000007498806553e+02  2.86000384006143137938e-01  5.00000000000000027756e-02  5.56879999996544938767e+01  3.50000255999610265789e-01
9.38333333333333285964e+01  -1.11998561151082798304e+00  9.86080000000000040927e+02  5.09099808153477653150e+01  -3.89054349999966619933e+00  3.08109781185862026177e+05  8.28368187441521557048e+05  8.70719767185109390084e+01  3.92694253968246028558e-03  1.81443999991147933315e+02  2.98001151963134258693e-01  5.00000000000000027756e-02  5.55799999989410835610e+01  3.29999424005788133396e-01
9.38402777777777714618e+01  -1.25999680255789359151e+00  9.86210051159073714189e+02  5.11200223820947456943e+01  -3.68735738730329654089e+00  3.36431541613887529820e+05  7.05694666895275469869e+05  8.53202387652397362672e+01  4.10157878306865748136e-03  1.79599333330383899465e+02  3.22000383987695038002e-01  5.00000000000000027756e-02  5.53593333329805119547e+01  3.19999872001013430101e-01
9.38472222222222285382e+01  -1.43001918465263888613e+00  9.86399996802557893716e+02  5.15701950439684964067e+01  -4.03577553650683817921e+00  3.64753302136112470180e+05  5.83021145604724530131e+05  6.61853608079863846569e+01  4.27621502645521116281e-03  1.77754666669616085528e+02  3.45999616012304944679e-01  5.00000000000000027756e-02  5.51386666670194856010e+01  3.80000287997719843336e-01
9.38541666666666714036e+01  -2.42989448441273747648e+00  9.86480047961630589270e+02  5.61206666666649738318e+01  -3.53972034761820086857e+00  3.93075062324850296136e+05  4.60347625427622755524e+05  5.71877652968077399009e+01  4.44252317460303719487e-03  1.75910000008852051678e+02  3.69998848036865723987e-01  5.00000000000000027756e-02  5.49180000010589139947e+01  3.69999520004823390096e-01
9.38611111111111142691e+01  -2.20001438849039931966e+00  9.86739993605115387254e+02  5.62799808153461356142e+01  -3.20729384126788774623e+00  3.61734624883233511355e+05  5.36864354451748542488e+05  5.69592854787387707916e+01  4.27015544973535776663e-03  1.77281999995610760834e+02  3.60666965338111322747e-01  5.00000000000000027756e-02  5.48140000003327116929e+01  3.59999824000267920621e-01
9.38680555555555571345e+01  -2.20999999999999996447e+00  9.86760070343724123632e+02  5.57897697841756965431e+01  -3.60776827619051809748e+00  3.30394187441616784781e+05  6.13381083475874271244e+05  4.73648608856194499594e+01  4.09778772486767920574e-03  1.78653999997805385647e+02  3.51333482669055674474e-01  5.00000000000000027756e-02  5.47100000001663531179e+01  2.40000639994932984944e-01
9.38750000000000000000e+01  -2.37999999999999989342e+00  9.86830000000000040927e+02  5.72999999999999971578e+01  -3.32106199999999995853e+00  2.99053750000000000000e+05  6.89897812500000000000e+05  4.19588029926438323969e+01  3.92541999999999977750e-03  1.80026000000000010459e+02  3.42000000000000026201e-01  5.00000000000000027756e-02  5.46060000000000016485e+01  2.70000000000000017764e-01
9.38819444444444428655e+01  -2.31001918465202571440e+00  9.86920025579535945326e+02  5.76699872102319872624e+01  -2.93361343809442542963e+00  2.90655343765645171516e+05  6.61161208386865910143e+05  3.54607486438415904217e+01  3.92863759259259176515e-03  1.80675333334371998717e+02  3.38666613332480159748e-01  5.00000000000000027756e-02  5.44859999998080510863e+01  3.20000383996959791855e-01
9.38888888888888857309e+01  -2.41999200639422262782e+00  9.86990015987211563697e+02  5.83798816946344985013e+01  -3.44253499364761950119e+00  2.82256937531290343031e+05  6.32424604273731936701e+05  3.04473767425487231719e+01  3.93185518518518375281e-03  1.81324666668743986975e+02  3.35333226664960237784e-01  5.00000000000000027756e-02  5.43659999996161076297e+01  3.50000047999926899855e-01
9.38958333333333285964e+01  -2.68999520383694257220e+00  9.87259923261391122651e+02  5.90900191846522346850e+01  -2.88889265238046499817e+00  2.73858531296935456339e+05  6.03688000160597846843e+05  2.31553500217501309066e+01  3.93507277777777574046e-03  1.81973999993617695736e+02  3.32000063997951899708e-01  5.00000000000000027756e-02  5.42459999994817394509e+01  3.00000047999517627240e-01
9.39027777777777714618e+01  -2.84999360511578725408e+00  9.87309996802557861884e+02  5.96500351718631733888e+01  -3.26779561904908399939e+00  2.62904302103747148067e+05  5.86713041698300396092e+05  1.89715280163006916325e+01  3.95851074074071544728e-03  1.80643999997873464736e+02  3.33333354665983072618e-01  5.00000000000000027756e-02  5.41379999998273220285e+01  2.79999808001520134049e-01
9.39097222222222285382e+01  -2.93999360511578711197e+00  9.87360044764189524358e+02  6.06501183053579353555e+01  -3.48170072063557167752e+00  2.51950072896252851933e+05  5.69738083301699603908e+05  1.55538473543466739812e+01  3.98244592592594294500e-03  1.79314000002126533673e+02  3.34666645334016965574e-01  5.00000000000000027756e-02  5.40300000001726772325e+01  3.79999520003800272949e-01
9.39166666666666714036e+01  -2.92002877697834417603e+00  9.87480052757793600904e+02  6.09500000000000028422e+01  -2.82974606190768707137e+00  2.40995843761980504496e+05  5.52763124905652715825e+05  1.23204266559237645140e+01  4.00638111111112187046e-03  1.77984000006382302672e+02  3.35999936002048138484e-01  5.00000000000000027756e-02  5.39220000005182598102e+01  4.19999616003858711188e-01
9.39236111111111142691e+01  -2.98001119104808820381e+00  9.87560019184653810953e+02  6.13400367705865789958e+01  -3.00426061428559254551e+00  2.43139578132987022400e+05  5.35881083270435105078e+05  1.86083859811104481707e+01  4.00906314814814847269e-03  1.78365333332113380038e+02  3.06000960015357814648e-01  5.00000000000000027756e-02  5.36940000007294031548e+01  3.39999904000146180305e-01
9.39305555555555571345e+01  -3.11001278976801698306e+00  9.87690044764188087356e+02  6.19799040767398707885e+01  -3.30125440634941602625e+00  2.45283312503993511200e+05  5.18999041635217552539e+05  1.68499069218912858048e+01  4.01067359788359785455e-03  1.78746666666056682971e+02  2.76000480007678905547e-01  5.00000000000000027756e-02  5.34660000003647013500e+01  3.10000447996453099009e-01
9.39375000000000000000e+01  -3.33999999999999985789e+00  9.87909999999999968168e+02  6.33900000000000005684e+01  -3.47303100000000020131e+00  2.47427046875000000000e+05  5.02117000000000000000e+05  1.21566770061325062358e+01  4.01228404761904723641e-03  1.79127999999999985903e+02  2.45999999999999996447e-01  5.00000000000000027756e-02  5.32379999999999995453e+01  4.69999999999999973355e-01
9.39444444444444428655e+01  -3.68001278976801726728e+00  9.87910057553955994081e+02  6.44601151079121450493e+01  -2.49189401587333536625e+00  2.39598026056251139380e+05  5.31174249945870018564e+05  9.92106746030846409212e+00  3.98961244444445434915e-03  1.79732666667633878888e+02  2.54000128002047687037e-01  5.00000000000000027756e-02  5.31779999999040242642e+01  3.19999680002533481993e-01
9.39513888888888857309e+01  -3.85001438849039923085e+00  9.88039982414067253558e+02  6.42300559552404450869e+01  -2.10958900000000015851e+00  2.31769005237502278760e+05  5.60231499891740037128e+05  1.02898080704825254372e+01  3.96505688888889977484e-03  1.80337333335267743450e+02  2.62000256004095433138e-01  5.00000000000000027756e-02  5.31179999998080489831e+01  3.99999936000097477962e-01
9.39583333333333285964e+01  -3.91005275779363126176e+00  9.88030038369304406842e+02  6.49800719424458605999e+01  -2.27107808571187375080e+00  2.23939984418753418140e+05  5.89288749837610172108e+05  9.42331727574143407367e+00  3.93866396825399717879e-03  1.80941999986211669693e+02  2.70001535950845694689e-01  5.00000000000000027756e-02  5.30579999988195112337e+01  3.50000287997105918869e-01
9.39652777777777714618e+01  -3.97001278976842630897e+00  9.88099984012789491317e+02  6.40601310951263656079e+01  -2.51827889523732206811e+00  2.13045354186969401781e+05  5.60637645886726211756e+05  8.17594782360189498149e+00  3.87582997354501881254e-03  1.78068666662072530471e+02  3.02000511983593400434e-01  5.00000000000000027756e-02  5.28119999996066695758e+01  2.40000255997973199751e-01
9.39722222222222285382e+01  -3.89001278976842623791e+00  9.88189984012789523149e+02  6.41499968025578937159e+01  -2.84125666031534418465e+00  2.02150723938030598219e+05  5.31986541613273788244e+05  4.26763429953218054180e+00  3.81299597883591207675e-03  1.75195333337927479533e+02  3.33999488016406609336e-01  5.00000000000000027756e-02  5.25660000003933305379e+01  3.39999808001520131828e-01
9.39791666666666714036e+01  -4.17997601918471239912e+00  9.88210023980815321920e+02  6.55499664268585888749e+01  -2.68981327142813508857e+00  1.91256093729803193128e+05  5.03335437310329871252e+05  8.06671597769142323386e+00  3.75696361111128645724e-03  1.72322000013788340311e+02  3.65998464049154315081e-01  5.00000000000000027756e-02  5.23200000011804888800e+01  3.59999232007717440140e-01
9.39861111111111142691e+01  -4.55000479616346620304e+00  9.88289992006394186319e+02  6.58299664268557336300e+01  -2.37072579523813553593e+00  1.87642177069868805120e+05  4.69396791540219914168e+05  6.13503544492380115116e+00  3.97753074074085749556e-03  1.70274666673216387380e+02  3.62000128002047671938e-01  5.00000000000000027756e-02  5.22393333335913965243e+01  3.99999760000365411905e-01
9.39930555555555571345e+01  -4.56001918465202482622e+00  9.88230038369304111256e+02  6.47699872102319744727e+01  -2.53559894920632311610e+00  1.84028260409934388008e+05  4.35458145770109957084e+05  9.76039793093741003815e+00  4.19809787037042896757e-03  1.68227333336608211312e+02  3.58000064001023854399e-01  5.00000000000000027756e-02  5.21586666667957032928e+01  3.70000639994932989385e-01
9.40000000000000000000e+01  -4.54000000000000003553e+00  9.88279999999999972715e+02  6.63199999999999931788e+01  -2.22945200000000021134e+00  1.80414343750000000000e+05  4.01519500000000000000e+05  9.73463673432890352899e+00  4.41866499999999957221e-03  1.66180000000000006821e+02  3.53999999999999981348e-01  5.00000000000000027756e-02  5.20780000000000029559e+01  4.00000000000000022204e-01
