 C57NO3CO3H               Loss by CS     Actual loss   Csat   molar mass
   0.0000000000000000        0.0000000000000000        20633432943414.707       0.21112690000000001     
   4.5225938474163683E-034   0.0000000000000000        20633348714792.020       0.21112690000000001     
   4.4504369610460315E-015   4.3621204503961737E-015   20633264485098.875       0.21112690000000001     
   3.4340749472033085E-014   3.3436151911776667E-014   20523855855071.137       0.21112690000000001     
   1.3627138530811307E-013   1.3381323678100724E-013   20415007286480.832       0.21112690000000001     
   4.0495169150984680E-013   3.9397803788380290E-013   20876314173894.051       0.21112690000000001     
   1.0928561078204093E-012   1.0702971753661280E-012   21347674282958.801       0.21112690000000001     
   1.9945958073661762E-012   1.9305022391849019E-012   21875555315308.344       0.21112690000000001     
   3.3741798956442802E-012   3.3055826619432800E-012   22416024182278.898       0.21112690000000001     
   5.1401024005389127E-012   4.9720243987597483E-012   21875499615918.137       0.21112690000000001     
   6.9166597788531991E-012   6.7860565591442457E-012   21347565477068.605       0.21112690000000001     
   9.4964597372998626E-012   9.1993664834889683E-012   21415725339008.273       0.21112690000000001     
   1.2694862134671688E-011   1.2182306582283171E-011   21484095225118.176       0.21112690000000001     
   1.6693185608638253E-011   1.5904395920418397E-011   21506877175253.125       0.21112690000000001     
   2.1486745389370119E-011   2.0350606993192750E-011   21529682438638.734       0.21112690000000001     
   2.6787066167718254E-011   2.5266634230296507E-011   20809790928282.000       0.21112690000000001     
   3.2378674663868508E-011   3.0425951773197940E-011   20113159972663.430       0.21112690000000001     
   3.8436911248259209E-011   3.5925135479500305E-011   20328371329971.340       0.21112690000000001     
   4.5055305487843662E-011   4.1894497337481730E-011   20545804532607.711       0.21112690000000001     
   5.2629800840554046E-011   4.8713993201036067E-011   20765524031417.910       0.21112690000000001     
   6.1409946356267096E-011   5.6612805456332650E-011   20987510623110.770       0.21112690000000001     
   7.1036130747412920E-011   6.5253137088288970E-011   21076985205978.906       0.21112690000000001     
   8.1309707188659031E-011   7.4413662147516094E-011   21166827906741.965       0.21112690000000001     
   9.2013127550441797E-011   8.3977186889031254E-011   20920702293357.766       0.21112690000000001     
   1.0303788368724037E-010   9.3766850644028770E-011   20677340117361.660       0.21112690000000001     
   1.1381526275644605E-010   1.0295638887573796E-010   21099353937694.156       0.21112690000000001     
   1.2402804544947191E-010   1.1144154877332781E-010   21529675125088.469       0.21112690000000001     
   1.3401890932623799E-010   1.1952284996496859E-010   22038585642409.398       0.21112690000000001     
   1.4394969411570723E-010   1.2738555705638471E-010   22559096992123.418       0.21112690000000001     
   1.5380776158792240E-010   1.3508136895222109E-010   22993786916311.051       0.21112690000000001     
   1.6358104148239280E-010   1.4254552843773565E-010   23436555420099.109       0.21112690000000001     
   1.7725115543876310E-010   1.5454364858327421E-010   22848042318971.664       0.21112690000000001     
   1.9770814420353763E-010   1.7309523827997474E-010   22273804669981.656       0.21112690000000001     
   2.2409775223566901E-010   1.9719881024809005E-010   21805968557068.871       0.21112690000000001     
   2.5633283824331717E-010   2.2679863505832606E-010   21347623509741.930       0.21112690000000001     
   3.1418979632216275E-010   2.8066306095107420E-010   21279643941709.176       0.21112690000000001     
   4.1827635289969384E-010   3.7893985311696657E-010   21211873339799.938       0.21112690000000001     
   5.7024117715071442E-010   5.2202549947333691E-010   21529733634931.898       0.21112690000000001     
   7.7015205456195444E-010   7.0986826854207690E-010   21852188797015.312       0.21112690000000001     
   1.0156559904221652E-009   9.4236153350116936E-010   21076960125639.836       0.21112690000000001     
   1.3062192056092048E-009   1.2168049064794870E-009   20328309063931.117       0.21112690000000001     
   1.6509114328012153E-009   1.5402558770891416E-009   20027522120515.355       0.21112690000000001     
   2.0587089321180173E-009   1.9222832270772543E-009   19731033194661.723       0.21112690000000001     
   2.5289912207271704E-009   2.3590913548751874E-009   19899941819378.453       0.21112690000000001     
   3.0649739609523093E-009   2.8551148481458142E-009   20070245698778.227       0.21112690000000001     
   3.6712661647569711E-009   3.4162307393299778E-009   20027542581526.473       0.21112690000000001     
   4.3513851268286361E-009   4.0441136413670405E-009   19984927167634.453       0.21112690000000001     
   5.1094542673015451E-009   4.7434918938188510E-009   19857568224521.859       0.21112690000000001     
   5.9481497099512593E-009   5.5158459289908243E-009   19730992859077.547       0.21112690000000001     
   6.6732399061113113E-009   6.1838531107972238E-009   18947489258245.512       0.21112690000000001     
   7.1930637896444853E-009   6.6512517867941429E-009   18194058676461.914       0.21112690000000001     
   7.6193706301528949E-009   7.0230656250967827E-009   17714304333205.117       0.21112690000000001     
   8.0094918189285083E-009   7.3611897790513067E-009   17246772705356.039       0.21112690000000001     
   8.4102360683670166E-009   7.6912154348157326E-009   17432306986045.973       0.21112690000000001     
   8.8480393148465472E-009   8.0554845929176207E-009   17619767220557.785       0.21112690000000001     
   9.6146094268109668E-009   8.7757023526751142E-009   16844948169963.465       0.21112690000000001     
   1.0853854352706287E-008   9.9568729029404040E-009   16103070409162.818       0.21112690000000001     
   1.2531977470060686E-008   1.1513604244405983E-008   16452362908203.469       0.21112690000000001     
   1.4669530474392691E-008   1.3504122932095469E-008   16808963858770.402       0.21112690000000001     
   1.7303141216704960E-008   1.5962686337943271E-008   17136207294607.631       0.21112690000000001     
   2.0490666767462924E-008   1.8939913875700974E-008   17469596524840.654       0.21112690000000001     
   2.3726411747360584E-008   2.1976788322053399E-008   17283655408850.936       0.21112690000000001     
   2.6680606119749865E-008   2.4724982481162299E-008   17099625449367.590       0.21112690000000001     
   2.9609672345021086E-008   2.7455439224236496E-008   16719187053804.613       0.21112690000000001     
   3.2635861451288713E-008   3.0273991123556634E-008   16346925669185.666       0.21112690000000001     
   3.5800265221673424E-008   3.3240230878883913E-008   15812126736788.141       0.21112690000000001     
   3.9104669314627843E-008   3.6340213797339693E-008   15294237310583.891       0.21112690000000001     
   4.2129189122858652E-008   3.9168203095544197E-008   14776671370086.984       0.21112690000000001     
   4.4760108778494370E-008   4.1615485051308496E-008   14276034164660.541       0.21112690000000001     
   4.7323410280282115E-008   4.3970568159379293E-008   13986643264017.162       0.21112690000000001     
   4.9987744487764732E-008   4.6425405535273399E-008   13702919880423.920       0.21112690000000001     
   5.2584857107514271E-008   4.8729231998744916E-008   13896430152290.584       0.21112690000000001     
   5.5122789312552973E-008   5.0965207848296419E-008   14092577434852.100       0.21112690000000001     
   5.6514745942450019E-008   5.2027646389471474E-008   14539872892970.672       0.21112690000000001     
   5.6644217748103946E-008   5.1854249317118586E-008   15000859459853.623       0.21112690000000001     
   5.6348118314981405E-008   5.1246442282390775E-008   15542612847730.000       0.21112690000000001     
   5.5993006023335552E-008   5.0573787394863978E-008   16103230636922.350       0.21112690000000001     
   5.5636793892175589E-008   4.9953211729625653E-008   16452444701425.396       0.21112690000000001     
   5.5244662528254348E-008   4.9298802617085307E-008   16808963861308.021       0.21112690000000001     
   5.6158910500650673E-008   4.9969883433269915E-008   16953646906374.998       0.21112690000000001     
   5.8514362413880316E-008   5.2031318089180062E-008   17099531767139.092       0.21112690000000001     
   6.1715644954542499E-008   5.4760470991356197E-008   17695282781599.957       0.21112690000000001     
   6.5715444971365286E-008   5.8225106016119825E-008   18311045472878.605       0.21112690000000001     
   7.0310010591842562E-008   6.2271861250709168E-008   18806409413997.551       0.21112690000000001     
   7.5403902311956325E-008   6.6763743191288649E-008   19314696645068.934       0.21112690000000001     
   7.3441390479868677E-008   6.4459076411075855E-008   19688979983169.602       0.21112690000000001     
   6.5848791012021203E-008   5.6739503569642006E-008   20070259369430.695       0.21112690000000001     
   5.8333247778791241E-008   4.9108769562652040E-008   20523981549270.168       0.21112690000000001     
   5.2186023399327726E-008   4.2831643949314027E-008   20987596239608.652       0.21112690000000001     
   4.7913353501014049E-008   3.7978862729599956E-008   22463693716515.918       0.21112690000000001     
   4.5494246944444353E-008   3.4867431517287884E-008   24039746518836.762       0.21112690000000001     
   4.5290188879100077E-008   3.4093832626454649E-008   25131442612981.277       0.21112690000000001     
   4.6641724538115366E-008   3.4793460683056117E-008   26270908369306.773       0.21112690000000001     
   4.8631040805670462E-008   3.6053265200317515E-008   27489135418302.859       0.21112690000000001     
   5.1003618190796053E-008   3.7631594850215791E-008   28761790085436.617       0.21112690000000001     
   5.3599238953199877E-008   3.9396600813253217E-008   30028295401192.910       0.21112690000000001     
   5.6389667024812077E-008   4.1291055098764872E-008   31348534249365.734       0.21112690000000001     
   5.7402410493955017E-008   4.1525596316520371E-008   32485221608216.250       0.21112690000000001     
   5.6872535250648401E-008   4.0241733308609607E-008   33661628717439.621       0.21112690000000001     
   5.6464971859835338E-008   3.8791484597491511E-008   35393399241489.141       0.21112690000000001     
   5.6665956480353124E-008   3.7863104037804437E-008   37210978726213.289       0.21112690000000001     
   5.7713255756377116E-008   3.7341705412479667E-008   39774197355057.570       0.21112690000000001     
   5.9688061881097113E-008   3.7580841671658723E-008   42507353507082.828       0.21112690000000001     
   6.5208884760722898E-008   4.1996362758319286E-008   43714129216529.430       0.21112690000000001     
   7.4685433522843666E-008   5.0118624432067655E-008   44953923875394.055       0.21112690000000001     
   8.5350656450701550E-008   5.8912651757098613E-008   46803990196960.242       0.21112690000000001     
   9.6165094679564222E-008   6.7648705934872343E-008   48727400932717.258       0.21112690000000001     
   1.1344539873416284E-007   8.3461961656354926E-008   48879341709795.734       0.21112690000000001     
   1.4218307455609248E-007   1.1005527632931877E-007   49031739450368.047       0.21112690000000001     
   1.7870769900606018E-007   1.4258922989403387E-007   50992258301973.711       0.21112690000000001     
   2.2296546891995879E-007   1.8191681758626139E-007   53028289344808.812       0.21112690000000001     
   2.7845319824234980E-007   2.3194299894616351E-007   54185663382741.141       0.21112690000000001     
   3.4915018616506513E-007   2.9570508632531699E-007   55367384763243.062       0.21112690000000001     
   4.3910347528660325E-007   3.7810571115548719E-007   55140535305412.195       0.21112690000000001     
   5.5461721079376391E-007   4.8392153323217322E-007   54914582521061.258       0.21112690000000001     
   6.8106002126506970E-007   5.9615447011681486E-007   56983233085065.875       0.21112690000000001     
   8.1897611858936160E-007   7.1707885612925452E-007   59126949291360.164       0.21112690000000001     
   9.6783043128996355E-007   8.4716135799413591E-007   60475186118796.977       0.21112690000000001     
   1.1249794431779200E-006   9.8270315455026663E-007   61853051561315.352       0.21112690000000001     
   1.3189943992346820E-006   1.1496160648007144E-006   63845665390585.336       0.21112690000000001     
   1.5664999603608898E-006   1.3638044771700948E-006   65900122044840.102       0.21112690000000001     
   1.8753271589960003E-006   1.6304807051943285E-006   68437179740223.758       0.21112690000000001     
   2.2528847509446721E-006   1.9560583859860005E-006   71068309703651.406       0.21112690000000001     
   2.6610956045478757E-006   2.3128370375309360E-006   71067025079847.031       0.21112690000000001     
   3.0828359249759707E-006   2.6768363075700295E-006   71065740478438.125       0.21112690000000001     
   3.5560021530061783E-006   3.0937836534397260E-006   69208655659368.828       0.21112690000000001     
   4.0974505986997219E-006   3.5721591301282087E-006   67398418033932.000       0.21112690000000001     
   4.5221036578473958E-006   3.9043529204520129E-006   69919089194676.516       0.21112690000000001     
   4.8233684105947516E-006   4.1081919469834901E-006   72530559173599.672       0.21112690000000001     
   5.1161415029003342E-006   4.3040235509357832E-006   74247764664508.453       0.21112690000000001     
   5.4267460807535209E-006   4.5101920175097171E-006   76004145596134.391       0.21112690000000001     
   5.6480206338515813E-006   4.6684159272577402E-006   73871021689994.766       0.21112690000000001     
   5.7409469840068666E-006   4.7069815257078432E-006   71795692414329.969       0.21112690000000001     
   5.9621395354366861E-006   4.7844025002626391E-006   76235803987821.500       0.21112690000000001     
   6.3962094536282936E-006   5.0490177912485077E-006   80940148337559.203       0.21112690000000001     
   6.6841202633817675E-006   5.2695768658306502E-006   78753868875091.141       0.21112690000000001     
   6.7220213539446730E-006   5.2541142868835872E-006   76624593350538.031       0.21112690000000001     
   6.7311602554012373E-006   5.1726556175513887E-006   76936433679009.406       0.21112690000000001     
   6.7781795105046455E-006   5.1283063737307428E-006   77249497717898.266       0.21112690000000001     
   7.0687013791482238E-006   5.2398246218004585E-006   81269698118126.891       0.21112690000000001     
   7.6424368118160668E-006   5.6048117316485414E-006   85491283652214.281       0.21112690000000001     
   8.1559504587777211E-006   5.9968786073033142E-006   85404151816616.453       0.21112690000000001     
   8.5061561602449469E-006   6.2278144265871577E-006   85317105618222.828       0.21112690000000001     
   8.8405236036544444E-006   6.3828171270801997E-006   87414526688602.734       0.21112690000000001     
   9.2021373464508232E-006   6.5538999358957318E-006   89561625646106.609       0.21112690000000001     
   9.7716540621614974E-006   6.9272100553055029E-006   91296029077424.906       0.21112690000000001     
   1.0565424247385975E-005   7.5009701203394407E-006   93062797262981.312       0.21112690000000001     
   1.1113098207545468E-005   8.0655974659686516E-006   87414908202281.828       0.21112690000000001     
   1.1293164559025771E-005   8.2806111053217776E-006   82098265700339.906       0.21112690000000001     
   1.1718032333043149E-005   8.3510831239908467E-006   87681435681849.906       0.21112690000000001     
   1.2583200888494543E-005   8.8016056124438327E-006   93629853377513.859       0.21112690000000001     
   1.3504154297068167E-005   9.6004574198893630E-006   91481209541699.875       0.21112690000000001     
   1.4346526055781839E-005   1.0318596930049110E-005   89380150288139.875       0.21112690000000001     
   1.5741987703747408E-005   1.1306587524254280E-005   92969645206200.062       0.21112690000000001     
   1.7969420634218016E-005   1.3039716923531454E-005   96697941774686.484       0.21112690000000001     
   2.0013333536055850E-005   1.4953530621071012E-005   92222851818915.281       0.21112690000000001     
   2.1567448010993719E-005   1.6386476671377244E-005   87947794350549.422       0.21112690000000001     
   2.2849011675191688E-005   1.7162173193362466E-005   90654522734235.672       0.21112690000000001     
   2.4083953995116824E-005   1.7851378025299041E-005   93441490223372.281       0.21112690000000001     
   2.5569239493027354E-005   1.8670327372028285E-005   97383093071501.781       0.21112690000000001     
   2.7385976502603997E-005   1.9746328323487386E-005   101484773223514.09       0.21112690000000001     
   2.9210619431865548E-005   2.1011800964627664E-005   102407859993264.92       0.21112690000000001     
   3.0952423337196052E-005   2.2167768424532250E-005   103339039625479.53       0.21112690000000001     
   3.2598517036461078E-005   2.3245781156102014E-005   103755572060875.78       0.21112690000000001     
   3.4139185894777917E-005   2.4200655470163327E-005   104173723057121.59       0.21112690000000001     
   3.5762328914659080E-005   2.5193406214270948E-005   104803442121516.09       0.21112690000000001     
   3.7539038470281371E-005   2.6306904793300099E-005   105436830596482.23       0.21112690000000001     
   3.9576438691603852E-005   2.7572380649093422E-005   106714475515287.38       0.21112690000000001     
   4.1917378611757755E-005   2.9085099458245551E-005   108007041106493.67       0.21112690000000001     
   4.3407076123018343E-005   3.0071669151819028E-005   106500192477725.70       0.21112690000000001     
   4.3912616161701721E-005   3.0127835764745623E-005   105013623231416.58       0.21112690000000001     
   4.4366046052651765E-005   2.9896263441862901E-005   105543592385286.91       0.21112690000000001     
   4.4995667183437131E-005   2.9832658393473023E-005   106076139835133.45       0.21112690000000001     
   4.5750319458532490E-005   2.9780456439929123E-005   107360614168212.31       0.21112690000000001     
   4.6606099355354978E-005   2.9813598369843970E-005   108660078189872.94       0.21112690000000001     
   4.6765298494523055E-005   2.9806945219022470E-005   105861104316519.64       0.21112690000000001     
   4.6096326794036670E-005   2.9047817268661310E-005   103131709959465.55       0.21112690000000001     
   4.6094688470191985E-005   2.7621415836454055E-005   108551636580463.83       0.21112690000000001     
   4.7203926263544735E-005   2.7168859715933583E-005   114245673462787.34       0.21112690000000001     
   4.7968078813063130E-005   2.7562158517259938E-005   113106598355620.59       0.21112690000000001     
   4.7986284910573674E-005   2.7260277171121429E-005   111978476658450.00       0.21112690000000001     
   4.8273875167035619E-005   2.6836997260606043E-005   112993700362109.73       0.21112690000000001     
   4.9040767283011410E-005   2.6865844787856471E-005   114017795190083.56       0.21112690000000001     
   4.9522028251534478E-005   2.7175179761569938E-005   112203610685729.36       0.21112690000000001     
   4.9518923389264956E-005   2.7038781132384532E-005   110417272851695.55       0.21112690000000001     
   4.9632158449706747E-005   2.6275154666989802E-005   112315477605461.97       0.21112690000000001     
   5.0044191829316115E-005   2.5783751810196489E-005   114245124804775.45       0.21112690000000001     
   5.0367773582425250E-005   2.5224105398452459E-005   116089237659277.80       0.21112690000000001     
   5.0658336405910143E-005   2.4629478130038136E-005   117962032602228.48       0.21112690000000001     
   5.0620786036833522E-005   2.4069619506778168E-005   118316396502479.39       0.21112690000000001     
   5.0160259109490700E-005   2.3125373050703535E-005   118671786582510.47       0.21112690000000001     
   4.9523752707859712E-005   2.2148798344017676E-005   118553480731207.61       0.21112690000000001     
   4.8790784843004008E-005   2.1107559551444485E-005   118435288589986.28       0.21112690000000001     
   4.8127972586436960E-005   2.0723161066782360E-005   115973136612826.09       0.21112690000000001     
   4.7482782940302913E-005   2.0371542354829814E-005   113560369997349.47       0.21112690000000001     
   4.7235722014892038E-005   1.9441262068567835E-005   115161991178292.86       0.21112690000000001     
   4.7466511787217500E-005   1.8948936228968235E-005   116785379447362.81       0.21112690000000001     
   4.7252144084522356E-005   1.9012043933806354E-005   114586846984471.61       0.21112690000000001     
   4.6400933518679739E-005   1.8470095373007917E-005   112428244516098.06       0.21112690000000001     
   4.5797809745807958E-005   1.7149383603801225E-005   114130217633133.05       0.21112690000000001     
   4.5730802401592176E-005   1.6340541775241094E-005   115857017678577.14       0.21112690000000001     
   4.5083011025081789E-005   1.6437466408505573E-005   112653546476129.41       0.21112690000000001     
   4.3742188724730920E-005   1.5762591393920925E-005   109535559280836.28       0.21112690000000001     
   4.2910084220062803E-005   1.4103141316682433E-005   110972548182469.84       0.21112690000000001     
   4.2807816151822657E-005   1.3492043417768660E-005   112427704180283.97       0.21112690000000001     
   4.2335501317898659E-005   1.3148762406088935E-005   111978243416933.19       0.21112690000000001     
   4.1679524471635750E-005   1.2415798782575670E-005   111530515291585.81       0.21112690000000001     
   4.1037396741858381E-005   9.9603627450432514E-006   111642110813736.69       0.21112690000000001     
   4.0480396371738314E-005   9.4274113415589080E-006   111753813988906.61       0.21112690000000001     
   3.9773743348090832E-005   6.9638184132330382E-006   111529854011669.42       0.21112690000000001     
   3.9172402648857517E-005   4.9655517909906162E-006   111306326793508.70       0.21112690000000001     
   3.8549782252237764E-005   7.9038790712868687E-006   110861011636463.42       0.21112690000000001     
   3.7954995842678559E-005   5.6418867144136147E-006   110417414440361.30       0.21112690000000001     
   3.6756316738090493E-005   6.1360481969557684E-006   107683152649703.89       0.21112690000000001     
   3.5657130665101129E-005   8.2474267144145262E-006   105014230378047.28       0.21112690000000001     
   3.5323113753181605E-005   7.1387899551196132E-007   105330950960518.95       0.21112690000000001     
   3.5275337243942940E-005   7.7368922980053899E-006   105648592477532.14       0.21112690000000001     
   3.4045480557407666E-005   7.1804148760897229E-006   103338973190493.06       0.21112690000000001     
   3.2874572351192276E-005   6.7018829549584042E-006   101078074991041.73       0.21112690000000001     
   3.2007849499239189E-005   5.0883267416511942E-006   99764706261388.953       0.21112690000000001     
   3.1557495372275389E-005   6.2869283329566091E-006   98467799734246.422       0.21112690000000001     
   3.0294081106871251E-005   5.6610716691244236E-006   96504065505882.125       0.21112690000000001     
   2.9271873556612915E-005   5.2662977186980833E-006   94578119867517.234       0.21112690000000001     
   2.8957858649009781E-005   5.5588198269743367E-006   92689576636818.891       0.21112690000000001     
   2.7418260893901291E-005   4.6294084026743355E-006   90837421951438.953       0.21112690000000001     
   2.6840134286537470E-005   4.4878441507783173E-006   89562030670179.109       0.21112690000000001     
   2.7103741816374483E-005   5.1609082971336168E-006   88303915308783.234       0.21112690000000001     
   2.5802432991867175E-005   4.3843338332892091E-006   86711080795969.438       0.21112690000000001     
   2.5240515325393610E-005   4.3211955915679542E-006   85145970031178.516       0.21112690000000001     
   2.4482898105830899E-005   4.1857349799448267E-006   83101730682852.000       0.21112690000000001     
   2.2873535894929180E-005  -2.4607316359021177E-005   81104860422561.203       0.21112690000000001     
   2.2531622262082527E-005   3.5949131109051314E-006   78514695214663.672       0.21112690000000001     
   2.1091433090116485E-005   2.8898779095711631E-006   76004392584383.156       0.21112690000000001     
   2.2593521342415058E-005   4.7353612393661801E-006   74778141749315.859       0.21112690000000001     
   2.1994126935503480E-005   4.5114220159301341E-006   73570981695633.594       0.21112690000000001     
   2.0005565727197221E-005   2.8674740139128497E-006   72603666134028.797       0.21112690000000001     
   2.0927295169280505E-005   4.0573711077320201E-006   71648621993609.266       0.21112690000000001     
   1.8522850589761999E-005  -4.6817373138042162E-005   69633989551368.867       0.21112690000000001     
   1.8117254181070041E-005   2.3997640660635539E-006   67674045295770.406       0.21112690000000001     
   1.9724030826251826E-005   4.2350741640068070E-006   66782057051366.148       0.21112690000000001     
   1.7799845429996921E-005   2.6194841936434958E-006   65901413334643.406       0.21112690000000001     
   1.8897111867631476E-005   3.8102991048821169E-006   65565838806953.758       0.21112690000000001     
   1.7528421594653796E-005   2.5996605629366996E-006   65231912644483.820       0.21112690000000001     
   1.6456240117886383E-005  -5.5837727924190259E-005   64239348133367.727       0.21112690000000001     
   1.7471534213908386E-005   3.0982572392858516E-006   63261357998644.477       0.21112690000000001     
   1.7613955207544412E-005   3.2608632454495076E-006   63326054217369.656       0.21112690000000001     
   1.6341043629257425E-005   2.0423184957063219E-006   63390814248506.328       0.21112690000000001     
   1.6296677386365486E-005   2.5462273526365804E-006   61223219567592.188       0.21112690000000001     
   1.4940207684937040E-005   1.7642462322371472E-006   59127201294932.211       0.21112690000000001     
   1.5371432673018977E-005   2.0227231503427913E-006   59981963045182.883       0.21112690000000001     
   1.5761818838381073E-005   2.2271759097414624E-006   60848637154802.516       0.21112690000000001     
   1.3385124383403711E-005   1.9588859182309028E-006   52214463659188.617       0.21112690000000001     
   1.1304134203227494E-005   1.7095152360381539E-006   44768136778889.938       0.21112690000000001     
   1.1842310717448207E-005   1.4576821601609965E-006   48378166869654.258       0.21112690000000001     
   1.3649462760703486E-005   2.3341702345518189E-006   52268226971697.406       0.21112690000000001     
   1.3092021677942460E-005   1.9252017611398652E-006   51785965830417.430       0.21112690000000001     
   1.3008561299119126E-005   1.9781631902889463E-006   51307998354114.961       0.21112690000000001     
   1.4923732052414075E-005   3.3261824317421863E-006   53630822213788.266       0.21112690000000001     
   1.4214428997354941E-005   2.1049774761179021E-006   56054921534713.953       0.21112690000000001     
   1.3492899092248794E-005   1.4941907720615014E-006   55767489561612.453       0.21112690000000001     
   1.3113808415577225E-005  -1.7451279509678836E-005   55481479503302.945       0.21112690000000001     
   1.3992977627466988E-005   2.0708186356670254E-006   55595654879722.031       0.21112690000000001     
   1.3064278479960245E-005  -4.9300314250047160E-005   55710056880805.133       0.21112690000000001     
   1.4469140133783151E-005   2.5690324763591216E-006   55652937228737.031       0.21112690000000001     
   1.3861686501358017E-005   2.0183536278104721E-006   55595874069341.219       0.21112690000000001     
   1.3053785969891233E-005   1.6140038408618616E-006   54018141939125.180       0.21112690000000001     
   1.2210085291508336E-005   1.1692249366093525E-006   52483642157844.047       0.21112690000000001     
   1.1951634475662198E-005   1.1868226014045535E-006   51414098265627.633       0.21112690000000001     
   1.1540111670917391E-005   1.0473909920909229E-006   50365594507984.828       0.21112690000000001     
   1.2910420427863934E-005   2.1527592397777668E-006   51467185153886.914       0.21112690000000001     
   1.2334745397739505E-005   1.3629023828819913E-006   52591999591123.797       0.21112690000000001     
   1.2013245152000013E-005   1.2715288815476691E-006   51679278936792.672       0.21112690000000001     
   1.1554638988544665E-005   1.0491211937725567E-006   50781847440610.148       0.21112690000000001     
   1.1631168068899421E-005   1.1466362490701858E-006   50781822334031.227       0.21112690000000001     
   1.1624290574972001E-005   1.1595774516362381E-006   50781797227463.883       0.21112690000000001     
   1.1106604614323763E-005   9.1475256788932499E-007   49693948454701.164       0.21112690000000001     
   1.1722583012321768E-005   1.7644769031962063E-006   48628596949178.461       0.21112690000000001     
   1.0547751116234950E-005   9.3010414269973285E-007   47339995141518.750       0.21112690000000001     
   1.0488726563811470E-005   1.1658282607678256E-006   46084364815798.938       0.21112690000000001     
   1.0524435498929172E-005   1.4248916855022693E-006   45140409840410.000       0.21112690000000001     
   1.0543974146978915E-005   1.6619266052224791E-006   44215121340959.375       0.21112690000000001     
   1.0814868399648503E-005   2.1165378429990108E-006   43398087879027.375       0.21112690000000001     
   9.2020345887377452E-006   7.4728879400853495E-007   42595629209026.438       0.21112690000000001     
   8.9006650330675313E-006  -3.3608494472197746E-005   41720816289460.023       0.21112690000000001     
   8.7992337688131534E-006   7.5907226650993929E-007   40863349456498.633       0.21112690000000001     
   8.6392703574300873E-006   6.8397737817480603E-007   40567292110408.453       0.21112690000000001     
   9.2194300387251780E-006   1.3194060476175726E-006   40273304704430.602       0.21112690000000001     
   8.2496857826305867E-006   6.6300905779897524E-007   38995689442259.172       0.21112690000000001     
   7.8649600898762001E-006  -1.7948806789820225E-005   37757222184481.328       0.21112690000000001     
