 C925O                    Loss by CS     Actual loss   Csat   molar mass
   0.0000000000000000        0.0000000000000000        7857390826215001.0       0.20321240000000002     
   1.1344960008351104E-026   0.0000000000000000        7857365480087994.0       0.20321240000000002     
   1.1670014085787562E-007   1.1428953165315996E-007   7857340133617042.0       0.20321240000000002     
   1.3833354504071590E-006   5.5415384668933002E-007   7824398423416921.0       0.20321240000000002     
   7.3067115162619345E-006   7.1718926645302828E-006   7791588750273859.0       0.20321240000000002     
   2.7904090599919415E-005   8.9152106417375240E-006   7930388907350275.0       0.20321240000000002     
   9.5346753505751817E-005   9.3324131288752103E-005   8071550661474546.0       0.20321240000000002     
   2.2857979187504635E-004   5.6963423320075326E-005   8228865217321140.0       0.20321240000000002     
   4.8319671848789822E-004   4.7312370888806521E-004   8389107857506824.0       0.20321240000000002     
   8.9814381698205233E-004   2.0149811822692265E-004   8228848660602468.0       0.20321240000000002     
   1.4758367950824588E-003   1.4475051085666296E-003   8071518152539863.0       0.20321240000000002     
   2.3667527968015715E-003   5.1557199818126620E-004   8091876096903075.0       0.20321240000000002     
   3.7410379364559640E-003   6.3908693494041380E-004   8112283114849243.0       0.20321240000000002     
   5.6094388207356093E-003   8.4697299641395274E-004   8119080033799047.0       0.20321240000000002     
   8.0447391683428661E-003   1.1052878058606108E-003   8125882395006230.0       0.20321240000000002     
   1.1058692272487510E-002   1.4722360299423976E-003   7910413119047053.0       0.20321240000000002     
   1.4724593180768424E-002   1.8688324561219050E-003   7700411531374126.0       0.20321240000000002     
   1.9212482533312113E-002   2.1602054493146117E-003   7765448270034153.0       0.20321240000000002     
   2.4503145877455345E-002   2.5348936159963475E-003   7831009872885576.0       0.20321240000000002     
   3.0560028756018844E-002   2.8990231428038804E-003   7897113104805467.0       0.20321240000000002     
   3.7272910764578782E-002   3.2355500237768453E-003   7963749499803411.0       0.20321240000000002     
   4.4555548756174040E-002   3.5985119859098802E-003   7990566279564646.0       0.20321240000000002     
   5.2414178506144278E-002   3.9130418328277017E-003   8017469361220156.0       0.20321240000000002     
   6.0650098725087732E-002   4.3881732026775921E-003   7943710465965714.0       0.20321240000000002     
   6.9281306277713839E-002   4.7430324275823388E-003   7870600445633766.0       0.20321240000000002     
   7.8651083800192881E-002   4.5844199921933892E-003   7997266764106534.0       0.20321240000000002     
   8.8604183795116184E-002   4.6955365061185361E-003   8125880213760602.0       0.20321240000000002     
   9.9104976960024932E-002   4.7515660092996015E-003   8277288403650763.0       0.20321240000000002     
  0.11007030980655161        4.8273223865011872E-003   8431390885940479.0       0.20321240000000002     
  0.12140971458214649        4.9944238261314666E-003   8559513742732866.0       0.20321240000000002     
  0.13312870633241841        5.0778485551088437E-003   8689496204506851.0       0.20321240000000002     
  0.14533825345917423        6.8019032634252241E-003   8516613307586531.0       0.20321240000000002     
  0.15846589178446613        7.7244578937936126E-003   8347020837957620.0       0.20321240000000002     
  0.17259979909397621        8.4118853700179130E-003   8208173551913914.0       0.20321240000000002     
  0.18764954277519733        9.1814138950212509E-003   8071535491498723.0       0.20321240000000002     
  0.20457797455672791        9.6011921028154035E-003   8051217816979569.0       0.20321240000000002     
  0.22724959503071662        1.1789816421895694E-002   8030949034589458.0       0.20321240000000002     
  0.25529796607670602        1.3219887412729392E-002   8125897664151122.0       0.20321240000000002     
  0.29011381518014034        1.5868887133228426E-002   8221918711318821.0       0.20321240000000002     
  0.33031909537492243        2.2609912167609991E-002   7990558765989168.0       0.20321240000000002     
  0.37675966414432094        2.7700670385677029E-002   7765429474239060.0       0.20321240000000002     
  0.43035495337730745        3.0823562465798204E-002   7674491265522493.0       0.20321240000000002     
  0.49122350803250925        3.5396192028457563E-002   7584571554728413.0       0.20321240000000002     
  0.56270872215462320        3.8323005394289567E-002   7635832958647720.0       0.20321240000000002     
  0.64639972696796510        4.3886582460807233E-002   7687425440557473.0       0.20321240000000002     
  0.74297544303301510        5.2444644127120910E-002   7674497461292673.0       0.20321240000000002     
  0.85391853410831509        6.1021611245664076E-002   7661590265015505.0       0.20321240000000002     
  0.98101527100346986        7.1698547765649323E-002   7622981774998055.0       0.20321240000000002     
   1.1263984797128597        8.3214698856721725E-002   7584559302472458.0       0.20321240000000002     
   1.2929357447272316       0.10856860139182345        7345555875199097.0       0.20321240000000002     
   1.4842159846234684       0.13127446589955127        7113762031705497.0       0.20321240000000002     
   1.7038301596400010       0.15027921651095255        6965116893768462.0       0.20321240000000002     
   1.9551808826042374       0.17553498546401158        6819443788504309.0       0.20321240000000002     
   2.2457483298889001       0.18231651589884734        6877350365442570.0       0.20321240000000002     
   2.5766119473864979       0.20305007701256272        6935726840814994.0       0.20321240000000002     
   2.9307378846359926       0.26806033875848811        6693580513248455.0       0.20321240000000002     
   3.3143865959030974       0.31524049723299186        6459528915764543.0       0.20321240000000002     
   3.7456539153309976       0.29291597084423415        6570001307251227.0       0.20321240000000002     
   4.2144457027071995       0.30467264646804892        6682278619599572.0       0.20321240000000002     
   4.7242943891421856       0.32709152609629655        6784873406432754.0       0.20321240000000002     
   5.2822850131826335       0.35287598328409331        6888973051759766.0       0.20321240000000002     
   5.8699086038947792       0.42864390011229148        6830965512647401.0       0.20321240000000002     
   6.4972421994951377       0.47983081474984601        6773425100923940.0       0.20321240000000002     
   7.1629359807024340       0.55611180218198797        6654059498268746.0       0.20321240000000002     
   7.8639980914987317       0.61907721015944617        6536706501505853.0       0.20321240000000002     
   8.6056120828095946       0.71602690202854546        6367126575955841.0       0.20321240000000002     
   9.3894075706139954       0.80301284971960740        6201757576670938.0       0.20321240000000002     
   10.258454156348870       0.92167528993633141        6035313484241080.0       0.20321240000000002     
   11.241075893639710        1.0629548359885916        5873145515319082.0       0.20321240000000002     
   12.340981067137701        1.1614088818657820        5778861996212899.0       0.20321240000000002     
   13.559270330615332        1.3059113961548974        5686026720850996.0       0.20321240000000002     
   14.880140949366623        1.2607291520891977        5749387176345385.0       0.20321240000000002     
   16.255536884440652        1.2939756022428810        5813422399362004.0       0.20321240000000002     
   17.643424136668013        1.1948972691413928        5958755106490474.0       0.20321240000000002     
   18.999718904940899        1.1326339981825413        6107557905984231.0       0.20321240000000002     
   20.331744467009607        1.0408912623646529        6281211442259102.0       0.20321240000000002     
   21.629326481914863       0.96303985154372640        6459579706299474.0       0.20321240000000002     
   22.867924836141480        1.0041801091966818        6570027118371831.0       0.20321240000000002     
   24.059008307593427       0.97680592271524347        6682278620396726.0       0.20321240000000002     
   25.155916145919296        1.0380160598051589        6727689727411572.0       0.20321240000000002     
   26.167272981505437        1.0182800523050446        6773395776433176.0       0.20321240000000002     
   27.146037346110287       0.71308063131152721        6959206052791234.0       0.20321240000000002     
   28.066662567957895       0.55755209140204443        7149883334254191.0       0.20321240000000002     
   28.897739174635653       0.51616577387244433        7302301908120744.0       0.20321240000000002     
   29.654995365695918       0.43780326243529544        7457823610297697.0       0.20321240000000002     
   30.375598295233974       0.46788074637913724        7571794699229043.0       0.20321240000000002     
   31.078740305059739       0.44215568269271444        7687429578298004.0       0.20321240000000002     
   31.722985532779980       0.34719638671924713        7824436289640706.0       0.20321240000000002     
   32.275434436489427       0.25786275465702602        7963775171715054.0       0.20321240000000002     
   32.885041435272775      -0.77686118200085730        8403202149658568.0       0.20321240000000002     
   33.387191515447128      -0.95228737616798753        8865748075057275.0       0.20321240000000002     
   33.694241293666593      -0.59592684291328624        9182405342342964.0       0.20321240000000002     
   33.914169956256323      -0.65051333379653897        9509854693297998.0       0.20321240000000002     
   34.045346877219750      -0.72402883795496109        9856658402112462.0       0.20321240000000002     
   34.085170100720909      -0.76102231297261369        10215528784895672.       0.20321240000000002     
   34.027254800351429      -0.76406548413388009        10569370254551964.       0.20321240000000002     
   33.878573269888143      -0.80111937602873695        10934905440703594.       0.20321240000000002     
   33.669957431476874      -0.66158033209217137        11247036671181376.       0.20321240000000002     
   33.411281667505875      -0.68710944077588465        11567670327528646.       0.20321240000000002     
   33.112621112034475      -0.93615578278070188        12035432814267200.       0.20321240000000002     
   32.709182911698562      -0.96134671966194674        12521234941748400.       0.20321240000000002     
   32.220058498042853       -1.2066172942528510        13197971524128380.       0.20321240000000002     
   31.601305383464322       -1.2076284862894227        13909566679579566.       0.20321240000000002     
   30.673769884708509      -0.79060639163913038        14220677036303638.       0.20321240000000002     
   29.522645238122841      -0.85771510292454423        14538427980139356.       0.20321240000000002     
   28.182778673537442       -1.0541528681236514        15009194394583840.       0.20321240000000002     
   26.629895068110446       -1.0718630775521660        15494500849131264.       0.20321240000000002     
   24.902881065906492      -0.66181772643506065        15532664650262866.       0.20321240000000002     
   23.388000285406520      -0.60575211268076146        15570918221799326.       0.20321240000000002     
   22.027311108509828      -0.84905673736727749        16060838055571574.       0.20321240000000002     
   20.681869401909438      -0.80186130413835599        16565460450613412.       0.20321240000000002     
   19.308513523624683      -0.65292460914997719        16850492806333210.       0.20321240000000002     
   17.946272663717327      -0.63519993161150978        17140205697275320.       0.20321240000000002     
   16.568836266993969      -0.47955543977519710        17084692377673196.       0.20321240000000002     
   15.214222653815854      -0.47740597233843118        17029350805949186.       0.20321240000000002     
   13.981477185922614      -0.61581470261819504        17534259963556528.       0.20321240000000002     
   12.813552184274830      -0.56660441940795181        18053447486683864.       0.20321240000000002     
   11.668142166846875      -0.48157263138028839        18377949684594436.       0.20321240000000002     
   10.560672084887599      -0.45160949781495674        18708017706113956.       0.20321240000000002     
   9.5249914692818152      -0.43511717699041697        19182635411630232.       0.20321240000000002     
   8.5590527500068330      -0.39072551396876065        19668738617867556.       0.20321240000000002     
   7.6426865260675960      -0.37647398221650974        20264665480288948.       0.20321240000000002     
   6.7681752071503718      -0.33806117516280665        20877810106787196.       0.20321240000000002     
   5.9396256124934874      -0.24393435170316025        20877511920803488.       0.20321240000000002     
   5.1980679423157135      -0.21907847729858076        20877213738886712.       0.20321240000000002     
   4.5351407300114310      -0.15783800330051179        20444950917546584.       0.20321240000000002     
   3.9739438729690377      -0.13886809678658096        20021242388923820.       0.20321240000000002     
   3.5208118461019176      -0.17097914060259711        20610598553321376.       0.20321240000000002     
   3.1449793438908520      -0.14121039687458392        21216498715421036.       0.20321240000000002     
   2.8313759307814790      -0.10597067728541276        21612416666966296.       0.20321240000000002     
   2.5705851370141826       -8.8139542390763381E-002   22015383167299792.       0.20321240000000002     
   2.3357778524560917       -4.6025694123628114E-002   21525721125698924.       0.20321240000000002     
   2.1400139533507629       -3.8701100340105654E-002   21046468698163748.       0.20321240000000002     
   1.9895591796567254       -7.7516028679681881E-002   22068385778068924.       0.20321240000000002     
   1.8493099151903347       -6.7038312341040296E-002   23137576894712648.       0.20321240000000002     
   1.7091443443664218       -2.3177125507721996E-002   22642355197389000.       0.20321240000000002     
   1.5967421168153604       -1.8158984307511616E-002   22157263481998448.       0.20321240000000002     
   1.5056295551836980       -2.7637747772395471E-002   22228482128883348.       0.20321240000000002     
   1.4210843129069592       -2.5315240239841330E-002   22299919311889732.       0.20321240000000002     
   1.3547743306047797       -3.7286066507931537E-002   23211979192381620.       0.20321240000000002     
   1.2915792902140271       -3.3163520400933066E-002   24159588934422328.       0.20321240000000002     
   1.2264191667641815       -1.5259534183222456E-002   24140131486344760.       0.20321240000000002     
   1.1735811983500983       -1.2758065903259563E-002   24120688999720612.       0.20321240000000002     
   1.1281802155753549       -1.9195336771876015E-002   24588018112669684.       0.20321240000000002     
   1.0817438615753081       -1.8166706535211574E-002   25063983827350264.       0.20321240000000002     
   1.0411391635271099       -1.4349263996468409E-002   25446715510895628.       0.20321240000000002     
   1.0079671322974837       -1.1753641613214683E-002   25835022741477964.       0.20321240000000002     
  0.97001246768267868        5.3106174083126234E-003   24588102902517720.       0.20321240000000002     
  0.94191701271104633        7.6232124793413902E-003   23398765465158340.       0.20321240000000002     
  0.92261097475851650       -2.3758729889625130E-002   24647318575912196.       0.20321240000000002     
  0.88543333127643564       -2.4097551353055024E-002   25959323369905088.       0.20321240000000002     
  0.83939073565246758       -5.7757222551373388E-003   25487488735295064.       0.20321240000000002     
  0.80209273622930566       -4.3819645506353311E-003   25023848076305992.       0.20321240000000002     
  0.78378611505096785       -1.0826058305518416E-002   25814588307639800.       0.20321240000000002     
  0.77337257197474440       -8.4852416163414546E-003   26629148278477404.       0.20321240000000002     
  0.75514269360328679        3.8040060676998166E-003   25650611070567844.       0.20321240000000002     
  0.73946217709077899        4.6630086291195028E-003   24706458998681060.       0.20321240000000002     
  0.73277593704435295       -6.1765171643948236E-003   25305333414340908.       0.20321240000000002     
  0.72972570290221928       -5.5581586664459337E-003   25918051104238692.       0.20321240000000002     
  0.73016470039236836       -6.2383884995362848E-003   26778116847917432.       0.20321240000000002     
  0.73205203942462826       -5.8010893333815261E-003   27665386754505224.       0.20321240000000002     
  0.73333557674899152       -2.0636402049944991E-004   27864020760423288.       0.20321240000000002     
  0.73728215791345597        1.6474751564743428E-005   28064015687909348.       0.20321240000000002     
  0.73662815139670046       -1.0256954743788071E-003   28153354188240240.       0.20321240000000002     
  0.73155940195433655       -1.7672913907560428E-003   28242964124765044.       0.20321240000000002     
  0.72461970327350189       -2.3940092800458501E-003   28377770851516648.       0.20321240000000002     
  0.71655654636516197       -2.5785350588485301E-003   28513191647044132.       0.20321240000000002     
  0.70911014910265258       -3.2229675395250013E-003   28785838644039484.       0.20321240000000002     
  0.70225607895331843       -2.9744002451899121E-003   29060973109214632.       0.20321240000000002     
  0.69484671166772538        9.7117721679396141E-004   28740159100097852.       0.20321240000000002     
  0.69005292672891883        1.2831715936023613E-003   28422727350773768.       0.20321240000000002     
  0.68444512376469258       -2.1489657315179045E-003   28536000865827536.       0.20321240000000002     
  0.67599395535838913       -2.6476277039826357E-003   28649705216730076.       0.20321240000000002     
  0.66620239120669567       -4.0186658496033090E-003   28923462137399712.       0.20321240000000002     
  0.65517853259742864       -4.1493235975593734E-003   29199714863545152.       0.20321240000000002     
  0.64142858542553327        7.6796459252648219E-004   28603807386215116.       0.20321240000000002     
  0.62920279173850180        9.7287490241271257E-004   28019519137373116.       0.20321240000000002     
  0.62047670845305913       -9.3934083395676993E-003   29176687924767392.       0.20321240000000002     
  0.60909611023044008       -9.0048071421993114E-003   30379387555946176.       0.20321240000000002     
  0.59661762746539315       -8.2646451549628352E-004   30139817720571968.       0.20321240000000002     
  0.58754307315426957       -4.5791288392571516E-004   29902051759048968.       0.20321240000000002     
  0.58059636805389525       -2.5526410145975120E-003   30116045535399628.       0.20321240000000002     
  0.57347784814844693       -2.4638192767501010E-003   30331500571399252.       0.20321240000000002     
  0.56462011311932658        1.2281838134953205E-004   29949541631701208.       0.20321240000000002     
  0.55589660186023626        1.2043902652258964E-004   29572176375669136.       0.20321240000000002     
  0.54676919972084703       -4.4143894060582056E-003   29973131447444768.       0.20321240000000002     
  0.53505238291252599       -4.6258568679604650E-003   30379272283501628.       0.20321240000000002     
  0.52746254187857200       -2.4790406459604952E-003   30766066184220700.       0.20321240000000002     
  0.52531994932192261       -1.7823050064844637E-003   31157557834479196.       0.20321240000000002     
  0.52231692297914112       -9.6037304649065902E-004   31231487193739628.       0.20321240000000002     
  0.51803210223717422       -1.1836153027502405E-003   31305583958126944.       0.20321240000000002     
  0.51285038458553633       -9.1265904761073102E-004   31280923056812844.       0.20321240000000002     
  0.50736922215513081       -9.5925229236470955E-004   31256280697776736.       0.20321240000000002     
  0.49983385377804607        4.8672690793694073E-004   30741752795973576.       0.20321240000000002     
  0.49086675069083596        2.8835798573823013E-004   30235315227292904.       0.20321240000000002     
  0.48237431385373780       -3.5203545705506656E-003   30571743209563912.       0.20321240000000002     
  0.47279546155836188       -3.5413721702717282E-003   30911742377757264.       0.20321240000000002     
  0.46132374771415496       -6.2607414775683878E-004   30451045254282000.       0.20321240000000002     
  0.45026449666969270       -6.3379298810239959E-004   29996906055059416.       0.20321240000000002     
  0.44100766286728144       -3.6289143998029516E-003   30355127850606424.       0.20321240000000002     
  0.43134146469034362       -3.6174107829509694E-003   30717430549040476.       0.20321240000000002     
  0.42035207142786957        1.4332735865352220E-004   30044391398809668.       0.20321240000000002     
  0.41043843291616594        3.1600809376364225E-004   29385441916544864.       0.20321240000000002     
  0.40311541235468873       -2.9374076604717914E-003   29689615095110296.       0.20321240000000002     
  0.39560424784566639       -2.8513319454219754E-003   29996792148194528.       0.20321240000000002     
  0.38912583852059890       -7.2976091509069363E-004   29902002548588872.       0.20321240000000002     
  0.38527334394338092       -2.3919413453121763E-004   29807498893780116.       0.20321240000000002     
  0.38269205326398631       -5.3293582982938403E-004   29831061220512608.       0.20321240000000002     
  0.38060928453279519       -3.5346458534490921E-004   29854641324998548.       0.20321240000000002     
  0.37946282735655357        1.1802561459361982E-004   29807359256103132.       0.20321240000000002     
  0.37950356109426847        3.6223381486699679E-004   29760148667624624.       0.20321240000000002     
  0.37846546828638811        1.7250954645042782E-004   29666035442019072.       0.20321240000000002     
  0.37697864281560178        1.7924537545788155E-004   29572206336941276.       0.20321240000000002     
  0.37546522015257183        1.7931898336591701E-003   28992095703106084.       0.20321240000000002     
  0.37538970718547982        2.3209143176394775E-003   28422857188472052.       0.20321240000000002     
  0.37771974202353903        8.7041689806532929E-004   28490566106512044.       0.20321240000000002     
  0.38162335511645140        1.0930448924639791E-003   28558428980448892.       0.20321240000000002     
  0.39134972208184082        4.8511623362692546E-003   28064001432810372.       0.20321240000000002     
  0.40726004352708511        6.6538572667731444E-003   27577751320400648.       0.20321240000000002     
  0.42664079276639760        7.0964639915800376E-003   27294238642423300.       0.20321240000000002     
  0.44874304185868574        8.0844712968470844E-003   27013509559818708.       0.20321240000000002     
  0.47329751150035204        9.7827355129282978E-003   26586954681425388.       0.20321240000000002     
  0.50130822391110486        1.1197225830468227E-002   26166834233907148.       0.20321240000000002     
  0.52824873277070972        1.1207689169470569E-002   25753124749882188.       0.20321240000000002     
  0.55514861007198901        1.1739541913772911E-002   25345664064651592.       0.20321240000000002     
  0.58346460261525834        1.1747462609811521E-002   25064073384840308.       0.20321240000000002     
  0.61381810763276856        1.2542867112161460E-002   24785470905021160.       0.20321240000000002     
  0.64569264607338128        1.3998977507590382E-002   24431547575589064.       0.20321240000000002     
  0.67996238320128910        1.5229658523782774E-002   24082452304857128.       0.20321240000000002     
  0.71780133654456058        1.8102862893414340E-002   23624450412878104.       0.20321240000000002     
  0.76091607122801364        2.0545171437326815E-002   23174771798160936.       0.20321240000000002     
  0.83078317855750428        3.3609690111017443E-002   22588005210047552.       0.20321240000000002     
  0.87306829749742354        2.5710950195371396E-002   22015439695372336.       0.20321240000000002     
  0.91511051986621361        2.2362158174409785E-002   21734309944850256.       0.20321240000000002     
  0.95641497444923385        2.2083707719911416E-002   21456609950216416.       0.20321240000000002     
  0.99815127912548529        2.1632078481527373E-002   21233394027959508.       0.20321240000000002     
   1.0391755478891302        2.1744884509214302E-002   21012396452863476.       0.20321240000000002     
   1.0781165569810860        2.5982020416329021E-002   20544166184430316.       0.20321240000000002     
   1.1180484882103106        2.7967363668391698E-002   20085909089204292.       0.20321240000000002     
   1.1621344766227313        2.5780060896423151E-002   19876432542853248.       0.20321240000000002     
   1.2080454238070502        2.6487831761002667E-002   19669043138905388.       0.20321240000000002     
   1.2529996523197793        2.3194283244791336E-002   19589863370179060.       0.20321240000000002     
   1.2910448373987529        2.0795775087968593E-002   19510988039444532.       0.20321240000000002     
   1.3231386530359981        2.2428389979637586E-002   19276035664435868.       0.20321240000000002     
   1.3529398643632193        2.2375372227266155E-002   19043786617963444.       0.20321240000000002     
   1.3841243526810652        1.6647104158089121E-002   19059173574714632.       0.20321240000000002     
   1.4147307460648595        1.5272366127675241E-002   19074572403472108.       0.20321240000000002     
   1.4459319869372274        3.0778804832792162E-002   18557334907755916.       0.20321240000000002     
   1.4834857966506376        3.6961716568420400E-002   18053508284675344.       0.20321240000000002     
   1.5323242278503173        2.0902526771699570E-002   18259415573444396.       0.20321240000000002     
   1.5853777740455528        1.8839304117918232E-002   18467564509121692.       0.20321240000000002     
   1.6183638867873651        9.4089976835661560E-002   16364253673761982.       0.20321240000000002     
   1.6471011711737757       0.11992587525201515        14490930363312340.       0.20321240000000002     
   1.7142046386056122        1.6184962668788216E-002   15406686923984602.       0.20321240000000002     
   1.7906865425418359       -7.6215122709868410E-003   16377566092018180.       0.20321240000000002     
   1.8554930722264742        3.5853581294951198E-002   16258049482831204.       0.20321240000000002     
   1.9178742723821709        4.1051952154440130E-002   16139366193813442.       0.20321240000000002     
   1.9898692659222252        1.1423618111095379E-002   16714010449939834.       0.20321240000000002     
   2.0642986022287166        3.8365984116666141E-003   17308165253790642.       0.20321240000000002     
   2.1256605985813404        2.9336003773487107E-002   17238000907166616.       0.20321240000000002     
   2.1819223729602708        3.2596560891704485E-002   17168108264561900.       0.20321240000000002     
   2.2365163429178394        2.8582895785724816E-002   17196018495949258.       0.20321240000000002     
   2.2885605287830431        2.6754256323634706E-002   17223972059706714.       0.20321240000000002     
   2.3379557590990649        2.7861459392887866E-002   17210016662810264.       0.20321240000000002     
   2.3848785962327459        2.7179944086107355E-002   17196072065388566.       0.20321240000000002     
   2.4247478736518930        4.6482677886601209E-002   16809316170342438.       0.20321240000000002     
   2.4627138349587026        5.1589274059246293E-002   16430876590781834.       0.20321240000000002     
   2.5012728541763329        4.8392693930395581E-002   16165731652007342.       0.20321240000000002     
   2.5386218306321204        4.8620415645217463E-002   15904676361847408.       0.20321240000000002     
   2.5844114554787314        1.5621889194122218E-002   16178919270711780.       0.20321240000000002     
   2.6305529078916972        5.5536622376450850E-003   16457675290455562.       0.20321240000000002     
   2.6600168092611876        3.1824395933711003E-002   16231578249523640.       0.20321240000000002     
   2.6820354089574732        3.4827785658990251E-002   16008449817302936.       0.20321240000000002     
   2.7042907687061115        2.0731504860762584E-002   16008443563534356.       0.20321240000000002     
   2.7239242825783991        1.6458012743854056E-002   16008437309768090.       0.20321240000000002     
   2.7350281471343560        3.1920332677657370E-002   15736851677222666.       0.20321240000000002     
   2.7427599172200279        3.5036694133637525E-002   15469670306243424.       0.20321240000000002     
   2.7527000135439410        4.3184127638241421E-002   15144850611789394.       0.20321240000000002     
   2.7638691970630451        4.6793855348795432E-002   14826551833680012.       0.20321240000000002     
   2.7765793987557124        4.3468388330126118E-002   14586062845800626.       0.20321240000000002     
   2.7888880753886753        4.3469703712688101E-002   14349302744737580.       0.20321240000000002     
   2.8004771056803470        4.1718195012165893E-002   14139376862439192.       0.20321240000000002     
   2.8105846483215946        4.1085784863085451E-002   13932386691275246.       0.20321240000000002     
   2.8121325493467078        3.9773222210314430E-002   13705797964303856.       0.20321240000000002     
   2.8076480453934956        3.7535538882622177E-002   13482732210500130.       0.20321240000000002     
   2.8031340051759885        2.2607276418753486E-002   13405486922071720.       0.20321240000000002     
   2.7963358791249027        1.7033866877184778E-002   13328664525733658.       0.20321240000000002     
   2.7794996486590189        3.7769309048513833E-002   12993426356257450.       0.20321240000000002     
   2.7615439309438967        4.3753278354571989E-002   12666252656061082.       0.20321240000000002     
