 C823OOH                  Loss by CS     Actual loss   Csat   molar mass
   0.0000000000000000        0.0000000000000000        3932960166912154.0       0.17419440000000000     
   5.3475393004133359E-016   0.0000000000000000        3932946959212518.5       0.17419440000000000     
   3759.7481391575461        3680.6434688238660        3932933751335434.0       0.17419440000000000     
   27531.725959479219        13470.296148394002        3915769526849692.5       0.17419440000000000     
   99720.992671843429        97819.804765800014        3898677050233207.0       0.17419440000000000     
   265668.27523402515        105805.03292998485        3971006224556411.5       0.17419440000000000     
   668597.78295084322        653975.36526045948        4044619384490208.0       0.17419440000000000     
   1137479.3401160892        363655.19212289900        4126718212695681.0       0.17419440000000000     
   1876424.7012369153        1835995.1623726785        4210411444310357.5       0.17419440000000000     
   2592588.9544299846        761590.03849057853        4126709568712612.5       0.17419440000000000     
   3439778.0495479880        3371195.9785840213        4044602425577075.5       0.17419440000000000     
   4187236.7158204215        1208525.6680667102        4055223088946936.0       0.17419440000000000     
   5499612.2993786093        1176466.8753570318        4065870455403770.0       0.17419440000000000     
   6991509.0309438659        1264088.7347754836        4069416993866762.5       0.17419440000000000     
   8617662.7006752379        1372090.1286661029        4072966494128310.0       0.17419440000000000     
   10301774.241807114        1565196.2067114711        3960593556800751.0       0.17419440000000000     
   12005415.136598080        1704993.7693711519        3851193066790057.0       0.17419440000000000     
   13795637.308912521        1670458.9824069738        3885061061345225.5       0.17419440000000000     
   15662918.899713378        1707608.9522447586        3919214174154421.5       0.17419440000000000     
   17596647.693735927        1756871.6990561485        3953661331320103.5       0.17419440000000000     
   19639239.443577923        1826001.6721194983        3988398315371780.0       0.17419440000000000     
   21787365.366607711        1945967.5484133959        4002381048952641.5       0.17419440000000000     
   24047258.944446668        2051147.9779875278        4016410718843435.0       0.17419440000000000     
   26370570.123964556        2273785.6147620678        3977950878110828.5       0.17419440000000000     
   28758455.024851993        2427233.9683561325        3939843850464657.0       0.17419440000000000     
   31325636.136128832        2271045.7208275795        4005875098926661.0       0.17419440000000000     
   33996298.456644148        2249375.4166820049        4072965355925718.0       0.17419440000000000     
   36713325.448624372        2191126.2914538383        4152002190813283.5       0.17419440000000000     
   39454212.854090922        2143245.7581453323        4232506478373468.5       0.17419440000000000     
   42182325.174599655        2140521.0357191563        4299484895557228.5       0.17419440000000000     
   44896145.300650224        2098855.4572558403        4367477548268121.5       0.17419440000000000     
   47409709.901797608        2701312.5356626511        4277053341448018.0       0.17419440000000000     
   49931473.176083043        2983705.3455982208        4188423377108747.5       0.17419440000000000     
   52692985.349323466        3221652.7911553383        4115916001708190.0       0.17419440000000000     
   55801905.483330220        3565690.6620330811        4044611470779229.0       0.17419440000000000     
   59715830.326240577        3819777.6504054070        4034012912101438.0       0.17419440000000000     
   64977082.042572789        4631831.1253314018        4023440952227959.0       0.17419440000000000     
   72268578.875763327        5534642.2470235825        4072974461768688.0       0.17419440000000000     
   82160154.215837196        7148066.5606284142        4123091622030025.0       0.17419440000000000     
   94690797.826541662        10694073.308899879        4002377130973954.0       0.17419440000000000     
   110525754.19771549        14178553.800545692        3885051271714333.0       0.17419440000000000     
   130856766.34114526        17599464.070731163        3837698311974844.5       0.17419440000000000     
   156436641.74887607        22224794.350447655        3790898355883155.0       0.17419440000000000     
   188085071.09996814        26338753.757186890        3817575286312325.5       0.17419440000000000     
   225466863.75562805        31274120.432256699        3844431941419235.5       0.17419440000000000     
   268139275.40212888        37325464.679983139        3837701537428167.0       0.17419440000000000     
   316334200.60114676        43356818.719005585        3830982417772960.5       0.17419440000000000     
   370217275.26639783        50186003.245828629        3810886713164040.5       0.17419440000000000     
   430025970.85592657        57217913.106956482        3790891980573863.0       0.17419440000000000     
   491305329.54516000        67874820.302818298        3666610825376298.5       0.17419440000000000     
   548022705.61648488        73033859.958717346        3546237159831723.0       0.17419440000000000     
   600651188.93781567        73632208.466808319        3469128156343654.5       0.17419440000000000     
   649732736.46418536        74836760.857093811        3393626425462420.5       0.17419440000000000     
   699162095.59456706        67630902.701435089        3423631295788495.0       0.17419440000000000     
   749468462.57398677        65573404.506637573        3453890153589369.5       0.17419440000000000     
   796643468.01346242        81343199.659984589        3328445316282837.5       0.17419440000000000     
   849358801.85502112        93982538.957145691        3207370969003819.5       0.17419440000000000     
   923345954.34404445        90367385.225028992        3264496019708676.5       0.17419440000000000     
   1022733223.3785543        103583503.80206299        3322594826940071.5       0.17419440000000000     
   1147704151.2132602        124393367.41448212        3375718419519392.5       0.17419440000000000     
   1303073600.4776282        151026662.35221100        3429654959909925.0       0.17419440000000000     
   1483609135.9599228        195204867.35806274        3399595690641526.5       0.17419440000000000     
   1678721004.6084456        228752733.77970886        3369788840833117.5       0.17419440000000000     
   1886508059.3928657        268434860.10333252        3307988814340501.0       0.17419440000000000     
   2108748797.0850756        305780791.88644409        3247275158830740.0       0.17419440000000000     
   2344524038.6501889        353869020.40728760        3159620685759470.5       0.17419440000000000     
   2594819127.8993611        400867937.38378906        3074235087939109.5       0.17419440000000000     
   2852792583.5512500        445931225.93618774        2988388771344268.0       0.17419440000000000     
   3098602642.6614375        479862136.15104675        2904841392776800.5       0.17419440000000000     
   3340285676.9754629        493390284.44514465        2856310802919715.0       0.17419440000000000     
   3581889130.0266929        516731875.93736267        2808557429068006.0       0.17419440000000000     
   3841313602.6230674        491379446.78311157        2841145864254397.0       0.17419440000000000     
   4113687168.5413132        490999916.69491577        2874096344371159.0       0.17419440000000000     
   4385649137.2095413        453334132.66757202        2948934988286751.0       0.17419440000000000     
   4634920184.8201561        415308380.44860840        3025638249242342.0       0.17419440000000000     
   4862244254.5181570        365518590.11120605        3115248281801816.5       0.17419440000000000     
   5073875840.3001451        322179314.48306274        3207397223520338.5       0.17419440000000000     
   5257292699.1374426        311773325.65341187        3264509371223457.5       0.17419440000000000     
   5415330639.3901672        284415762.15594482        3322594827352716.5       0.17419440000000000     
   5552438986.9365635        291036541.33172607        3346104601851296.5       0.17419440000000000     
   5685992831.6227646        289218216.35089111        3369773652923599.5       0.17419440000000000     
   5856479530.3887415        228678872.26028442        3466063321542861.5       0.17419440000000000     
   6063931256.2849627        212978094.64627075        3564984974908228.0       0.17419440000000000     
   6277810483.1103210        224563743.47540283        3644136465201653.0       0.17419440000000000     
   6494043798.0357018        224900641.35607910        3724969391272776.0       0.17419440000000000     
   6673595405.5166645        219288894.21868896        3784250307659581.5       0.17419440000000000     
   6782661988.5925970        171283487.92886353        3844434095632765.0       0.17419440000000000     
   6863588676.2965851        116786866.98107910        3915789255282412.0       0.17419440000000000     
   6935219672.8005638        79279285.101898193        3988411700227504.0       0.17419440000000000     
   7141162061.9640646       -93084544.452911377        4217775922057608.5       0.17419440000000000     
   7397775720.9170971        6224180.2555847168        4459739955390973.0       0.17419440000000000     
   7573136463.7802896        12008416.036499023        4625688679211489.0       0.17419440000000000     
   7750353044.9472914        9317168.3637390137        4797540518280191.0       0.17419440000000000     
   7934703749.6159945        2199901.7560424805        4979815029247270.0       0.17419440000000000     
   8121837651.2730207        6083619.5278930664        5168709110417481.0       0.17419440000000000     
   8301923698.8019047        5116297.0872497559        5355223376573709.0       0.17419440000000000     
   8483154299.5979643        726780.79025268555        5548171063194895.0       0.17419440000000000     
   8633520778.3034172        3442542.0262451172        5713139722691728.0       0.17419440000000000     
   8781342450.7074528        2821044.1278686523        5882798046359291.0       0.17419440000000000     
   8991341340.0247211        3096253.3887023926        6130652686024950.0       0.17419440000000000     
   9200106975.9972172       -570204.85296630859        6388485236189300.0       0.17419440000000000     
   9480363481.3871536       -7868142.1849975586        6748336020221712.0       0.17419440000000000     
   9754789344.2766075       -211774640.64782715        7127540879994476.0       0.17419440000000000     
   9864990194.9816875       -140140370.08761597        7293582827775930.0       0.17419440000000000     
   9975857122.2844791       -112909848.34216309        7463323032081198.0       0.17419440000000000     
   10142139050.904125       -195631965.38131714        7715082399940752.0       0.17419440000000000     
   10313036085.174633       -194079750.83004761        7974957395056442.0       0.17419440000000000     
   10335224292.760145        15515554.047607422        7995407917391404.0       0.17419440000000000     
   10352607264.686096        20284721.742462158        8015908616281979.0       0.17419440000000000     
   10517936140.571068       -122112372.76232910        8278645778937522.0       0.17419440000000000     
   10710590410.119345       -103767876.58029175        8549612181907985.0       0.17419440000000000     
   10840924991.436884       -23045691.031311035        8702816263361467.0       0.17419440000000000     
   10985674508.811741       -18916376.237426758        8858645278526708.0       0.17419440000000000     
   11085336281.645033        81983920.349365234        8828777670558803.0       0.17419440000000000     
   11179653715.340357        106346403.48223877        8799006436555475.0       0.17419440000000000     
   11391480354.235889       -24589797.037597656        9070770256460652.0       0.17419440000000000     
   11694018320.237358       -29919544.437255859        9350554805092962.0       0.17419440000000000     
   11981252446.161692        36595132.341796875        9525594140415988.0       0.17419440000000000     
   12285461254.181135        48913042.944458008        9703766064304244.0       0.17419440000000000     
   12639399558.580534        26531530.519409180        9960192401179214.0       0.17419440000000000     
   13043648180.478054        35686088.519653320        10223094497721674.       0.17419440000000000     
   13508270856.277126        25779086.276000977        10545757072949250.       0.17419440000000000     
   14032835813.081150        38851154.520080566        10878149341845890.       0.17419440000000000     
   14507698806.998642        205338400.97131348        10877987593540484.       0.17419440000000000     
   14953504346.358807        242433809.18444824        10877825847535966.       0.17419440000000000     
   15342210721.186947        378973258.53991699        10643449397511320.       0.17419440000000000     
   15700828573.538523        421920481.62817383        10413908695320918.       0.17419440000000000     
   16241021060.278896        158756018.62475586        10733241071366954.       0.17419440000000000     
   16905937308.595411        122147350.77105713        11061928911420458.       0.17419440000000000     
   17561534699.427792        169238282.52087402        11276915099855276.       0.17419440000000000     
   18208293905.595711        167709319.44348145        11495894953955218.       0.17419440000000000     
   18680616018.269249        421791745.58789062        11229824875512244.       0.17419440000000000     
   19020753422.164703        455218819.87524414        10969651852267524.       0.17419440000000000     
   19648337205.060886       -18861313.212463379        11524709931773920.       0.17419440000000000     
   20487185811.665520       -78612781.357299805        12106576544912622.       0.17419440000000000     
   21006810801.068729        396174279.88916016        11836930400533244.       0.17419440000000000     
   21339105817.313538        439131854.26257324        11573034857751110.       0.17419440000000000     
   21735788140.817360        271010188.58819580        11611763884837266.       0.17419440000000000     
   22177107508.098179        246834126.81182861        11650616876269306.       0.17419440000000000     
   22838989198.036839       -68287538.051757812        12147108909338344.       0.17419440000000000     
   23643319115.973389       -107860985.95019531        12663802728463186.       0.17419440000000000     
   24223078562.508614        231610064.40344238        12653184865778974.       0.17419440000000000     
   24708125295.603905        256214329.36755371        12642575518832096.       0.17419440000000000     
   25290321975.325111        101491503.09277344        12897683651472564.       0.17419440000000000     
   25937020571.677246        81055263.332885742        13157711284595516.       0.17419440000000000     
   26579153519.969254        108188387.06787109        13366951135406570.       0.17419440000000000     
   27228450409.805794        111464742.17199707        13579371366333738.       0.17419440000000000     
   27488413721.479599        666351105.83374023        12897729955210580.       0.17419440000000000     
   27490251736.457199        746473829.43310547        12248888525246738.       0.17419440000000000     
   28109493034.679710       -180014792.41113281        12930069237345554.       0.17419440000000000     
   29105101906.946762       -281804521.79089355        13647396814052674.       0.17419440000000000     
   29592511329.114113        397632352.67126465        13389249563051772.       0.17419440000000000     
   29910946986.208023        447858925.92041016        13135776595658088.       0.17419440000000000     
   30549425565.149952       -12006378.148559570        13568189591039500.       0.17419440000000000     
   31409492409.605633       -53724279.017089844        14014197833178908.       0.17419440000000000     
   31844092391.115746        631774692.91381836        13478474016709206.       0.17419440000000000     
   32033529865.529461        723880528.81347656        12962370610415320.       0.17419440000000000     
   32612391647.478928        128030236.01391602        13289642211106976.       0.17419440000000000     
   33436826323.662308        65144815.108276367        13624808438457074.       0.17419440000000000     
   34409627310.122040       -57484696.193237305        14095826012044116.       0.17419440000000000     
   35455196604.168114       -68255404.108642578        14582393961763800.       0.17419440000000000     
   36316258250.670456        212186077.17626953        14691411055112924.       0.17419440000000000     
   37115679116.887962        237989899.26501465        14801207344515280.       0.17419440000000000     
   37886314057.018486        294474806.44421387        14850264174167046.       0.17419440000000000     
   38645613089.251755        306451471.95849609        14899476480706522.       0.17419440000000000     
   39424499358.956581        295710267.82116699        14973522206947572.       0.17419440000000000     
   40222135385.386673        299375036.00512695        15047919782841984.       0.17419440000000000     
   41081045591.323936        247197238.55578613        15197750782465314.       0.17419440000000000     
   41989868489.092865        248410475.81933594        15349007892490510.       0.17419440000000000     
   42728181622.911232        506473663.81408691        15172643867631568.       0.17419440000000000     
   43348144073.815529        535903280.88964844        14998218826798460.       0.17419440000000000     
   44073134384.139107        350265492.67370605        15060452159235186.       0.17419440000000000     
   44853520768.623505        327647212.14562988        15122932408784048.       0.17419440000000000     
   45692425205.797882        242411695.64904785        15273402874654716.       0.17419440000000000     
   46561687546.416626        226198905.22167969        15425304511726988.       0.17419440000000000     
   47114283214.947807        630898920.14526367        15097710439468816.       0.17419440000000000     
   47464488858.191650        673325255.18334961        14776776154386240.       0.17419440000000000     
   48449071334.013786       -269461285.26391602        15412640545190454.       0.17419440000000000     
   49766330390.111603       -334139394.26611328        16074623336913706.       0.17419440000000000     
   50472117216.001877        392794595.17065430        15942673410897986.       0.17419440000000000     
   50992697227.552689        430217342.29687500        15811759637413576.       0.17419440000000000     
   51634918925.855530        215824972.12426758        15929582546672584.       0.17419440000000000     
   52348677318.380089        192447047.70263672        16048244781955810.       0.17419440000000000     
   52843404658.164764        486963324.92553711        15837904119723764.       0.17419440000000000     
   53205841573.561630        518485305.27514648        15630201400776852.       0.17419440000000000     
   53834861902.104156        116575799.20556641        15850891596356930.       0.17419440000000000     
   54613266275.075272        70445646.077148438        16074559837011444.       0.17419440000000000     
   55398390448.354179        59884702.274414062        16287687736738146.       0.17419440000000000     
   56172120627.001877        43387525.319091797        16503516329253496.       0.17419440000000000     
   56813026967.682281        200724650.11230469        16544285999403640.       0.17419440000000000     
   57364186324.122383        203708741.87890625        16585151968696992.       0.17419440000000000     
   57839589614.753601        250772359.13037109        16571550505978988.       0.17419440000000000     
   58261324066.995613        246439408.44677734        16557959710320930.       0.17419440000000000     
   58453378758.442169        506601177.37548828        16274287520691010.       0.17419440000000000     
   58519740277.800812        536174001.17382812        15995266240798046.       0.17419440000000000     
   58905588609.572067        70128746.238037109        16180599682663054.       0.17419440000000000     
   59457333889.789436        11741272.120361328        16367985630313662.       0.17419440000000000     
   59693878944.343613        452587377.30981445        16114099185884750.       0.17419440000000000     
   59750838177.187866        493677549.77587891        15863981236066386.       0.17419440000000000     
   60123749060.201859        24514959.921875000        16061259659631778.       0.17419440000000000     
   60663208878.648727       -25590226.832275391        16260882858077666.       0.17419440000000000     
   60758972376.560699        565556441.46313477        15890126625742232.       0.17419440000000000     
   60613887311.158409        624697449.43920898        15527462517949570.       0.17419440000000000     
   60852966228.907043        49722761.455810547        15694828335122906.       0.17419440000000000     
   61295329332.005585       -7717790.3381347656        15863918521088178.       0.17419440000000000     
   61572753676.809425        213761008.41552734        15811732546585246.       0.17419440000000000     
   61754861659.993980        222987212.88623047        15759710766261374.       0.17419440000000000     
   61962236153.605080        147181843.30126953        15772680574805130.       0.17419440000000000     
   62178669742.871109        134129926.78515625        15785660590619756.       0.17419440000000000     
   62348875075.906464        169858508.50683594        15759633904397642.       0.17419440000000000     
   62484211995.811447        163457625.94140625        15733648258041174.       0.17419440000000000     
   62585730227.168770        191638034.99145508        15681851525885864.       0.17419440000000000     
   62665218405.023689        191237021.99975586        15630217887225258.       0.17419440000000000     
   62500684365.280624        505068960.45312500        15311136508102876.       0.17419440000000000     
   62195883154.805450        542814867.16748047        14998290154791562.       0.17419440000000000     
   62169511521.240196        131576722.11669922        15035488734360828.       0.17419440000000000     
   62303265970.996468        87250834.665283203        15072775541918802.       0.17419440000000000     
   62175681634.594650        451340258.60229492        14801199517383048.       0.17419440000000000     
   61877223470.128006        485575989.06298828        14534306870576744.       0.17419440000000000     
   61630896312.137718        349379974.04199219        14378781641763222.       0.17419440000000000     
   61411790182.636070        332319664.63476562        14224848806391926.       0.17419440000000000     
   61097306584.521912        432022584.49462891        13991081016661996.       0.17419440000000000     
   60716996352.642906        438122449.58715820        13760990157168782.       0.17419440000000000     
   60307978107.755272        437028540.18774414        13534558766364526.       0.17419440000000000     
   59881771665.687645        435023759.56127930        13311693545886300.       0.17419440000000000     
   59513906119.119095        336696970.20678711        13157760230496774.       0.17419440000000000     
   59176722517.548355        318470863.24853516        13005530367384608.       0.17419440000000000     
   58796146811.938843        381615979.54589844        12812246290507002.       0.17419440000000000     
   58381123042.608681        383901903.51489258        12621711602047760.       0.17419440000000000     
   57884110350.549057        482135451.40161133        12371908513236060.       0.17419440000000000     
   57333302957.779831        491658677.19165039        12126838656300926.       0.17419440000000000     
   56675240201.284187        624002228.50170898        11807351722144816.       0.17419440000000000     
   55946056828.984924        643348412.93872070        11495925684040018.       0.17419440000000000     
   55386374574.601936        394894050.12353516        11343136725237396.       0.17419440000000000     
   54934828878.857735        364513255.34838867        11192291493366312.       0.17419440000000000     
   54536054927.600548        303507326.52392578        11071099837386442.       0.17419440000000000     
   54167564528.739174        291294468.11767578        10951164166869060.       0.17419440000000000     
   53632641417.314270        531147579.56396484        10697226878786808.       0.17419440000000000     
   52982356505.503204        561461413.77490234        10448928558566944.       0.17419440000000000     
   52485224746.726418        330220481.18969727        10335504672397490.       0.17419440000000000     
   52095358598.944366        300057154.07226562        10223259278050570.       0.17419440000000000     
   51819238473.754814        160560750.31860352        10180417601269556.       0.17419440000000000     
   51618503044.576492        141799370.05468750        10137747720667678.       0.17419440000000000     
   51318370413.683899        294440726.94189453        10010685582285066.       0.17419440000000000     
   50949308515.136902        314872217.90185547        9885147935875942.0       0.17419440000000000     
   50766639355.295013        66626820.917236328        9893463114681520.0       0.17419440000000000     
   50705478127.735596        34276196.181396484        9901784985361672.0       0.17419440000000000     
   50255013229.405739        587330667.74780273        9622410775302262.0       0.17419440000000000     
   49539872679.481476        665000440.51904297        9350587588027576.0       0.17419440000000000     
   49389165308.638641       -119914003.51171875        9461640956720650.0       0.17419440000000000     
   49595392919.595955       -207122016.23535156        9573955644447578.0       0.17419440000000000     
   47845563583.236656        2391174970.6137695        8441529205263283.0       0.17419440000000000     
   44881845029.223572        2722162314.9903564        7437940383661742.0       0.17419440000000000     
   44502430231.263763       -961365909.85461426        7927909136880405.0       0.17419440000000000     
   45853900611.848000       -1449181910.1165771        8448678605919713.0       0.17419440000000000     
   45768153708.761559        189505031.37902832        8384501086316300.0       0.17419440000000000     
   45562096148.603447        206416086.16491699        8320790219998706.0       0.17419440000000000     
   46342121651.649849       -473010823.79272461        8629443985429158.0       0.17419440000000000     
   47337548484.556366        6181287.6325683594        8949036041068132.0       0.17419440000000000     
   47279706798.522026        105426199.25915527        8911271304172769.0       0.17419440000000000     
   47170505340.999519        120082474.10766602        8873659086486458.0       0.17419440000000000     
   47131469023.151932        13272927.152343750        8888678021483754.0       0.17419440000000000     
   47144403633.424988       -54684872.440795898        8903721278361657.0       0.17419440000000000     
   47132668263.388535        45652858.749267578        8896211032780940.0       0.17419440000000000     
   47101497379.221962        48981293.074340820        8888706849006266.0       0.17419440000000000     
   46750147972.616501        481304112.82238770        8680677314490490.0       0.17419440000000000     
   46168880622.296082        545668229.90380859        8477311265875546.0       0.17419440000000000     
   45626852737.940025        442434020.10803223        8334941912162380.0       0.17419440000000000     
   45128842968.111305        433021958.97985840        8194862198525971.0       0.17419440000000000     
   45225388011.159561       -340185812.42102051        8342020738676572.0       0.17419440000000000     
   45630194993.450577       -459301292.02136230        8491706084528635.0       0.17419440000000000     
   45437747393.412170        296298982.78784180        8370289293411442.0       0.17419440000000000     
   45080940072.460800        340334652.31030273        8250534791641241.0       0.17419440000000000     
   44888965272.929596        88218770.474487305        8250531436159051.0       0.17419440000000000     
   44828422182.822990        55748334.964965820        8250528080678157.0       0.17419440000000000     
   44548309137.099953        373695370.67309570        8104858897294106.0       0.17419440000000000     
   44102123535.867889        424946968.61486816        7961652767218495.0       0.17419440000000000     
   43562140764.533585        518343107.37573242        7787690164293307.0       0.17419440000000000     
   42964572997.070038        536541913.01770020        7617368592636943.0       0.17419440000000000     
   42417245379.522308        449477040.81982422        7488782448353508.0       0.17419440000000000     
   41912930641.361931        438869321.39318848        7362275151244984.0       0.17419440000000000     
   41436807666.935745        404531741.55493164        7250177770287269.0       0.17419440000000000     
   40978109766.724121        395054435.10253906        7139714948545930.0       0.17419440000000000     
   40502627470.015549        424812341.32958984        7018870441685888.0       0.17419440000000000     
   40012075512.880760        427988194.48645020        6899984960763038.0       0.17419440000000000     
   39664522718.855782        232734980.66699219        6858834955393605.0       0.17419440000000000     
   39429808709.893158        200864284.73071289        6817919893734641.0       0.17419440000000000     
   38958127179.653076        551066559.20190430        6639488522854600.0       0.17419440000000000     
   38292845293.264496        604991142.84130859        6465531747278880.0       0.17419440000000000     
