 C536OOH                  Loss by CS     Actual loss   Csat   molar mass
   0.0000000000000000        0.0000000000000000        345453198681.50281       0.18204260000000000     
   3.7804716855983910E-012   0.0000000000000000        345451624238.71124       0.18204260000000000     
   2225141.1021726220        2178130.0252117813        345450049776.65588       0.18204260000000000     
   3042956.0357312742        2977953.6377574503        343405564086.54053       0.18204260000000000     
   3496131.9482088140        3428999.2550287545        341372803748.35162       0.18204260000000000     
   4242730.0439387616        4160138.9974189103        349996357511.36304       0.18204260000000000     
   5412939.5031413492        5293965.7781412601        358830804015.07269       0.18204260000000000     
   5368111.5416089678        5248449.1952190995        368751585524.61737       0.18204260000000000     
   5162745.1807144638        5050994.9337437153        378937874060.26349       0.18204260000000000     
   5011025.4148713704        4901038.1700478196        368750537248.87476       0.18204260000000000     
   4402119.4930448914        4313643.9757068157        358828762082.25800       0.18204260000000000     
   4293907.8840238117        4206307.5304015875        360108138408.37555       0.18204260000000000     
   4097158.3187539391        4012344.4502125382        361391933628.41699       0.18204260000000000     
   3863215.0335986633        3782015.3662980199        361819820743.40179       0.18204260000000000     
   3616422.7751094112        3539177.0713161528        362248198616.93341       0.18204260000000000     
   3361404.8261785256        3288586.0797542930        348751406823.76819       0.18204260000000000     
   3110818.0379498149        3042468.3599604964        335742390795.26178       0.18204260000000000     
   2885738.8687117728        2821128.9555800259        339755768592.39960       0.18204260000000000     
   2687898.4010200920        2626528.9509575218        343815610734.66156       0.18204260000000000     
   2517243.4078354784        2458608.6342901438        347923229848.14435       0.18204260000000000     
   2369269.5104757966        2312947.0332544595        352078377350.65765       0.18204260000000000     
   2234567.1362461718        2180386.8084834814        353754615063.85309       0.18204260000000000     
   2110442.9187195916        2058227.8713650703        355438583566.55701       0.18204260000000000     
   1994877.6464228358        1944665.9312305450        350827317135.27789       0.18204260000000000     
   1888681.1856432082        1840326.5361189991        346274035017.59448       0.18204260000000000     
   1791994.0150997159        1744968.2495878339        354173805797.52710       0.18204260000000000     
   1703440.4988014081        1657587.4186792523        362248061229.50641       0.18204260000000000     
   1623801.2924709553        1578902.9797701687        371821184611.51367       0.18204260000000000     
   1552192.1633764028        1508085.3787197918        381639208541.14197       0.18204260000000000     
   1486960.9162336318        1443576.1717037261        389858721945.95068       0.18204260000000000     
   1427183.3890466208        1384412.4180772901        398249624342.06799       0.18204260000000000     
   1383503.2305503392        1341706.4952680618        387100815379.47223       0.18204260000000000     
   1367726.9356734771        1326342.2816819772        376254640689.93158       0.18204260000000000     
   1375493.9280704143        1333977.4563431144        367442188940.89325       0.18204260000000000     
   1401653.1376608410        1359624.5919549316        358829851166.71198       0.18204260000000000     
   1489618.9405558878        1445512.5280856192        357554332542.25079       0.18204260000000000     
   1696676.3215575572        1647970.1430316567        356283207272.36285       0.18204260000000000     
   2023002.1393084712        1966842.0550982803        362249160356.14624       0.18204260000000000     
   2455536.5901556243        2389561.0955272764        368311849412.04590       0.18204260000000000     
   2965921.9503745278        2889196.6676201522        353754145086.59167       0.18204260000000000     
   3530432.5668254253        3441649.9294682741        339754606703.00946       0.18204260000000000     
   4133794.6193933743        4031583.3546807468        334146757875.13959       0.18204260000000000     
   4758230.2307759812        4641924.6721394062        328628635433.52179       0.18204260000000000     
   5396688.2035750598        5265303.9599508345        331771114093.90918       0.18204260000000000     
   6055670.3096515974        5908467.5558201075        334942698630.77356       0.18204260000000000     
   6729672.8016456626        6566233.9059229493        334147139016.70056       0.18204260000000000     
   7408976.3339658836        7228856.6292779446        333353410315.05432       0.18204260000000000     
   8080038.3639345039        7883169.6251513362        330982476925.52069       0.18204260000000000     
   8733774.2624646109        8520185.7180546522        328627885378.99506       0.18204260000000000     
   9308702.2263385933        9080676.3013208508        314092462666.10461       0.18204260000000000     
   9786466.2077509686        9545884.8750680089        300180822712.25165       0.18204260000000000     
   10204069.703127930        9951676.0124732852        291357192721.38696       0.18204260000000000     
   10570443.861390349        10307159.849022985        282785103477.26630       0.18204260000000000     
   10886723.711235328        10612431.130614460        286183634263.65308       0.18204260000000000     
   11149946.289196618        10865615.866748929        289621726186.57336       0.18204260000000000     
   11441330.154926537        11147703.343612492        275439315407.43652       0.18204260000000000     
   11798415.940337533        11493624.860276043        261930879482.87634       0.18204260000000000     
   12193856.536862824        11874743.478106499        268282117941.91119       0.18204260000000000     
   12586821.847966932        12253092.046099365        274782471458.46469       0.18204260000000000     
   12968377.612045111        12619945.100490451        280761839228.87897       0.18204260000000000     
   13350911.688828526        12987321.400892317        286867196897.73718       0.18204260000000000     
   13700047.647821650        13322775.459354639        283460366006.00342       0.18204260000000000     
   13993946.692396820        13603978.640543520        280092753134.95758       0.18204260000000000     
   14279365.970108623        13876981.804414630        273144434537.87784       0.18204260000000000     
   14588380.460884560        14172561.984221816        266363265708.53635       0.18204260000000000     
   14924823.785076808        14494763.574022055        256652830669.44391       0.18204260000000000     
   15291454.365758395        14845816.578274727        247285813128.44281       0.18204260000000000     
   15730191.693983208        15266473.442840457        237961496365.75488       0.18204260000000000     
   16318436.054620914        15831763.759061813        228978283821.19846       0.18204260000000000     
   17025202.095447570        16510944.599116325        223802215092.39700       0.18204260000000000     
   17804506.850344881        17259583.312848449        218739612641.89072       0.18204260000000000     
   18465293.686386768        17891224.480423570        222191193354.11609       0.18204260000000000     
   18849491.392757144        18253838.695900679        225695528172.61346       0.18204260000000000     
   18861633.361438856        18254778.283467531        233707995093.13300       0.18204260000000000     
   18470316.043633379        17864785.260605335        241995809700.19495       0.18204260000000000     
   17885126.024361074        17287306.007626414        251773622684.44794       0.18204260000000000     
   17240829.438374750        16653276.348191500        261933789276.95410       0.18204260000000000     
   16615045.739609243        16038361.319912672        268283607054.06741       0.18204260000000000     
   16034297.269086169        15467645.526003480        274782471504.77869       0.18204260000000000     
   15552926.699104652        14994133.537169635        277424452423.08118       0.18204260000000000     
   15164846.955758316        14611291.472998142        280091039890.29639       0.18204260000000000     
   14826415.566563055        14275951.520944774        291007917385.68152       0.18204260000000000     
   14534005.791840240        13985627.826353312        302336582664.63922       0.18204260000000000     
   14294689.557145441        13747240.715543270        311482523369.04626       0.18204260000000000     
   14113084.497546805        13564792.324942827        320896284255.67957       0.18204260000000000     
   13694206.901220005        13154113.635137022        327846738075.51770       0.18204260000000000     
   13021947.343940936        12499617.597970307        334942953346.80353       0.18204260000000000     
   12316602.042200368        11813740.978720188        343407912168.50061       0.18204260000000000     
   11647047.197290964        11163012.288941741        352079980912.74347       0.18204260000000000     
   11061081.196277848        10590635.463002980        379837692279.69269       0.18204260000000000     
   10602076.643545635        10140700.045014679        409710389217.71112       0.18204260000000000     
   10343888.884784397        9885732.3241170645        430537686049.82812       0.18204260000000000     
   10253335.305027494        9792050.0490561426        452389019275.09534       0.18204260000000000     
   10240149.069647094        9772604.8409410417        475873127751.54187       0.18204260000000000     
   10272969.134316664        9797233.2885084152        500536266041.53052       0.18204260000000000     
   10327889.895098533        9843089.0354154706        525206844269.88757       0.18204260000000000     
   10396109.062678419        9901487.0445557833        551053467632.45703       0.18204260000000000     
   10342222.455999220        9843006.4848122895        573408724153.62097       0.18204260000000000     
   10169997.179730143        9670546.3274490535        596641312063.09399       0.18204260000000000     
   9993374.9616802707        9491852.9699406922        631013356929.58362       0.18204260000000000     
   9852101.1880882420        9346789.8651781380        667299846563.31226       0.18204260000000000     
   9771725.9292091820        9257312.2547985911        718822545099.05554       0.18204260000000000     
   9770420.0576367211        9242878.2323018610        774188736052.73999       0.18204260000000000     
   10071861.764281962        9525512.9497049749        798768667506.89673       0.18204260000000000     
   10673137.229761079        10096091.766251743        824103612424.29956       0.18204260000000000     
   11250514.006497851        10640755.130392253        862060409449.29968       0.18204260000000000     
   11575265.474073090        10941819.837550342        901707744878.94153       0.18204260000000000     
   12212853.241911314        11551192.082686126        904847581501.38269       0.18204260000000000     
   13856963.579125386        13127835.568624973        907998003992.67419       0.18204260000000000     
   16205110.940883618        15372575.744561672        948627276266.43750       0.18204260000000000     
   18873620.462299135        17923929.220202386        991014536877.27405       0.18204260000000000     
   21842443.381438158        20766583.339467287        1015194582843.7327       0.18204260000000000     
   25186055.544452775        23967901.394058585        1039945474710.6595       0.18204260000000000     
   28962045.891950943        27589547.809398651        1035189346154.6859       0.18204260000000000     
   33252849.646624010        31703788.210797906        1030454283596.5585       0.18204260000000000     
   37861707.706884526        36111082.082316160        1073888609170.8031       0.18204260000000000     
   42957840.168848664        40984086.103092432        1119093313349.9688       0.18204260000000000     
   48372375.724576972        46163850.397517920        1147622139501.2134       0.18204260000000000     
   53714103.024561003        51270595.037959337        1176854592503.3779       0.18204260000000000     
   59492673.575194746        56790869.798810482        1219263433905.8147       0.18204260000000000     
   66237945.913910896        63235838.143889904        1263150267417.8000       0.18204260000000000     
   73869462.738775074        70525146.961914301        1317566329961.4795       0.18204260000000000     
   81911554.287863851        78203162.305580854        1374248947646.2686       0.18204260000000000     
   89534555.098342299        85490131.756677151        1374221212430.9360       0.18204260000000000     
   96340640.795132607        91988404.161404610        1374193477757.5676       0.18204260000000000     
   102905684.44951183        98265423.500752926        1334160406906.9644       0.18204260000000000     
   109813256.51896200        104867984.03145409        1295257522997.0571       0.18204260000000000     
   115689996.90594785        110446076.71397638        1349460577106.6699       0.18204260000000000     
   120387337.73741257        114888596.34229231        1405856787485.3572       0.18204260000000000     
   124617915.74998485        118886637.05797529        1443070576745.6418       0.18204260000000000     
   128932890.25445440        122961603.57457209        1481237250160.1899       0.18204260000000000     
   132335104.04095203        126198255.88682842        1434897455517.9780       0.18204260000000000     
   134320839.62637246        128074319.65095472        1389962601882.7136       0.18204260000000000     
   137241497.90054256        130775090.26827145        1486278985015.9819       0.18204260000000000     
   141593033.10986096        134839757.62488699        1589042648880.1396       0.18204260000000000     
   143928089.49429330        137053449.14410067        1541195510454.2856       0.18204260000000000     
   143559808.18758106        136672396.88496923        1494744476683.7258       0.18204260000000000     
   142901138.60316658        135979434.81331825        1501538102005.3064       0.18204260000000000     
   142336658.61519343        135378631.02112198        1508361615736.1118       0.18204260000000000     
   143528766.89731088        136403155.14230585        1596268082976.5237       0.18204260000000000     
   146948795.61841410        139555300.86391878        1689125045205.8767       0.18204260000000000     
   149649969.82840884        142088788.31771088        1687203014854.4739       0.18204260000000000     
   150893962.96352842        143222502.80172920        1685283101776.2217       0.18204260000000000     
   152092592.12102318        144267604.31798363        1731607406562.1853       0.18204260000000000     
   153246012.95711103        145265020.00395966        1779163287264.9270       0.18204260000000000     
   155575231.78442922        147396118.10594893        1817675720763.2290       0.18204260000000000     
   159733168.82941341        151277195.19256687        1856994590575.6865       0.18204260000000000     
   162686368.53566721        154177815.36204481        1731615844679.9941       0.18204260000000000     
   163837835.03499717        155343417.82838249        1614449629457.3787       0.18204260000000000     
   166517792.54225710        157711821.07768869        1737511806592.7927       0.18204260000000000     
   169499671.49819314        160351258.97270012        1869632781867.9976       0.18204260000000000     
   170486360.04168475        161284983.38963366        1821792723402.2383       0.18204260000000000     
   170384827.82714471        161175213.99181843        1775138619254.4048       0.18204260000000000     
   172810505.12367454        163328518.80168819        1854919332721.3630       0.18204260000000000     
   179034017.36412016        169113980.85669231        1938165996700.9241       0.18204260000000000     
   184017627.42926475        173955852.88569546        1838290916704.1931       0.18204260000000000     
   185884113.57900953        175802699.24175930        1743406121573.0547       0.18204260000000000     
   186295674.84988239        176034711.66059303        1803421044220.8577       0.18204260000000000     
   186796962.05906868        176347662.82523632        1865433669634.2080       0.18204260000000000     
   188028486.45368829        177316121.90163994        1953505458773.7146       0.18204260000000000     
   190211176.04759100        179181849.68190670        2045596162754.5181       0.18204260000000000     
   192427058.40542910        181187095.51113605        2066381772064.6980       0.18204260000000000     
   194636756.79955715        183183372.52453136        2087371751523.3677       0.18204260000000000     
   196518052.20618126        184882939.76085567        2096768076282.2527       0.18204260000000000     
   197148367.35829258        185381570.84879684        2106205337094.3916       0.18204260000000000     
   197131826.65084866        185250469.65036106        2120425812302.0483       0.18204260000000000     
   196890590.85164461        184903054.15010643        2134739201833.7986       0.18204260000000000     
   196699610.17613083        184574919.79171848        2163642033303.6858       0.18204260000000000     
   196691980.64238283        184420002.75994301        2192923474156.6917       0.18204260000000000     
   195502399.19922036        183258389.19854736        2158791702191.7590       0.18204260000000000     
   193697680.42381394        181509765.28450012        2125174395664.5693       0.18204260000000000     
   192346667.48168603        180104538.19874382        2137152806585.7217       0.18204260000000000     
   191066939.63402811        178767693.43618488        2149196556934.1660       0.18204260000000000     
   189593408.63626111        177207561.26201153        2178274351563.4526       0.18204260000000000     
   187878962.20952284        175414411.89215279        2207732774771.9751       0.18204260000000000     
   185169186.06982899        172877128.76953506        2144332601632.4685       0.18204260000000000     
   181704803.13410461        169618920.24141741        2082696360589.9167       0.18204260000000000     
   179023777.19963455        166689497.46981192        2205272861403.8384       0.18204260000000000     
   177068133.97417015        164428791.02591419        2334819050383.0742       0.18204260000000000     
   174287556.50706187        161745810.56488752        2308842230521.5815       0.18204260000000000     
   170811151.84443313        158399467.30106592        2283145244395.1172       0.18204260000000000     
   167827824.84128359        155406765.11118698        2306269226436.3340       0.18204260000000000     
   165044189.60824427        152604701.14863539        2329619818150.0854       0.18204260000000000     
   161585879.27897224        149323704.24445677        2288271072655.4565       0.18204260000000000     
   157376545.28433698        145326541.82011890        2247633080211.8950       0.18204260000000000     
   152841439.34337479        140800560.27768564        2290818493171.8789       0.18204260000000000     
   147711750.31494713        135701137.13577175        2334806530841.5776       0.18204260000000000     
   142464842.02634171        130494010.87070608        2376925773179.9712       0.18204260000000000     
   138589047.11272889        126599436.56216526        2419780005358.8389       0.18204260000000000     
   135205934.38934541        123273832.68307924        2427897703379.7627       0.18204260000000000     
   131256798.02644370        119407516.95728350        2436041755946.8979       0.18204260000000000     
   126999332.81682281        115278716.66338491        2433330365080.9302       0.18204260000000000     
   122597140.97602960        111013879.68631268        2430621895216.9189       0.18204260000000000     
   118506226.91157229        107205044.36728430        2374271729570.9077       0.18204260000000000     
   114661188.64273310        103633946.50948143        2319186940017.5791       0.18204260000000000     
   110904616.08452502        99884144.473443031        2355737784676.7886       0.18204260000000000     
   106977728.72819133        95967482.698705673        2392845897248.8418       0.18204260000000000     
   102456868.38506816        91741665.484264851        2342605467378.4634       0.18204260000000000     
   97448419.122274220        87051408.699969292        2293386707539.0361       0.18204260000000000     
   92680348.439079985        82331731.014437675        2332184678410.5342       0.18204260000000000     
   88352608.266293228        78030401.933958054        2371617586830.6372       0.18204260000000000     
   83873129.402799249        73926220.396678686        2298518754821.3574       0.18204260000000000     
   79202125.896219179        69638561.504953623        2227602840968.1421       0.18204260000000000     
   75033451.223347902        65520253.297652960        2260257072838.8755       0.18204260000000000     
   71424775.949298754        61934080.148994446        2293374400923.9233       0.18204260000000000     
   67736472.479647428        58407695.771590710        2283139934598.8477       0.18204260000000000     
   63960607.028792210        54799573.967483521        2272949681218.4185       0.18204260000000000     
   60290078.899412185        51254474.458295107        2275489140245.6846       0.18204260000000000     
   56636283.331609830        47726398.091744423        2278031345362.7471       0.18204260000000000     
   53034225.291748829        44273740.648812294        2272934634066.5259       0.18204260000000000     
   49559663.782602862        40944325.227907658        2267848960617.4937       0.18204260000000000     
   46349776.960571244        37886244.642289162        2257720735835.2969       0.18204260000000000     
   43227686.549234420        34912711.807381868        2247636298239.6479       0.18204260000000000     
   40025676.102752842        32029176.403147578        2185582335144.7192       0.18204260000000000     
   36856531.734860629        29170331.382803082        2125188114423.2170       0.18204260000000000     
   34014886.580857925        26385846.127493978        2132345821594.9824       0.18204260000000000     
   31565363.474413395        24010812.715444326        2139526861594.8538       0.18204260000000000     
   29049315.449696802        21683142.984935999        2087370253204.9006       0.18204260000000000     
   26555086.668728270        19458516.992738724        2036445313724.5078       0.18204260000000000     
   24517638.741690706        17323633.599222541        2006923449461.4612       0.18204260000000000     
   22571580.594396260        15552133.260925472        1977816041487.2346       0.18204260000000000     
   21027824.058502503        14581772.614492595        1933827706680.9165       0.18204260000000000     
   19369216.873755887        13128409.619455516        1890787069220.3083       0.18204260000000000     
   18076529.091560528        7958855.2818177342        1848681376622.4131       0.18204260000000000     
   16938655.534713320        10858021.033990502        1807483985908.3325       0.18204260000000000     
   15729929.383989304       -6256215.8281164169        1779172270746.2773       0.18204260000000000     
   14993378.632453291       -16799218.566291153        1751290058201.1685       0.18204260000000000     
   15246571.065690855        9742666.6356807351        1716056280445.1948       0.18204260000000000     
   14648091.611244552        9282174.7353614569        1681509157622.2456       0.18204260000000000     
   12621451.568313623       -8286731.3074392080        1636497646126.3330       0.18204260000000000     
   13982426.160062691        8931664.9215117097        1592653561163.1299       0.18204260000000000     
   12686863.516629562        7870430.0415043831        1535970462233.3201       0.18204260000000000     
   11980213.109438716        7368075.5044401884        1481242624576.0774       0.18204260000000000     
   10190140.398663815        5740794.1427273452        1454584850288.4717       0.18204260000000000     
   11087141.322335735        6686677.2771526575        1428391814021.0796       0.18204260000000000     
   12661856.914530734        8265843.4612694383        1407439023189.3586       0.18204260000000000     
   10209129.323045935        5982984.9858185053        1386783935612.9463       0.18204260000000000     
   9218758.6434525494        5169858.0801017582        1343318374251.0522       0.18204260000000000     
   8645423.0505854972        4753727.9954451621        1301173109586.1387       0.18204260000000000     
   14907705.441305861        10820076.313064516        1282039232756.8625       0.18204260000000000     
   8408322.7633368261        4653021.0678378344        1263177902360.0698       0.18204260000000000     
   7577402.0033317814        3884008.3167695999        1255998385192.2446       0.18204260000000000     
   7764918.3662227429        4091172.6852850318        1248858384223.1785       0.18204260000000000     
   15547250.235817477        11616187.489685297        1227660611802.6975       0.18204260000000000     
   7158473.8196831495        3645379.0242383182        1206811399674.6245       0.18204260000000000     
   8402563.0711339116        4840441.8472209573        1208189467637.6089       0.18204260000000000     
   8148970.3942832481        4598726.0216305554        1209569059182.2544       0.18204260000000000     
   9080656.7759827226        5630970.8176063597        1163482711850.3528       0.18204260000000000     
   12855864.010343367        9383155.8316282630        1119098638742.9028       0.18204260000000000     
   6198133.6818877934       -7281648.6893133223        1137176801998.3809       0.18204260000000000     
   11669113.754192630        8153765.9223555028        1155537590845.9575       0.18204260000000000     
   5723657.6107287975        2979477.0880329907        974048673007.54004       0.18204260000000000     
   5359850.1736805364        3071799.7751751542        820301847643.53564       0.18204260000000000     
   13006062.102390278        10194351.419488430        894495197453.88904       0.18204260000000000     
   5742058.4892699039        3016381.3144965023        975168534194.19556       0.18204260000000000     
   8170152.1806091741        5374289.0930378139        965128104792.97058       0.18204260000000000     
   19696997.687521543        16443740.086205900        955187813099.53870       0.18204260000000000     
   7592752.7854292821        4725082.3009227216        1003595159930.0708       0.18204260000000000     
   6706859.4388107639        3738826.3769693375        1054374220971.2046       0.18204260000000000     
   11478840.144526754        8331210.1907189488        1048339608293.1021       0.18204260000000000     
   5487450.0298525626        2615340.9130950570        1042338445530.1082       0.18204260000000000     
   8305807.6667451346        5314000.9032571614        1044733681769.3478       0.18204260000000000     
   14132993.257307103        10892522.396336496        1047134247328.5804       0.18204260000000000     
   6149383.8093264718        3255969.4106784165        1045935599644.4744       0.18204260000000000     
   9358174.0527613126        6337527.4172003865        1044738280606.0677       0.18204260000000000     
   4785828.1704306435        2054970.9061085582        1011690940307.5515       0.18204260000000000     
   5524927.4110160600        2856675.5176159739        979656863236.28162       0.18204260000000000     
   7493190.1379666887        4807882.2843678296        957393445140.70593       0.18204260000000000     
   14063293.521566710        11161285.240083039        935620320039.25122       0.18204260000000000     
   5795798.6684845015        3190265.5987120271        958497228111.01526       0.18204260000000000     
   8324347.5883614970        5551202.9150593877        981915379908.96130       0.18204260000000000     
   4295846.6202473911       -67792496.527753189        962908406465.89331       0.18204260000000000     
   14442400.275169428        11517746.532312393        944257925494.55493       0.18204260000000000     
   5841198.5594805405        3290000.8716034740        944257404261.95862       0.18204260000000000     
   8495176.3487819061        5834249.5125689209        944256883029.63440       0.18204260000000000     
   4208709.3313388685        1795570.9394392222        921700648176.73645       0.18204260000000000     
   8908822.3894598112        6358469.8611610234        899666585173.65002       0.18204260000000000     
   4195841.4899556609        1923114.2245484143        873090348666.85547       0.18204260000000000     
   4885948.1994441692        2656026.0443908125        847275079317.86511       0.18204260000000000     
   12592187.198371524        10084546.760488570        827921519965.20361       0.18204260000000000     
   4985704.1298668496        2860797.2464959323        808996388016.49451       0.18204260000000000     
   20782815.677100752        18020111.427923322        792323717981.98706       0.18204260000000000     
   7033531.5305238320        4914179.6763187945        775984031414.63403       0.18204260000000000     
   3384687.9634064268        1473272.6882509142        758211912802.68970       0.18204260000000000     
   7561075.9674815880        5516306.5417768061        740834275021.05151       0.18204260000000000     
   3443229.3029566430        1596716.3538862616        734844119904.79395       0.18204260000000000     
   5476373.2998593329        3559077.9949249774        728900884876.75635       0.18204260000000000     
   2840611.2135518361        1106591.2886530161        703131807656.48083       0.18204260000000000     
   3462756.8594374191        1767962.7074168622        678246049027.64722       0.18204260000000000     
