 C106OOH                  Loss by CS     Actual loss   Csat   molar mass
   0.0000000000000000        0.0000000000000000        2984779568088818.0       0.21623100000000001     
   3.3833829169393980E-015   0.0000000000000000        2984769645258477.0       0.21623100000000001     
   8914.5437988656267        8745.8699738180148        2984759722294503.5       0.21623100000000001     
   40971.966350097857        21345.342819698621        2971864105265117.0       0.21623100000000001     
   115676.31939419072        113691.97279957961        2959021828491453.5       0.21623100000000001     
   268553.25247781433        121921.70719581284        3013361856370942.0       0.21623100000000001     
   636321.97649403114        623801.87449654192        3068656315858130.0       0.21623100000000001     
   1068262.1901631558        417604.30038435757        3130312857231047.0       0.21623100000000001     
   1789826.0859302061        1755139.8744701445        3193154115856418.0       0.21623100000000001     
   2594988.2288824655        969675.89417640865        3130306366219098.0       0.21623100000000001     
   3642516.0268057003        3577151.4943746626        3068643578357379.0       0.21623100000000001     
   4838793.3813363779        1822574.9414787292        3076620441375190.0       0.21623100000000001     
   6916323.2935130186        2078098.9759203792        3084617149553395.5       0.21623100000000001     
   9623817.2262624111        2586340.9162827730        3087280731716533.5       0.21623100000000001     
   13000974.751133854        3226975.3906084299        3089946514943863.0       0.21623100000000001     
   17032540.378949963        4118616.1792354584        3005539563038079.5       0.21623100000000001     
   21743478.681366935        5071714.0420691967        2923342192548943.5       0.21623100000000001     
   27367938.966571074        5848048.2626297474        2948791174377896.5       0.21623100000000001     
   34057430.803198472        6891690.6606278419        2974452141392648.0       0.21623100000000001     
   41951858.376276344        8121985.3836221695        3000331762761317.0       0.21623100000000001     
   51206078.214290217        9519111.0653381348        3026426832207683.0       0.21623100000000001     
   61851866.496287666        11156808.226983547        3036930276312002.5       0.21623100000000001     
   73963104.320654094        12869696.059958935        3047468607077811.5       0.21623100000000001     
   87455244.787556082        15081355.635770798        3018578763803252.0       0.21623100000000001     
   102357866.25037766        17228026.592103004        2989951174379088.5       0.21623100000000001     
   119138410.25337203        18328375.292201996        3039554852722435.5       0.21623100000000001     
   137892180.88864553        20029293.760954857        3089945660122673.5       0.21623100000000001     
   158706580.60140902        21749502.491851807        3149298729718583.5       0.21623100000000001     
   181710925.15960270        23658466.324995041        3209742119183149.5       0.21623100000000001     
   206909831.38142502        25926664.088043213        3260021341936234.0       0.21623100000000001     
   234421594.78785440        28141572.351055145        3311053878894194.5       0.21623100000000001     
   263641731.62188146        34341841.804212570        3243183351027165.0       0.21623100000000001     
   295398530.44820982        39306887.145278931        3176645550198480.0       0.21623100000000001     
   330593828.74304360        44166346.810047150        3122201064051513.5       0.21623100000000001     
   369640851.50164545        49787411.198104858        3068650372028021.5       0.21623100000000001     
   416362218.04782808        55481002.599048615        3060689901525183.0       0.21623100000000001     
   474030532.32090777        65085461.057224274        3052749199731464.5       0.21623100000000001     
   543820422.96172309        73600054.213787079        3089952498859153.0       0.21623100000000001     
   625556211.49091506        84645664.943309784        3127589535483487.5       0.21623100000000001     
   714165429.27193451        107505639.16532135        3036927333286092.5       0.21623100000000001     
   808830840.38540006        125333275.18002319        2948783818607326.0       0.21623100000000001     
   913068325.47794271        137184678.14554596        2913201380879165.5       0.21623100000000001     
   1027305655.9088268        152723056.96937561        2878030151596973.0       0.21623100000000001     
   1154146093.4173510        160948671.14301300        2898079001611348.5       0.21623100000000001     
   1294357984.2592568        174782609.54947662        2918261500338288.0       0.21623100000000001     
   1445853935.4321280        195572393.29486084        2913203804731415.0       0.21623100000000001     
   1609395345.9134936        215442702.38609314        2908154500052558.5       0.21623100000000001     
   1785611477.1934533        239062861.95237732        2893052386492844.0       0.21623100000000001     
   1975607347.9696882        263145840.17163086        2878025360111307.5       0.21623100000000001     
   2168911655.1652651        311800716.47776794        2784603921049795.5       0.21623100000000001     
   2365151213.4640398        348718624.01496887        2694089385109863.5       0.21623100000000001     
   2575877128.2902060        375218988.77841187        2636091391696360.0       0.21623100000000001     
   2805031672.1158428        412463713.27610779        2579289765885366.5       0.21623100000000001     
   3068418603.8259716        416035129.63812256        2601864599876778.0       0.21623100000000001     
   3369865708.0007095        447004945.81518555        2624628513777416.0       0.21623100000000001     
   3684040866.5328398        563420857.15576172        2530242367834643.5       0.21623100000000001     
   4010595143.3500342        650116819.20007324        2439110731730417.0       0.21623100000000001     
   4400034408.5663815        634759147.50201416        2482112502789645.5       0.21623100000000001     
   4861499245.3872089        680640432.76522827        2525839529805223.0       0.21623100000000001     
   5378351722.3410873        746314428.59457397        2565815323224922.5       0.21623100000000001     
   5948580004.3916931        817548721.40725708        2606396397871244.0       0.21623100000000001     
   6544160831.0483160        963941841.51434326        2583781035046333.5       0.21623100000000001     
   7163420241.7517014        1076934063.5842285        2561353598141137.5       0.21623100000000001     
   7812285668.4474897        1226351829.2179565        2514847304207370.0       0.21623100000000001     
   8497080569.0912666        1367215060.4180908        2469150033921675.5       0.21623100000000001     
   9213255205.2089195        1553169821.0051270        2403160062913704.5       0.21623100000000001     
   9961983102.2009144        1731493863.1975098        2338860509332595.5       0.21623100000000001     
   10751437000.998507        1925744867.5843506        2274195916167166.5       0.21623100000000001     
   11591396925.773756        2138660284.8719482        2211245099050737.2       0.21623100000000001     
   12518101317.889326        2310468128.3615723        2174670217552791.2       0.21623100000000001     
   13545168361.809580        2548292254.6844482        2138674986826714.5       0.21623100000000001     
   14734932365.299894        2618506908.3591309        2163239947749010.8       0.21623100000000001     
   16101178777.867886        2815782732.6260986        2188074937745722.0       0.21623100000000001     
   17638588811.229980        2921316184.5061035        2244470732046328.5       0.21623100000000001     
   19346889390.949257        3099746541.6020508        2302256717838840.5       0.21623100000000001     
   21230293287.864422        3269113673.1536865        2369747670323686.5       0.21623100000000001     
   23300820652.737522        3476708725.0485840        2439130496983671.5       0.21623100000000001     
   25499371620.331516        3846928889.1049805        2482122552461231.5       0.21623100000000001     
   27822174720.652939        4151994212.8096924        2525839530115776.0       0.21623100000000001     
   30261770710.385216        4622259811.8377686        2543531549934851.5       0.21623100000000001     
   32814447904.967571        5015171430.9383545        2561342169862574.5       0.21623100000000001     
   35688973523.289101        5031743831.1303711        2633785892263834.5       0.21623100000000001     
   38945771725.595810        5270111154.5095215        2708188739600179.0       0.21623100000000001     
   42441930548.799362        5690979878.6018066        2767706705353930.0       0.21623100000000001     
   46157792232.114113        6055452942.0507812        2828475622073510.5       0.21623100000000001     
   49901451970.672310        6437511521.5900879        2873033639764778.5       0.21623100000000001     
   53667486740.156822        6670902751.0812988        2918263119150544.5       0.21623100000000001     
   57658440504.100128        6849555337.5568848        2971878927717565.0       0.21623100000000001     
   61943108050.490356        7117965258.8620605        3026436886719146.0       0.21623100000000001     
   67181220771.590729        6200506729.0952148        3198683146658269.0       0.21623100000000001     
   73562622270.334229        6142985500.4768066        3380289569213324.0       0.21623100000000001     
   80476143282.588928        7128732013.6591797        3504785022394158.5       0.21623100000000001     
   87842514357.355972        7715593003.9838867        3633661727673477.0       0.21623100000000001     
   95897965206.287827        8198091700.0913086        3770304031976138.5       0.21623100000000001     
   104731137961.17441        8702849713.0156250        3911855689556387.0       0.21623100000000001     
   114330390298.31088        9300178314.1533203        4051572961462766.0       0.21623100000000001     
   124741101160.64505        9834973497.0268555        4196058041887787.5       0.21623100000000001     
   135615009685.15582        10583217943.720703        4319551462275666.5       0.21623100000000001     
   146979608989.61499        11016482866.747559        4446518132691978.0       0.21623100000000001     
   159639706789.75323        10539740505.150391        4631938470127204.0       0.21623100000000001     
   173801502865.97397        10747049542.571289        4824743374265562.0       0.21623100000000001     
   189976389079.44727        9897262935.8701172        5093706531499101.0       0.21623100000000001     
   208361215089.02502        9993041785.2050781        5376979612959408.0       0.21623100000000001     
   227690024508.74741        13991174594.715820        5500967862238710.0       0.21623100000000001     
   248141189855.10162        15921391919.025391        5627688382781200.0       0.21623100000000001     
   270842869186.65988        16090317510.791992        5815587624559126.0       0.21623100000000001     
   295512728527.81152        16720472283.409180        6009479294909444.0       0.21623100000000001     
   320287470262.79028        21962828757.027344        6024734623007392.0       0.21623100000000001     
   346173593078.14844        24834327747.244141        6040026987268357.0       0.21623100000000001     
   376709067373.82922        22585843626.802734        6235979623041121.0       0.21623100000000001     
   411811563710.17792        23464352656.921875        6438004266229726.0       0.21623100000000001     
   448558287233.85590        27284758982.359375        6552200143561843.0       0.21623100000000001     
   486655764631.47937        29058707555.398438        6668331876109765.0       0.21623100000000001     
   524188550157.79669        35051300122.255859        6646074612834401.0       0.21623100000000001     
   561176439407.60229        37645375722.759766        6623888413899343.0       0.21623100000000001     
   602804934607.31396        30700186161.570312        6826385298457882.0       0.21623100000000001     
   649224478152.07300        29599941916.359375        7034794897301389.0       0.21623100000000001     
   696080957015.81787        32445081939.156250        7165148504354563.0       0.21623100000000001     
   742820906123.89844        32654990733.714844        7297810255196792.0       0.21623100000000001     
   792109448429.68164        30217121459.265625        7488695152000806.0       0.21623100000000001     
   844228231687.06482        29680386649.644531        7684349351823237.0       0.21623100000000001     
   899590189282.88513        27503951941.968750        7924408855166386.0       0.21623100000000001     
   957878732817.61987        26695707498.964844        8171630012912204.0       0.21623100000000001     
   1010888431650.7728        38282102147.085938        8171509729124879.0       0.21623100000000001     
   1059197969647.0132        40188062107.554688        8171389447030646.0       0.21623100000000001     
   1101373469709.7715        50601872493.707031        7997076837320428.0       0.21623100000000001     
   1139029594750.3203        53744786103.691406        7826323308246674.0       0.21623100000000001     
   1188448599666.0845        30499857437.714844        8063862041642037.0       0.21623100000000001     
   1248530061196.9575        26119657931.324219        8308285752077808.0       0.21623100000000001     
   1309090402135.5508        29841790671.625000        8468117325729241.0       0.21623100000000001     
   1369807832241.6519        29809418215.093750        8630886502569357.0       0.21623100000000001     
   1418106322812.1667        53171565309.640625        8433110718998204.0       0.21623100000000001     
   1456550282750.1902        58115304924.390625        8239672788209138.0       0.21623100000000001     
   1518514126221.8015        17671426825.312500        8652302532881058.0       0.21623100000000001     
   1601430910203.6987        11260918734.007812        9084647337401148.0       0.21623100000000001     
   1663320929210.3569        54032016089.304688        8884318553212128.0       0.21623100000000001     
   1706917106485.4941        60754634910.664062        8688217649070173.0       0.21623100000000001     
   1757405963139.0044        46787919716.789062        8716999998303771.0       0.21623100000000001     
   1814876087054.1562        45807189144.687500        8745873504634262.0       0.21623100000000001     
   1891724999569.4453        18171195662.117188        9114756230162024.0       0.21623100000000001     
   1984138350099.9385        13394860958.085938        9498487546094544.0       0.21623100000000001     
   2062034583665.3904        43969350099.789062        9490603619140828.0       0.21623100000000001     
   2127873711581.8557        48165248898.156250        9482725948814928.0       0.21623100000000001     
   2202976787839.8564        32978886444.718750        9672130985457050.0       0.21623100000000001     
   2286157562031.9751        30867884603.789062        9865149747231802.0       0.21623100000000001     
   2370490528588.5259        33918335782.078125        10020440805835564.       0.21623100000000001     
   2455566589610.3896        34106202854.867188        10178067240979824.       0.21623100000000001     
   2503282963024.5967        94928742637.101562        9672165360226262.0       0.21623100000000001     
   2523564880091.8906        106817350777.67188        9190357330771212.0       0.21623100000000001     
   2600946235814.9663        8512444233.7031250        9696172954138294.0       0.21623100000000001     
   2721746427400.8560       -5409958378.1562500        10228540265772688.       0.21623100000000001     
   2802555835968.2598        66513165893.625000        10036988530697036.       0.21623100000000001     
   2858065283888.6816        75193674751.203125        9848869098422066.0       0.21623100000000001     
   2942404347939.7588        23552698933.937500        10169770426069050.       0.21623100000000001     
   3049747485396.1504        15932130110.843750        10500653329869824.       0.21623100000000001     
   3112447935930.1680        92655707844.531250        10103199476660740.       0.21623100000000001     
   3141852729596.0293        105148361151.31250        9720151802972820.0       0.21623100000000001     
   3208701860520.6553        34999802489.203125        9963067486880214.0       0.21623100000000001     
   3304823501594.3779        24944164095.921875        10211780589001982.       0.21623100000000001     
   3414426547041.6069        9477773112.6875000        10561199770808228.       0.21623100000000001     
   3532483135542.4224        4996300112.8281250        10922031589511388.       0.21623100000000001     
   3632976808064.7017        36555879765.562500        11002860358306974.       0.21623100000000001     
   3721367720682.6631        39991449334.828125        11084260752501338.       0.21623100000000001     
   3804685802490.2319        46579176286.812500        11120628370489694.       0.21623100000000001     
   3885275605515.5059        47826198874.250000        11157110035418602.       0.21623100000000001     
   3966732742100.8662        46084211039.640625        11211998726390958.       0.21623100000000001     
   4048771084749.0947        45793880995.921875        11267145488097122.       0.21623100000000001     
   4135288260463.2910        38324194187.859375        11378198521289630.       0.21623100000000001     
   4224615644047.4507        36763481481.515625        11490297405217324.       0.21623100000000001     
   4293271170112.7471        67431847587.640625        11359590332283102.       0.21623100000000001     
   4348006212204.5771        71951225941.234375        11230305254147722.       0.21623100000000001     
   4415049498832.3428        50011463346.687500        11276434767563916.       0.21623100000000001     
   4490533764341.9814        47208292686.890625        11322745376431352.       0.21623100000000001     
   4573249472066.2559        36824380067.484375        11434266802390088.       0.21623100000000001     
   4660140365853.6641        34540076768.859375        11546837738002322.       0.21623100000000001     
   4714173696438.0479        84392599785.171875        11304050984715016.       0.21623100000000001     
   4745896110880.4180        91961489547.562500        11066148567858268.       0.21623100000000001     
   4846213828958.4326       -21108130000.640625        11537453180596314.       0.21623100000000001     
   4989205323789.1484       -34565263753.312500        12027909199152362.       0.21623100000000001     
   5068939745683.7002        54896002565.750000        11930165379551846.       0.21623100000000001     
   5124490301708.9736        61735392364.687500        11833181065461338.       0.21623100000000001     
   5192858577183.4834        36305724007.062500        11920467689719830.       0.21623100000000001     
   5270198715016.5830        32912552543.765625        12008369549708748.       0.21623100000000001     
   5323833829454.0000        69115738088.046875        11852550218233686.       0.21623100000000001     
   5361095046610.9180        74118378394.343750        11698664642015888.       0.21623100000000001     
   5426617717702.8584        24631827404.031250        11862171877221380.       0.21623100000000001     
   5511003385665.3008        17416880843.406250        12027862162625344.       0.21623100000000001     
   5596447495710.3721        15290303521.468750        12185722737647426.       0.21623100000000001     
   5681592682876.7568        13084665124.531250        12345562508416996.       0.21623100000000001     
   5753681208344.8359        32656810031.750000        12375753612502784.       0.21623100000000001     
   5816347516254.4375        34092555091.500000        12406015278063598.       0.21623100000000001     
   5872176727402.5400        40766768051.187500        12395943340037330.       0.21623100000000001     
   5923356637358.3535        41203918065.750000        12385879217980358.       0.21623100000000001     
   5950945563613.0898        74602804270.218750        12175798017392188.       0.21623100000000001     
   5963225271166.7461        79775718417.750000        11969125251625484.       0.21623100000000001     
   6009241119510.6240        22107196267.406250        12106406867684862.       0.21623100000000001     
   6076525397876.2490        13216206060.312500        12245192757346818.       0.21623100000000001     
   6109888274452.3906        66981751067.968750        12057149935345516.       0.21623100000000001     
   6119264685675.0566        73157379237.093750        11871869142623660.       0.21623100000000001     
   6161532710916.1025        14762927800.875000        12018010229859720.       0.21623100000000001     
   6225383938836.1543        6335255299.4375000        12165869921620438.       0.21623100000000001     
   6242229803323.0762        79613105380.531250        11891238325926118.       0.21623100000000001     
   6227257599142.4316        88865237521.656250        11622538495836342.       0.21623100000000001     
   6252673263532.4395        17350119852.656250        11746548502928032.       0.21623100000000001     
   6304695518049.6279        7975548975.9062500        11871822681354306.       0.21623100000000001     
   6339964170267.0518        34482223159.781250        11833160995040722.       0.21623100000000001     
   6362663454810.2598        35983528517.781250        11794619673984726.       0.21623100000000001     
   6387930909550.0283        26397026099.937500        11804228721796068.       0.21623100000000001     
   6414913560642.3320        24360849311.812500        11813845252403866.       0.21623100000000001     
   6437141787432.2021        28664033799.062500        11794562728471988.       0.21623100000000001     
   6455352378259.3467        27911170603.437500        11775310290492504.       0.21623100000000001     
   6469694694070.2812        31216370781.125000        11736933789857862.       0.21623100000000001     
   6480507706771.5195        30728051220.625000        11698676857529346.       0.21623100000000001     
   6463228096773.4453        69821195605.531250        11462231408202850.       0.21623100000000001     
   6426580489674.4805        74955103662.875000        11230358126040620.       0.21623100000000001     
   6418457441626.4746        22735485454.218750        11257931238307926.       0.21623100000000001     
   6429865252299.4141        14961773645.656250        11285569060394762.       0.21623100000000001     
   6412613858144.7705        59535566430.187500        11084254949866046.       0.21623100000000001     
   6374232758644.3057        64720913759.968750        10886376349586540.       0.21623100000000001     
   6341726541076.0947        48230364425.000000        10771050577931832.       0.21623100000000001     
   6314183629447.0596        46006525748.687500        10656893253829416.       0.21623100000000001     
   6277482012011.8496        58640040879.812500        10483506144828332.       0.21623100000000001     
   6233531455356.7275        59944309675.593750        10312817792200042.       0.21623100000000001     
   6186779228202.0752        60022887360.687500        10144816127131674.       0.21623100000000001     
   6138295886365.1543        59804225588.656250        9979432798594206.0       0.21623100000000001     
   6095958674856.4629        47481854713.781250        9865186076187022.0       0.21623100000000001     
   6057585909788.0215        44709244577.500000        9752190410306834.0       0.21623100000000001     
   6014649169432.6973        51998219199.906250        9608702248006202.0       0.21623100000000001     
   5967397534965.2109        52144009891.875000        9467233843927462.0       0.21623100000000001     
   5911195889652.2363        63896033407.062500        9281727187605554.0       0.21623100000000001     
   5848394777607.6084        65146942530.312500        9099698886304236.0       0.21623100000000001     
   5774138591715.3076        81196597926.843750        8862340828654395.0       0.21623100000000001     
   5690994716622.6152        83597072249.437500        8630909342243547.0       0.21623100000000001     
   5625256114546.9297        53315176230.718750        8517343622735410.0       0.21623100000000001     
   5573141423063.8955        48524078053.968750        8405207558072882.0       0.21623100000000001     
   5527314645113.5273        40821861445.968750        8315104514358914.0       0.21623100000000001     
   5485418974939.2373        38909151287.500000        8225925502083887.0       0.21623100000000001     
   5426600881676.9873        67481215412.515625        8037076101583498.0       0.21623100000000001     
   5353940547715.2090        71744957834.078125        7852376735657467.0       0.21623100000000001     
   5296589594158.6064        44178431168.828125        7767990541443366.0       0.21623100000000001     
   5252378719019.1748        39670200426.046875        7684471966886211.0       0.21623100000000001     
   5220596873492.2803        22805168297.421875        7652592280043120.0       0.21623100000000001     
   5197874660514.0000        19842694912.500000        7620839090858552.0       0.21623100000000001     
   5165307319443.8330        37641699726.140625        7526276636442647.0       0.21623100000000001     
   5124271563286.5342        40352375878.859375        7432836891947495.0       0.21623100000000001     
   5102047282228.0527        10460116837.984375        7439026384201940.0       0.21623100000000001     
   5094072051804.3711        5573525257.3593750        7445220805263527.0       0.21623100000000001     
   5045955026966.4941        70573556192.359375        7237238484421626.0       0.21623100000000001     
   4966557477516.5986        81149590741.265625        7034819313375152.0       0.21623100000000001     
   4944333496056.9023       -13590308091.500000        7117524721057264.0       0.21623100000000001     
   4964686837382.2412       -29020094393.703125        7201159553078268.0       0.21623100000000001     
   4785814719946.1289        278926737673.90625        6357428585293909.0       0.21623100000000001     
   4467550257865.3311        322389143990.76562        5608740679748658.0       0.21623100000000001     
   4405029924173.0029       -104679119463.70312        5974381551641069.0       0.21623100000000001     
   4545082405346.0850       -219444463862.09375        6362758770572935.0       0.21623100000000001     
   4535095391712.2129        22788867953.390625        6314910045139167.0       0.21623100000000001     
   4511306675860.8076        24798792985.359375        6267405599833599.0       0.21623100000000001     
   4595849809698.2227        3193176443.0625000        6497512162265825.0       0.21623100000000001     
   4703337189845.1309        2863237653.4218750        6735686250111682.0       0.21623100000000001     
   4695863056273.1904        12513069129.593750        6707546818658155.0       0.21623100000000001     
   4683326318970.9688        14446613413.984375        6679519841427286.0       0.21623100000000001     
   4677642705388.0439        2020170812.0468750        6690711436911757.0       0.21623100000000001     
   4678431524490.0137       -7705310507.3593750        6701920965667702.0       0.21623100000000001     
   4676592461240.3232        5478540284.5156250        6696324707080203.0       0.21623100000000001     
   4672608686649.3203        5928581306.6875000        6690732918010342.0       0.21623100000000001     
   4636664257150.7363        55979481798.671875        6535699381983227.0       0.21623100000000001     
   4574140333604.1670        65067784166.468750        6384105194403542.0       0.21623100000000001     
   4514374831625.2656        53665767589.406250        6277957777010869.0       0.21623100000000001     
   4459821452583.1758        52282417670.531250        6173499674546423.0       0.21623100000000001     
   4466735136979.3076       -40442321160.296875        6283236020356544.0       0.21623100000000001     
   4508465119390.0752       -101035024519.09375        6394836647820086.0       0.21623100000000001     
   4490407312009.2725        34971746099.687500        6304313685640381.0       0.21623100000000001     
   4452250582531.4082        40900685034.421875        6215017121860058.0       0.21623100000000001     
   4429549695665.0898        12169592152.250000        6215014619617707.0       0.21623100000000001     
   4421884314153.1982        7399532016.3281250        6215012117376311.0       0.21623100000000001     
   4393068323323.3735        43482084526.828125        6106374335771369.0       0.21623100000000001     
   4345159422978.2886        50332481446.031250        5999554326920399.0       0.21623100000000001     
   4287093280296.5278        61102648937.656250        5869766496211896.0       0.21623100000000001     
   4222613649689.6777        63471409444.593750        5742666884346955.0       0.21623100000000001     
   4162931446134.8657        53723625692.578125        5646692740984954.0       0.21623100000000001     
   4108371935465.7397        52221076869.781250        5552254041787071.0       0.21623100000000001     
   4056996759145.3408        48301335138.125000        5468558835687509.0       0.21623100000000001     
   4007830579634.2266        47146308464.828125        5386071314750917.0       0.21623100000000001     
   3957336496607.8838        50423315127.796875        5295816623695622.0       0.21623100000000001     
   3905194906939.4717        50790662231.171875        5207009820687451.0       0.21623100000000001     
   3866724661888.3228        28878705074.625000        5176267422111549.0       0.21623100000000001     
   3840742621023.4854        24355379176.093750        5145698707460819.0       0.21623100000000001     
   3792609613436.4473        62922824233.921875        5012366250880225.0       0.21623100000000001     
   3722982297320.1924        69983098970.812500        4882342752131448.0       0.21623100000000001     
