 C734CO                   Loss by CS     Actual loss   Csat   molar mass
   0.0000000000000000        0.0000000000000000        293765553466902.88       0.17415130000000001     
   4.2887768090900991E-025   0.0000000000000000        293764479800345.38       0.17415130000000001     
   9.8901927316626895E-005   9.6803877380708357E-005   293763406119681.44       0.17415130000000001     
   5.5460413707408051E-003   5.1391959278742627E-003   292368379894552.81       0.17415130000000001     
   8.3797804682414018E-002   8.2183024952924733E-002   290979721857243.00       0.17415130000000001     
  0.68348709186441492       0.61400206128364232        296859672442306.38       0.17415130000000001     
   4.0229216105193091        3.9341128934086669        302853728694960.69       0.17415130000000001     
   14.331213954474315        12.430438453256556        309550116436893.00       0.17415130000000001     
   42.212103732230815        41.294581299328229        316388679361524.06       0.17415130000000001     
   104.38482511562080        89.000810812149211        309549410766728.81       0.17415130000000001     
   215.81541992086289        211.46311980305654        302852346674029.62       0.17415130000000001     
   425.46661325737404        360.60708644118859        303717949194444.25       0.17415130000000001     
   792.05206724785285        629.25501943836571        304585929173882.62       0.17415130000000001     
   1367.2898083236269        1044.9524934892906        304875089833514.25       0.17415130000000001     
   2229.5278425758206        1656.2346272981667        305164514276162.44       0.17415130000000001     
   3464.4737126372574        2535.8604887730617        296012594403834.75       0.17415130000000001     
   5150.6004970537870        3717.4918387199868        287124771255351.56       0.17415130000000001     
   7380.9722555206044        5187.6628053208697        289873891752892.69       0.17415130000000001     
   10244.820102887099        7022.0380866820924        292648301120904.06       0.17415130000000001     
   13836.296869607295        9256.7424851008691        295448761935358.75       0.17415130000000001     
   18384.968446314218        12045.138782365480        298274969118513.94       0.17415130000000001     
   24126.318572050510        15559.980929366779        299413222019717.69       0.17415130000000001     
   31240.686975294560        19842.244087990839        300555648959842.75       0.17415130000000001     
   39826.524767602736        25061.948475141544        297424734171204.06       0.17415130000000001     
   49962.430739127929        31083.570405019447        294325178031617.25       0.17415130000000001     
   61829.659838320942        37423.530848805793        299697707205738.56       0.17415130000000001     
   75121.984858604817        44147.201689780224        305164421464130.81       0.17415130000000001     
   89515.162729820149        50820.978712846525        311614786347168.19       0.17415130000000001     
   104926.48018985463        57444.726725845598        318196076722892.44       0.17415130000000001     
   121302.25121514316        64154.511274066754        323680062307156.25       0.17415130000000001     
   138636.26270867477        70789.303303523920        329254817318173.94       0.17415130000000001     
   156461.42430093023        79606.227723024786        321842589305465.69       0.17415130000000001     
   176062.63792088081        89354.562261304818        314590863888756.94       0.17415130000000001     
   199348.83309348882        101384.32331450842        308668356686249.94       0.17415130000000001     
   227505.25647727246        116782.00508892164        302853083788343.00       0.17415130000000001     
   262078.99365392403        134818.29836198129        301989482875471.38       0.17415130000000001     
   305104.18486577313        158518.61928956024        301128249032591.25       0.17415130000000001     
   359012.31066961621        186962.79590884596        305165163978579.75       0.17415130000000001     
   423615.78242092446        221195.44919802248        309254063373743.75       0.17415130000000001     
   495582.18444334227        266705.03567675501        299412903030613.38       0.17415130000000001     
   574085.94787975145        314414.22484979406        289873096805636.44       0.17415130000000001     
   663082.43349770270        363513.07781412080        286029973962477.31       0.17415130000000001     
   766807.09507697436        422181.26469549537        282235847235953.69       0.17415130000000001     
   890114.49588087900        486567.96627989411        284398072939439.56       0.17415130000000001     
   1032468.2304562952        561454.10146816075        286576214821379.69       0.17415130000000001     
   1195570.1402177848        651925.82969392091        286030235595224.88       0.17415130000000001     
   1386519.5568210073        759299.64749858528        285485256161525.38       0.17415130000000001     
   1614557.6207619868        892857.66689877212        283855823133419.12       0.17415130000000001     
   1890035.7102645596        1057628.5836485773        282235330662986.06       0.17415130000000001     
   2204396.7392559792        1268452.9859443158        272179921071743.03       0.17415130000000001     
   2509134.9331838987        1457640.5472346246        262469325436066.78       0.17415130000000001     
   2801029.5169059085        1615436.2389788181        256264135900589.38       0.17415130000000001     
   3097329.3876560363        1774005.1385243833        250200084788402.97       0.17415130000000001     
   3425252.4713184508        1913817.0338211060        252608564756244.97       0.17415130000000001     
   3804181.3908058726        2091709.2285597324        255039321795424.78       0.17415130000000001     
   4253285.5537499711        2408667.4958052933        244974522659527.19       0.17415130000000001     
   4941073.4332684763        2935354.1453076899        235292108126886.69       0.17415130000000001     
   6021456.6941560628        3672409.9642220438        239856494130712.84       0.17415130000000001     
   7602468.3910160381        4798571.0458700657        244505929063377.00       0.17415130000000001     
   9786069.6442527417        6375068.1757221818        248763511024214.41       0.17415130000000001     
   12740136.478897100        8508878.9265539050        253092307443450.75       0.17415130000000001     
   16521002.370595824        11322911.292943716        250679086128786.78       0.17415130000000001     
   20752879.274903279        14339394.275351286        248287990569239.81       0.17415130000000001     
   25391872.818044070        17605643.511035681        243336382290310.66       0.17415130000000001     
   30543149.697785709        21178731.635623217        238479770026300.56       0.17415130000000001     
   36307364.865357339        25255568.099825859        231482284115166.38       0.17415130000000001     
   42762759.610356018        29835252.950328112        224682393685771.38       0.17415130000000001     
   49600393.336131155        34635652.693030834        217862617729277.84       0.17415130000000001     
   55716000.011548892        38650125.014959335        211242071010973.09       0.17415130000000001     
   61358800.184094861        41985071.312052250        207404047888625.78       0.17415130000000001     
   66968372.048495993        45293843.843362808        203633110097369.75       0.17415130000000001     
   72871713.227804095        48177760.408784389        206205910981068.84       0.17415130000000001     
   79143545.516745284        51289418.095223904        208809946953969.00       0.17415130000000001     
   85184820.045122623        53584033.874814987        214734114354675.09       0.17415130000000001     
   89588759.199908823        54156517.134953022        220819681907500.34       0.17415130000000001     
   92721219.791160956        53328240.762105942        227946524871770.66       0.17415130000000001     
   95234019.482043758        51913598.204817295        235294204266412.12       0.17415130000000001     
   97249568.619538084        50639236.048924446        239857561768820.97       0.17415130000000001     
   98785043.638029158        49017441.952214241        244505929096425.31       0.17415130000000001     
   100602626.63887404        48373333.919518471        246389380006070.38       0.17415130000000001     
   104376989.95621754        49640200.188119888        248286772675108.19       0.17415130000000001     
   109934361.50000073        51149922.818642616        256017749549065.75       0.17415130000000001     
   116803090.21107513        53591254.461175442        263979830163691.00       0.17415130000000001     
   124169543.45423821        56613681.483429432        270364737065827.81       0.17415130000000001     
   131682977.67839968        59455940.503374577        276897939210821.34       0.17415130000000001     
   135718938.98047337        59197765.834934711        281697216738011.75       0.17415130000000001     
   130849590.03650366        50689559.402297497        286576389587543.12       0.17415130000000001     
   123595712.68587121        40385057.044627190        292369983017672.00       0.17415130000000001     
   117564067.26539709        31947158.854014397        298276058533252.31       0.17415130000000001     
   115173816.96871789        22387556.361170292        316991008592637.50       0.17415130000000001     
   117158285.65679090        14600285.984668255        336831715726547.25       0.17415130000000001     
   118827772.29814769        15285909.275043011        350494708829199.81       0.17415130000000001     
   120972708.77395687        11098272.074176311        364689441595660.75       0.17415130000000001     
   123898419.75358519        14549311.394709587        379794235376197.31       0.17415130000000001     
   127136684.30334954        14988737.246525764        395499211239226.62       0.17415130000000001     
   130436903.79237892        8972075.6193113327        411056192945354.06       0.17415130000000001     
   134051198.00041465        10984137.594812870        427200241795215.75       0.17415130000000001     
   137224796.95722249        13144034.102715015        441042745266729.31       0.17415130000000001     
   140187160.95836210        12039603.742089748        455315648334124.94       0.17415130000000001     
   145481639.27096343        12292527.303985119        476232229362768.88       0.17415130000000001     
   150481337.24724066        11575078.249847889        498070290236011.88       0.17415130000000001     
   157782507.76256749       -4167667.8083591461        528679037929169.69       0.17415130000000001     
   165807113.04102853       -20479437.660318375        561090456248786.06       0.17415130000000001     
   169276517.12553227        10141003.263302326        575330951197397.88       0.17415130000000001     
   172463476.52289656        6245392.7801465988        589918273231722.00       0.17415130000000001     
   177779220.22556233        333149.42259693146        611608134673042.88       0.17415130000000001     
   183622484.66537115        9094864.7357473373        634062890061411.50       0.17415130000000001     
   185707754.07241318        10927615.565337181        635832712350583.50       0.17415130000000001     
   187277468.02416053        12040418.398548126        637607278673299.50       0.17415130000000001     
   190968356.85539678        9031332.0904951096        660385339269117.25       0.17415130000000001     
   197263477.53653347        8433158.1704540253        683943856658073.12       0.17415130000000001     
   203207267.07523996        10567196.149452209        697293190008835.00       0.17415130000000001     
   208242620.28938526        11436642.218264580        710892571764531.62       0.17415130000000001     
   211396638.78477043        14947567.817752838        708284340427253.75       0.17415130000000001     
   212640192.76607090        16317071.685190201        705685301200598.50       0.17415130000000001     
   216299290.68641126        12303718.557481766        729438918602247.12       0.17415130000000001     
   223179574.17725953        11402735.493128777        753959394575580.38       0.17415130000000001     
   229945789.27813673        13059984.324301720        769333082870293.38       0.17415130000000001     
   235820330.06802922        13532699.533834457        785007574280029.38       0.17415130000000001     
   242406362.52271369        12550690.457078934        807611006245002.62       0.17415130000000001     
   250092163.56105375        12455296.341561317        830838729107042.75       0.17415130000000001     
   258812097.60283363        11697770.286182404        859418505049103.75       0.17415130000000001     
   268478934.69035202        11564548.503564835        888941024634833.88       0.17415130000000001     
   275142730.11735290        17099475.208576202        888926638819136.75       0.17415130000000001     
   278259856.84581035        18598415.339228630        888912253226993.00       0.17415130000000001     
   278113869.50224477        22925332.509717941        868086951855815.38       0.17415130000000001     
   275265358.40734720        24219456.926143646        847730582322532.75       0.17415130000000001     
   277431944.86912733        15618368.143137932        876060565009506.00       0.17415130000000001     
   285739234.72202456        13317712.751979828        905298445603230.88       0.17415130000000001     
   294576082.66213322        14698038.690840721        924463921793989.12       0.17415130000000001     
   302766600.71205264        15048963.906352043        944018658216996.00       0.17415130000000001     
   305630545.70708567        23383348.537552834        920263162195425.00       0.17415130000000001     
   302967329.25414020        25513776.083976746        897082237117248.12       0.17415130000000001     
   307963050.65085351        11884013.762528419        946594280444599.00       0.17415130000000001     
   322770676.53279686        8076284.3356103897        998724443459801.38       0.17415130000000001     
   330410434.08584404        22607132.329787254        974538299072905.75       0.17415130000000001     
   328886286.96656752        25943989.563137054        950915073873096.00       0.17415130000000001     
   328590956.15900004        21648355.265377045        954379037673369.50       0.17415130000000001     
   331310054.90483755        20662996.470441818        957855115487987.62       0.17415130000000001     
   340258845.00499105        12233613.502333641        1002364174691667.4       0.17415130000000001     
   355387910.43641657        10109750.676638603        1048855329102649.5       0.17415130000000001     
   366043599.93812132        19345833.867073059        1047898240748753.4       0.17415130000000001     
   370855809.42386562        21670605.320629120        1046941990920084.2       0.17415130000000001     
   377536228.76207060        17578910.236520767        1069955126794268.5       0.17415130000000001     
   387215447.66517866        16601267.652038574        1093453498871694.5       0.17415130000000001     
   397202603.13350272        17471344.657300949        1112392118313870.6       0.17415130000000001     
   407037913.54709256        17880686.145870209        1131645429045026.2       0.17415130000000001     
   405774819.41748565        34769667.976959229        1069959307502313.0       0.17415130000000001     
   393604231.79139227        38805389.485481262        1011508522644460.6       0.17415130000000001     
   395901700.05382270        13461713.936391830        1072879505721689.4       0.17415130000000001     
   415721344.83240718        5391087.3850479126        1137816760287919.0       0.17415130000000001     
   425309508.56107640        26040514.435821533        1114411936381050.4       0.17415130000000001     
   424454321.62181264        29729475.191804886        1091469690937516.0       0.17415130000000001     
   430324917.61100405        17487145.089372635        1130631269292610.5       0.17415130000000001     
   445272584.27697009        14807749.012243271        1171139861476432.5       0.17415130000000001     
   449466441.12711394        33926467.897144318        1122496965144330.8       0.17415130000000001     
   441283933.31922257        38566931.863424301        1075796925497938.2       0.17415130000000001     
   441544782.23889697        23124782.292888641        1105391693758316.1       0.17415130000000001     
   452851890.36606246        19551907.175903320        1135767219758536.8       0.17415130000000001     
   468938432.09594637        16120375.467552185        1178566178444867.2       0.17415130000000001     
   488006260.07868892        15162119.603170395        1222911080439979.8       0.17415130000000001     
   502953559.64259619        23225425.986953735        1232864807522145.5       0.17415130000000001     
   513152116.12187856        25354245.466140747        1242896281763496.5       0.17415130000000001     
   521436438.98341709        27444615.881380081        1247380460580172.8       0.17415130000000001     
   528535973.17517781        28138536.505315781        1251880167436439.0       0.17415130000000001     
   535723788.43483323        27975817.347446442        1258652983045926.8       0.17415130000000001     
   543203809.54878616        28081916.909444809        1265460964896368.5       0.17415130000000001     
   551932832.90453005        26622010.036174774        1279180737909813.2       0.17415130000000001     
   561889704.02208197        26403451.172815323        1293043233968007.0       0.17415130000000001     
   567190487.98330641        33673433.328472137        1276880902435626.2       0.17415130000000001     
   567734389.06179142        35527342.880638123        1260912593244130.5       0.17415130000000001     
   570696324.81597674        30855731.048101425        1266608072353430.5       0.17415130000000001     
   576797213.76525211        29766308.359270096        1272328242667058.8       0.17415130000000001     
   585007719.12399852        27449596.525751114        1286112625689702.5       0.17415130000000001     
   594761833.91028976        26798364.129209518        1300040301200978.8       0.17415130000000001     
   597124685.83926153        37568647.391838074        1270018877602501.5       0.17415130000000001     
   592077364.66396689        39948466.337764740        1240663569339659.2       0.17415130000000001     
   601553410.18983889        15876896.119741440        1298878692480092.0       0.17415130000000001     
   626315946.10100341        10581856.887298584        1359711018826404.8       0.17415130000000001     
   639512551.34460294        29743980.341440201        1347567615740115.0       0.17415130000000001     
   642413574.95301878        33009089.585075378        1335528349641985.8       0.17415130000000001     
   647159571.38899946        27777574.434562683        1346363341726161.0       0.17415130000000001     
   655339182.87172723        26514201.949592590        1357282682853656.8       0.17415130000000001     
   658640074.03289354        34196221.306711197        1337931981222983.8       0.17415130000000001     
   656622600.92446589        35881279.796537399        1318846247625870.0       0.17415130000000001     
   660590644.80999315        25468004.759790421        1339126134538241.8       0.17415130000000001     
   671300720.24126589        22714634.340576172        1359705172779711.0       0.17415130000000001     
   683455945.25954676        22044310.015537262        1379338004512942.2       0.17415130000000001     
   696127597.32719398        21686915.880439758        1399242780673311.0       0.17415130000000001     
   705882725.09460497        25934024.149814606        1403005355137125.0       0.17415130000000001     
   712523279.89910972        26565533.543079376        1406777639799732.0       0.17415130000000001     
   717408719.61940193        27837842.180505753        1405522015047191.5       0.17415130000000001     
   721052678.43537760        27828539.383699417        1404267466049127.0       0.17415130000000001     
   719379070.07438564        34566085.686485291        1378102936224536.0       0.17415130000000001     
   712791958.37012982        35828058.745197296        1352406693285918.2       0.17415130000000001     
   713449447.18044710        23567990.498331070        1369470451177207.0       0.17415130000000001     
   721915163.51861370        20409035.357891083        1386740763936711.0       0.17415130000000001     
   723854494.23277974        30980516.072816849        1363345713163697.8       0.17415130000000001     
   718203619.33528161        32875855.361448288        1340329768937337.0       0.17415130000000001     
   719163615.68383527        20648377.073791504        1358480752007569.5       0.17415130000000001     
   727852878.21739697        17547325.374731064        1376867548072366.8       0.17415130000000001     
   727168165.43024278        31861095.031366348        1342734184294883.2       0.17415130000000001     
   716530049.30905294        34480427.325588226        1309413874405761.2       0.17415130000000001     
   713758430.78131056        19919713.035406113        1324782405725787.0       0.17415130000000001     
   720320076.39217746        16457306.487543106        1340324001884291.0       0.17415130000000001     
   724244878.77460706        21300629.000923157        1335525859188848.0       0.17415130000000001     
   724706979.95041466        21848330.023704529        1330744206514248.2       0.17415130000000001     
   725601023.04550219        19751272.537090302        1331936213678317.5       0.17415130000000001     
   727411677.84255922        18832972.074373245        1333129245732552.0       0.17415130000000001     
   728573862.52586150        19290174.547189713        1330737142682919.5       0.17415130000000001     
   728934413.54963565        18928088.083389282        1328349160062007.2       0.17415130000000001     
   728591098.74455190        19208770.270523071        1323590277103327.0       0.17415130000000001     
   727592094.71648955        18848749.974166870        1318847761674228.5       0.17415130000000001     
   721074594.32832897        25982686.911052704        1289571237850677.2       0.17415130000000001     
   709353324.68491375        27185752.433507919        1260919119855283.0       0.17415130000000001     
   703535424.20949364        16918385.790765762        1264323215586256.5       0.17415130000000001     
   704180949.74860764        14811337.111808777        1267736132606315.8       0.17415130000000001     
   699530650.47050607        22606044.902112961        1242895566406995.0       0.17415130000000001     
   689438715.76740217        23908490.050359726        1218522611175029.5       0.17415130000000001     
   680204255.67853069        20642823.438066483        1204338054347528.2       0.17415130000000001     
   672732036.42821205        19455849.836692810        1190312082163056.8       0.17415130000000001     
   663932321.06265140        21105056.842996597        1169037448202826.5       0.17415130000000001     
   653548275.11890566        20989813.271272659        1148128111129802.5       0.17415130000000001     
   642775924.34850419        20469111.457942963        1127581481082615.2       0.17415130000000001     
   631946034.16507733        19874540.724132538        1107388104946451.1       0.17415130000000001     
   622506920.72141218        17328608.514213562        1093457925943520.8       0.17415130000000001     
   614438219.85166717        16286275.969003677        1079696064060136.9       0.17415130000000001     
   605888493.45467627        17012228.255128860        1062243356452305.2       0.17415130000000001     
   596576929.04826415        16795439.212718964        1045061675307157.0       0.17415130000000001     
   585901389.21401215        18279235.459157944        1022570169011721.5       0.17415130000000001     
   574036407.24534726        18276742.722772598        1000543809076206.6       0.17415130000000001     
   560219192.74894106        20129362.497203827        971888157675757.12       0.17415130000000001     
   544310534.96106470        19584774.709547043        944021404716996.75       0.17415130000000001     
   532034816.62535548        14791688.066207886        930373952039507.88       0.17415130000000001     
   523391690.84772360        13669876.662099838        916916050997973.12       0.17415130000000001     
   516319278.18356049        12662786.231870651        906115342766267.50       0.17415130000000001     
   510185154.05714959        12507011.050052643        895436854807396.50       0.17415130000000001     
   501593111.18353367        16634016.423715591        872861748472007.00       0.17415130000000001     
   490345594.80707133        17624367.306217194        850833708368544.88       0.17415130000000001     
   481312605.44624496        14005934.695253372        840786514664259.12       0.17415130000000001     
   475040871.38786912        13163013.077842712        830853304361074.12       0.17415130000000001     
   470967513.99491638        11044117.003387451        827064545373278.38       0.17415130000000001     
   468759865.07496005        10814934.828649521        823292380216395.50       0.17415130000000001     
   465455040.27642494        13661510.476408005        812067979949027.00       0.17415130000000001     
   460727654.07735300        14866919.241765976        800990611969438.38       0.17415130000000001     
   458639085.30644393        11788464.011487961        801723955637983.25       0.17415130000000001     
   459656590.27548218        11755975.902502060        802457944041982.50       0.17415130000000001     
   455677473.87408227        21193274.158697128        777847241672276.00       0.17415130000000001     
   445767389.41594064        24052911.204120636        753962271531002.00       0.17415130000000001     
   442285247.27254319        13750654.086275101        763713160713572.25       0.17415130000000001     
   446922134.63017452        11577635.141145706        773585094015718.00       0.17415130000000001     
   427258354.61971748        48534710.107938766        674538811487933.88       0.17415130000000001     
   383318771.92991978        54296863.378966331        587735029390192.00       0.17415130000000001     
   367569611.43108916        1417138.5892372131        629992779887108.62       0.17415130000000001     
   389837230.02559412        8952250.4934711456        675160602906527.50       0.17415130000000001     
   394755732.48733282        16365316.733795166        669580681388387.38       0.17415130000000001     
   394304529.08009410        18239522.825901031        664045066224412.50       0.17415130000000001     
   401353454.81430757        8345075.1896762848        690897331646939.75       0.17415130000000001     
   417686626.64774352        7477387.6895961761        718790800881443.50       0.17415130000000001     
   424529260.59305012        15458045.754091263        715490104668443.25       0.17415130000000001     
   425775274.04605567        17561683.151245117        712203967689264.12       0.17415130000000001     
   426818028.18657529        16668325.707860947        713516007699237.50       0.17415130000000001     
   428737714.14327979        16582018.651586533        714830368912356.88       0.17415130000000001     
   430522458.57600683        17568384.297216415        714174158291030.75       0.17415130000000001     
   431845306.96746194        18027167.285732269        713518526232989.00       0.17415130000000001     
   428660899.58174956        24555292.685255051        695362834751298.00       0.17415130000000001     
   420753093.40606391        26131103.228343964        677651283364772.88       0.17415130000000001     
   412852766.46463835        24582277.570186615        665274334777757.50       0.17415130000000001     
   405957324.87380672        23991549.757455826        653114662495293.62       0.17415130000000001     
   405609835.99951416        14609515.002288818        665889297194650.88       0.17415130000000001     
   412251579.28864783        12221918.733446121        678903732212524.75       0.17415130000000001     
   414845320.26028466        20403390.698379517        668345544999408.88       0.17415130000000001     
   411776016.47357786        22705651.942005157        657945160312372.75       0.17415130000000001     
   410143016.38421500        19917034.444711685        657944869082993.62       0.17415130000000001     
   411221704.96996140        19736923.800765991        657944577853743.38       0.17415130000000001     
   409884123.81172669        24962832.028280258        645311562245668.25       0.17415130000000001     
   405432074.29387695        26935365.903102875        632911700707158.88       0.17415130000000001     
   399412562.21691430        28947704.583778381        617875246171285.88       0.17415130000000001     
   392032270.83510888        29446559.153606415        603182238833433.12       0.17415130000000001     
   384931300.43716311        28041380.747602463        592108779536839.00       0.17415130000000001     
   378528624.14175040        27332557.300483704        581230732754832.62       0.17415130000000001     
   372551432.88778162        26360633.292234421        571605547066334.12       0.17415130000000001     
   366893140.60419017        25700677.126457214        562133570772134.81       0.17415130000000001     
   361154623.29327381        25648245.032701492        551786218533593.12       0.17415130000000001     
   355579831.26143366        25686739.069834709        541621962294875.25       0.17415130000000001     
   352160774.66484630        23585455.313570023        538107384730649.38       0.17415130000000001     
   350996586.43571424        23610223.622280121        534614720797366.62       0.17415130000000001     
   347456744.39298213        28828606.884783745        519404931606220.56       0.17415130000000001     
   340891379.04152811        30833461.832207680        504611301046097.00       0.17415130000000001     
