 C614NO3                  Loss by CS     Actual loss   Csat   molar mass
   0.0000000000000000        0.0000000000000000        52471817515324384.       0.19113880000000000     
   3.2824338759381935E-026   0.0000000000000000        52471660625973544.       0.19113880000000000     
   2.9721350585447335E-007   2.2497787203364558E-007   52471503734456680.       0.19113880000000000     
   3.3395777364996583E-006   3.9265090464330062E-007   52267567295859328.       0.19113880000000000     
   1.7301688857907611E-005   1.3282968678332736E-005   52064385849967432.       0.19113880000000000     
   6.6187361630611546E-005   5.3032511840417872E-006   52923513441422320.       0.19113880000000000     
   2.2802204758523209E-004   1.7339238500732601E-004   53796131385002992.       0.19113880000000000     
   5.6425278735323687E-004   2.9432178400345954E-005   54767287599805168.       0.19113880000000000     
   1.2258070545364942E-003   9.2159774886550055E-004   55755124935606360.       0.19113880000000000     
   2.3887910108049606E-003   1.0468177942347945E-004   54767185461443680.       0.19113880000000000     
   4.0513544638166830E-003   3.1253311605025647E-003   53795930554125040.       0.19113880000000000     
   6.7571646559592517E-003   2.5941021118258689E-004   53921684527101296.       0.19113880000000000     
   1.0950216689311516E-002   3.5811928976647867E-004   54047718414465056.       0.19113880000000000     
   1.6856044921886800E-002   4.9740560855604521E-004   54089691083743064.       0.19113880000000000     
   2.4850336686517514E-002   6.6567119830662769E-004   54131694787477224.       0.19113880000000000     
   3.5248028465797832E-002   9.3654165200152129E-004   52799938033979960.       0.19113880000000000     
   4.8348113444411742E-002   1.2092281788405046E-003   51499420459517504.       0.19113880000000000     
   6.4495133021789552E-002   1.3413083739917120E-003   51902460134841504.       0.19113880000000000     
   8.3923010543300008E-002   1.5884649210562429E-003   52308502666049024.       0.19113880000000000     
  0.10688345529826895        1.8511633520104098E-003   52717648042677896.       0.19113880000000000     
  0.13354654206035421        2.1194170903902076E-003   53129839997903280.       0.19113880000000000     
  0.16393407148878786        2.4454897129277953E-003   53295648945206552.       0.19113880000000000     
  0.19801905883642615        2.7245790353873645E-003   53461950610744464.       0.19113880000000000     
  0.23553571660113465        3.2066488895523548E-003   53005911402434856.       0.19113880000000000     
  0.27631836168064339        3.5290626442403550E-003   52553578371289296.       0.19113880000000000     
  0.32049859590737778        3.2466229466372454E-003   53337071880837608.       0.19113880000000000     
  0.36776021056456581        3.3794122573311824E-003   54131681318978768.       0.19113880000000000     
  0.41811198400547195        3.4388132381231173E-003   55065945961805152.       0.19113880000000000     
  0.47153329967492141        3.5496277501962936E-003   56015553235301792.       0.19113880000000000     
  0.52796888792489094        3.7751647765489338E-003   56804102481248248.       0.19113880000000000     
  0.58747707750977496        3.8990273579955215E-003   57603215267571368.       0.19113880000000000     
  0.64901549068905928        5.5570601944694431E-003   56540162794108608.       0.19113880000000000     
  0.71328746428287082        6.0157186338329893E-003   55495808535402792.       0.19113880000000000     
  0.78040362103705752        6.2772649932156810E-003   54639629022501440.       0.19113880000000000     
  0.85014453502912390        6.6851708423030232E-003   53796037669249392.       0.19113880000000000     
  0.92255482331821181        6.0791648039710822E-003   53670509338342072.       0.19113880000000000     
  0.99531713189382198        6.0917867005798598E-003   53545259990448392.       0.19113880000000000     
   1.0671206528358841        4.8846892009137832E-003   54131789069585408.       0.19113880000000000     
   1.1356448542083348        4.4776348747674888E-003   54724433299329896.       0.19113880000000000     
   1.1975454621943633        7.4643128839682049E-003   53295602494251616.       0.19113880000000000     
   1.2540712116865542        7.5158226666829364E-003   51902343691033000.       0.19113880000000000     
   1.3066210878026503        5.8527888025636798E-003   51338720502619432.       0.19113880000000000     
   1.3549821858363063        5.6268767063727410E-003   50780929375552736.       0.19113880000000000     
   1.4009472999879480        3.5126340345783547E-003   51098973687445808.       0.19113880000000000     
   1.4442996101708672        3.2297047690121872E-003   51418914501238232.       0.19113880000000000     
   1.4850203606772274        3.9983523747082472E-003   51338758919772144.       0.19113880000000000     
   1.5242220302652494        3.9752191284065930E-003   51258722344464672.       0.19113880000000000     
   1.5622401666882677        4.3769492084351214E-003   51019254997471304.       0.19113880000000000     
   1.5996407879308772        4.4489237310756380E-003   50780853339368920.       0.19113880000000000     
   1.6348260133556671        8.0616598216494140E-003   49295894982925104.       0.19113880000000000     
   1.6699835086706385        8.6747427903617336E-003   47852352023193888.       0.19113880000000000     
   1.7067207848697672        7.6737367205907958E-003   46924829334395504.       0.19113880000000000     
   1.7447836831734636        8.1030578324003955E-003   46014446212568384.       0.19113880000000000     
   1.7869165230802666        3.9604444618674961E-003   46376501623987352.       0.19113880000000000     
   1.8314165062493195        3.9942325423254488E-003   46741269447079280.       0.19113880000000000     
   1.8742762838192060        1.1544014311596129E-002   45226719493433576.       0.19113880000000000     
   1.9181546058383534        1.2755897113109427E-002   43758987241966216.       0.19113880000000000     
   1.9682065674557010        3.9028169961596859E-003   44452233280245088.       0.19113880000000000     
   2.0210050066327248        3.6713221574871113E-003   45155932852766104.       0.19113880000000000     
   2.0754666422844501        4.0295912585150973E-003   45798191078883592.       0.19113880000000000     
   2.1315766103238816        4.1672093326070581E-003   46449144453705760.       0.19113880000000000     
   2.1872151955323633        9.1745602928483549E-003   46086502563473680.       0.19113880000000000     
   2.2446405675988945        9.9511575573956179E-003   45726558425379272.       0.19113880000000000     
   2.3031861445105180        1.2709681185839372E-002   44979151044524808.       0.19113880000000000     
   2.3637422638408263        1.3704759725612803E-002   44243389189886160.       0.19113880000000000     
   2.4256734900676831        1.6846997045533385E-002   43178470315997024.       0.19113880000000000     
   2.4897158101625223        1.8274317743944835E-002   42137995801474272.       0.19113880000000000     
   2.5557239204989770        1.9949106181087473E-002   41088705941910296.       0.19113880000000000     
   2.6240880094035326        2.1586555670026542E-002   40064336407274072.       0.19113880000000000     
   2.6966473289474671        1.9766138791126764E-002   39467825954074744.       0.19113880000000000     
   2.7727194066245446        2.1049753827909967E-002   38879782482353384.       0.19113880000000000     
   2.8562940624654996        1.2805337066936318E-002   39281199929500568.       0.19113880000000000     
   2.9445605631055787        1.2821710096872607E-002   39686563807767128.       0.19113880000000000     
   3.0390932692224593        8.1398943180062133E-003   40605362325083208.       0.19113880000000000     
   3.1385720373843462        8.0040078836276507E-003   41544402739812536.       0.19113880000000000     
   3.2433693705225797        6.7812386982240014E-003   42638156381118600.       0.19113880000000000     
   3.3531640968226100        6.8224734517485786E-003   43759306165315392.       0.19113880000000000     
   3.4662239979200002        1.1482711269550805E-002   44452395152304088.       0.19113880000000000     
   3.5844014395856201        1.2172027054845103E-002   45155932857759504.       0.19113880000000000     
   3.7063197487684940        1.7117860377197758E-002   45440301268291688.       0.19113880000000000     
   3.8325595700191757        1.8032988198001476E-002   45726374929126104.       0.19113880000000000     
   3.9663278940291526        9.0090578268018362E-003   46887916867916336.       0.19113880000000000     
   4.1043616014923137        8.3463502980265503E-003   48077528249667856.       0.19113880000000000     
   4.2450039460215825        1.0948769232896893E-002   49026778135219008.       0.19113880000000000     
   4.3890909626052208        1.1004486110778089E-002   49993861739319600.       0.19113880000000000     
   4.5750099559910620        2.1277870325405956E-002   50701632700974520.       0.19113880000000000     
   4.8471136165300308        3.1351465386848076E-002   51418940154325592.       0.19113880000000000     
   5.2238905691925162        4.2168606649738649E-002   52267801755111232.       0.19113880000000000     
   5.7233811178403755        5.5716748615878942E-002   53129998747602800.       0.19113880000000000     
   6.3673195106506970        4.4067956257350716E-002   55841944700042040.       0.19113880000000000     
   7.1689361157244624        5.4166038201145739E-002   58685392339438616.       0.19113880000000000     
   8.1710433357924366        8.5358157511336685E-002   60625722610061832.       0.19113880000000000     
   9.4205661548403530       0.10497721150295547        62627042280816088.       0.19113880000000000     
   10.940647334339701       0.12352733289804974        64741166555273616.       0.19113880000000000     
   12.755509502778068       0.14295878649437554        66923130171038288.       0.19113880000000000     
   14.891162245781391       0.16480372153876033        69069033084060848.       0.19113880000000000     
   17.374948251433619       0.18485742032220287        71280343194020904.       0.19113880000000000     
   20.441252067617782       0.24559716935050346        73164302559021120.       0.19113880000000000     
   24.354670407650790       0.30541925380032353        75095603185065984.       0.19113880000000000     
   29.217253002467345       0.33689774156584917        77906131793467792.       0.19113880000000000     
   35.146012281811217       0.39307298742085095        80816606351014848.       0.19113880000000000     
   42.277021115407400       0.40428951192916429        84857303149329504.       0.19113880000000000     
   50.791792068445574       0.45259043167106938        89089825679188464.       0.19113880000000000     
   59.832326376598175       0.52793454262450723        90935270002659568.       0.19113880000000000     
   68.332404062831230       0.46813195962499776        92817058812587808.       0.19113880000000000     
   76.207623155467431       0.35000852035705066        95599531136946768.       0.19113880000000000     
   83.368352950558716       0.27520535218582154        98461267759239280.       0.19113880000000000     
   89.460078332212760       0.35897622907532423        98686029901081696.       0.19113880000000000     
   94.216857886869363       0.27756733708156389        98911280196189664.       0.19113880000000000     
   98.329061986385312        7.6365994175375818E-002   1.0179255538268222E+017  0.19113880000000000     
   102.44950063926572        6.4876839497628680E-002   1.0475358405440518E+017  0.19113880000000000     
   106.54898489863226       0.14919205255500856        1.0642317252725795E+017  0.19113880000000000     
   110.57940514031399       0.13891630942180200        1.0811806140217722E+017  0.19113880000000000     
   114.52044928781534       0.27664358922629617        1.0779345877571938E+017  0.19113880000000000     
   118.33376713374224       0.27450955776521369        1.0746978358976050E+017  0.19113880000000000     
   121.50210182222425       -3.6909615997046785E-002   1.1042001686599886E+017  0.19113880000000000     
   123.66891990990058      -0.10218716508825310        1.1344720599899730E+017  0.19113880000000000     
   124.91864319595784       -6.2222384435244749E-002   1.1533601337320085E+017  0.19113880000000000     
   125.27005878888600      -0.11419516583691802        1.1725471578026358E+017  0.19113880000000000     
   124.67052129779734      -0.22294304394608844        1.2000936589951363E+017  0.19113880000000000     
   123.07813132175207      -0.26859315145338769        1.2282551301749392E+017  0.19113880000000000     
   121.31523226059251      -0.26696477210953162        1.2627097359226285E+017  0.19113880000000000     
   120.14330199575920      -0.22904386386062470        1.2980825318876016E+017  0.19113880000000000     
   119.59143993719515        6.9551113792840624E-003   1.2980653479549224E+017  0.19113880000000000     
   119.61515971251617        2.9127075504675304E-002   1.2980481642386520E+017  0.19113880000000000     
   120.08510257312437       0.18466931565126288        1.2731185694615789E+017  0.19113880000000000     
   120.85055618104010       0.20390910950663965        1.2486448646742648E+017  0.19113880000000000     
   121.71421415178634      -0.13663251615435001        1.2826763652283638E+017  0.19113880000000000     
   122.68341354019752      -0.12332278547273745        1.3175890317476578E+017  0.19113880000000000     
   123.89355393583101       -4.0387258107330126E-002   1.3403627674816966E+017  0.19113880000000000     
   125.37532007525577       -2.7525281121597800E-002   1.3635106208546602E+017  0.19113880000000000     
   127.16604450949077       0.25281135864406679        1.3353785524788019E+017  0.19113880000000000     
   129.21295526196110       0.27518825789184120        1.3077991597979698E+017  0.19113880000000000     
   130.66851011846688      -0.26035156873967935        1.3665529637239936E+017  0.19113880000000000     
   131.10444834828570      -0.29257301531470148        1.4278120570151110E+017  0.19113880000000000     
   130.97476145699042       0.13778658862793236        1.3994647754710757E+017  0.19113880000000000     
   130.33476509933632       0.11755846639653100        1.3716533330128581E+017  0.19113880000000000     
   129.07133126477717       -8.2167643442971894E-002   1.3757392324488013E+017  0.19113880000000000     
   127.16417020718085      -0.11250390233772123        1.3798367073477773E+017  0.19113880000000000     
   124.99720450573021      -0.35211027505783932        1.4320671050446005E+017  0.19113880000000000     
   122.93789030730302      -0.33243085242065717        1.4861745166463267E+017  0.19113880000000000     
   121.17885228480647       -5.7421561624778406E-002   1.4850651012243642E+017  0.19113880000000000     
   119.70077281663178       -4.5629411634308781E-002   1.4839564735050064E+017  0.19113880000000000     
   118.40989128566797      -0.14808317557890405        1.5105860158749024E+017  0.19113880000000000     
   117.26531059332069      -0.14021702569834815        1.5376696508633590E+017  0.19113880000000000     
   116.16003104604582      -0.12313988361665906        1.5594207179987501E+017  0.19113880000000000     
   114.93538896629532      -0.12415903326200350        1.5814641980294643E+017  0.19113880000000000     
   113.65427253269112       0.21335413203951248        1.5105908440241062E+017  0.19113880000000000     
   112.36061955868061       0.22209925716788348        1.4427449735717530E+017  0.19113880000000000     
   110.78293843025692      -0.32645343333024357        1.5139624375134842E+017  0.19113880000000000     
   108.92006231902778      -0.31666388867370188        1.5885153748213770E+017  0.19113880000000000     
   107.08995166784374        2.1839224002633273E-002   1.5617364885670627E+017  0.19113880000000000     
   105.20670502955264        1.6658985683079663E-002   1.5353872894773613E+017  0.19113880000000000     
   103.08361971237510      -0.21275789001856538        1.5803047806862310E+017  0.19113880000000000     
   100.64296279616904      -0.21914228547166203        1.6264701893239824E+017  0.19113880000000000     
   98.097568637344224        6.7028894216946355E-002   1.5709985356960973E+017  0.19113880000000000     
   95.536559638293483        6.4309630779916915E-002   1.5173291548342314E+017  0.19113880000000000     
   92.739522032379540      -0.20557287891642773        1.5513886237943197E+017  0.19113880000000000     
   89.589033232091481      -0.21009046139261045        1.5861744058663693E+017  0.19113880000000000     
   86.216076856571476      -0.23834113507427901        1.6349017568368573E+017  0.19113880000000000     
   82.682834063417289      -0.23490992643974096        1.6850505099510202E+017  0.19113880000000000     
   79.041637374807166      -0.15364097600286186        1.6962611102994838E+017  0.19113880000000000     
   75.253122785008685      -0.15818001314301000        1.7075426117987050E+017  0.19113880000000000     
   71.501440474525126      -0.13747391671040532        1.7125801983979757E+017  0.19113880000000000     
   67.968248451931430      -0.12946398341205168        1.7176319155617238E+017  0.19113880000000000     
   64.625979360413339      -0.12645530654299364        1.7252293719598912E+017  0.19113880000000000     
   61.447613804751022      -0.12011068279070969        1.7328587772516352E+017  0.19113880000000000     
   58.483256994949471      -0.11996869040149249        1.7482112727683802E+017  0.19113880000000000     
   55.770740451760147      -0.10992002505668097        1.7636930512589917E+017  0.19113880000000000     
   53.315770921204731       -5.7640610537646353E-002   1.7456398454918198E+017  0.19113880000000000     
   51.127332088107110       -5.0767091397801778E-002   1.7277624487884454E+017  0.19113880000000000     
   49.164950639068081       -7.2845436380021056E-002   1.7341435532942320E+017  0.19113880000000000     
   47.390260334742905       -6.5771236007321932E-002   1.7405470642953664E+017  0.19113880000000000     
   45.797452321461201       -6.8761790663756983E-002   1.7559566750390579E+017  0.19113880000000000     
   44.374189960685364       -6.2216587904913467E-002   1.7714959567455011E+017  0.19113880000000000     
   43.111117287425273       -5.2491149292563932E-003   1.7379624511319203E+017  0.19113880000000000     
   42.008893566650173       -8.2465841137491225E-004   1.7050331189861642E+017  0.19113880000000000     
   41.004988548796881       -9.1374896097590863E-002   1.7702010983552813E+017  0.19113880000000000     
   40.093365013198401       -8.2304298259828101E-002   1.8377331087630186E+017  0.19113880000000000     
   39.344301150980570       -8.5697088705956048E-003   1.8242970308915718E+017  0.19113880000000000     
   38.726257448831646       -5.0906967420587534E-003   1.8109543915889696E+017  0.19113880000000000     
   38.199283188753014       -2.3585684472209323E-002   1.8229633620618710E+017  0.19113880000000000     
   37.733620802924300       -2.0900723877730343E-002   1.8350480285067488E+017  0.19113880000000000     
   37.326704807476752        7.7170031402147288E-003   1.8136199847736374E+017  0.19113880000000000     
   36.978337832622060        9.7656005542603452E-003   1.7924299989955440E+017  0.19113880000000000     
   36.676468829975761       -2.4564495823028665E-002   1.8149439594731158E+017  0.19113880000000000     
   36.418588831648165       -2.2433055739725205E-002   1.8377266456718806E+017  0.19113880000000000     
   36.215138206632489       -1.9276484893680390E-002   1.8594033363992880E+017  0.19113880000000000     
   36.062943551867669       -1.9040473514792211E-002   1.8813229984052208E+017  0.19113880000000000     
   35.969536063868091       -2.8074254959165046E-003   1.8854600417434221E+017  0.19113880000000000     
   35.930160485455559       -1.6309988768625772E-004   1.8896057338811971E+017  0.19113880000000000     
   35.935466967050189        4.7448262236002847E-003   1.8882260435331142E+017  0.19113880000000000     
   35.977643930825046        6.1552608657393648E-003   1.8868473110414278E+017  0.19113880000000000     
   36.046469816170571        2.9667309862702496E-002   1.8580413563210051E+017  0.19113880000000000     
   36.132491459429708        3.0884388202366608E-002   1.8296538636999674E+017  0.19113880000000000     
   36.220594697754734       -1.0695507139416804E-002   1.8485156036755053E+017  0.19113880000000000     
   36.303902275667070       -1.1118485540919210E-002   1.8675621340818579E+017  0.19113880000000000     
   36.408824506049527        2.9467870749385838E-002   1.8417504628816563E+017  0.19113880000000000     
   36.542420561164789        3.1284318744496886E-002   1.8162782284311635E+017  0.19113880000000000     
   36.688076589478868       -8.3850480897353918E-003   1.8363728769354701E+017  0.19113880000000000     
   36.839250003747559       -7.5570044673440862E-003   1.8566788011191811E+017  0.19113880000000000     
   37.021138353526837        4.4351570716912647E-002   1.8189429501882851E+017  0.19113880000000000     
   37.237234705880233        4.7145428667818123E-002   1.7819370947778358E+017  0.19113880000000000     
   37.462210453134723       -4.6349960500720044E-003   1.7990265808481888E+017  0.19113880000000000     
   37.677118521913648       -4.7246338211834882E-003   1.8162718359804954E+017  0.19113880000000000     
   37.910756838848847        1.7526834160435101E-002   1.8109516292590874E+017  0.19113880000000000     
   38.163237032563359        1.8498661967555563E-002   1.8056462427721802E+017  0.19113880000000000     
   38.435681893775211        1.2929854433764376E-002   1.8069691347051523E+017  0.19113880000000000     
   38.729107314280121        1.3969890354019299E-002   1.8082929482032912E+017  0.19113880000000000     
   39.045713392957097        1.8832072952591261E-002   1.8056384026750582E+017  0.19113880000000000     
   39.384924433547695        1.8889208481709829E-002   1.8029875627672765E+017  0.19113880000000000     
   39.747962904070604        2.3469820415925824E-002   1.7977022553559053E+017  0.19113880000000000     
   40.128860185668820        2.4443954663979639E-002   1.7924316821768883E+017  0.19113880000000000     
   40.526094174766627        5.4853368919339118E-002   1.7598183395869869E+017  0.19113880000000000     
   40.942346303222578        5.7569819212403672E-002   1.7277697640770198E+017  0.19113880000000000     
   41.366513086138269        1.7518758157279990E-002   1.7315842729522432E+017  0.19113880000000000     
   41.789645129999471        1.7157842039182469E-002   1.7354067895827888E+017  0.19113880000000000     
   42.226764159425230        5.6029900324915616E-002   1.7075418078938698E+017  0.19113880000000000     
   42.688769704032367        5.8997650340302243E-002   1.6801026291817933E+017  0.19113880000000000     
   43.168166029189656        4.6354884794482132E-002   1.6640876508433123E+017  0.19113880000000000     
   43.657787284380241        4.7799334003002514E-002   1.6482179118058570E+017  0.19113880000000000     
   44.156460886779378        6.1058714319415230E-002   1.6240814203608803E+017  0.19113880000000000     
   44.662866781836300        6.2965177498426783E-002   1.6002813037590387E+017  0.19113880000000000     
   45.168091331076241        6.4662295217658539E-002   1.5768170309078218E+017  0.19113880000000000     
   45.667661737021426        6.5627356451614105E-002   1.5536801926036771E+017  0.19113880000000000     
   46.158273908263084        5.4736033310064158E-002   1.5376747433443203E+017  0.19113880000000000     
   46.632241244039669        5.5348164434235514E-002   1.5218261864175427E+017  0.19113880000000000     
   47.090103877849153        6.3594467429993529E-002   1.5016741058111360E+017  0.19113880000000000     
   47.526907171059669        6.4133363325254322E-002   1.4817759926514192E+017  0.19113880000000000     
   47.937561858029710        7.6864914728957956E-002   1.4556382191557069E+017  0.19113880000000000     
   48.321277278814954        7.7990121416178226E-002   1.4299393488123014E+017  0.19113880000000000     
   48.709283753425481       0.10056123601339095        1.3963509493843157E+017  0.19113880000000000     
   49.101592429742141       0.10186104367926418        1.3635138658438512E+017  0.19113880000000000     
   49.435410994808549        6.2883639852543638E-002   1.3473680635168987E+017  0.19113880000000000     
   49.709472856754367        6.0550006882976959E-002   1.3314042285368131E+017  0.19113880000000000     
   49.942986673861157        5.1544603478077988E-002   1.3185615042026206E+017  0.19113880000000000     
   50.144652275473113        4.8972416591368528E-002   1.3058366767346843E+017  0.19113880000000000     
   50.319038912872159        8.8568283982795037E-002   1.2788439243487090E+017  0.19113880000000000     
   50.477266676794869        9.1553883191181740E-002   1.2523824904141672E+017  0.19113880000000000     
   50.635240644201431        5.2661844787280643E-002   1.2402718921067962E+017  0.19113880000000000     
   50.783407250926075        5.2127209828995547E-002   1.2282727559367672E+017  0.19113880000000000     
   50.932482214667594        2.9530410377219596E-002   1.2236891357082851E+017  0.19113880000000000     
   51.081974479242866        2.9203391195551376E-002   1.2191217910737123E+017  0.19113880000000000     
   51.221804371536365        5.7919504052733828E-002   1.2055086392497830E+017  0.19113880000000000     
   51.360612733683780        5.8996043333763737E-002   1.1920401813727909E+017  0.19113880000000000     
   51.507956098680950        1.3130429392276710E-002   1.1929328634201752E+017  0.19113880000000000     
   51.647844064703975        1.1228352979060219E-002   1.1938261814373515E+017  0.19113880000000000     
   51.750459851343400       0.11493972852667866        1.1637909883116262E+017  0.19113880000000000     
   51.846091673928768       0.12146859685344680        1.1344756011296336E+017  0.19113880000000000     
   51.977293196730024       -2.8902128523895954E-002   1.1464635527261504E+017  0.19113880000000000     
   52.097536350240162       -3.1343913939736012E-002   1.1585719645397238E+017  0.19113880000000000     
   52.036893935286301       0.51307943481401708        1.0357374321403694E+017  0.19113880000000000     
   51.935082021037815       0.59579671989990857        92535960652843632.       0.19113880000000000     
   52.094816103418459      -0.26593332040920359        97943941844904960.       0.19113880000000000     
   52.249766139376121      -0.26744953890420220        1.0365183752249760E+017  0.19113880000000000     
   52.358870779276742        4.5973742802516426E-002   1.0295055340973266E+017  0.19113880000000000     
   52.470301073291317        4.6615415682708772E-002   1.0225378561149117E+017  0.19113880000000000     
   52.637265584512896      -0.14070485713932612        1.0562398162975954E+017  0.19113880000000000     
   52.815593157657347      -0.13683566348095155        1.0909970281161363E+017  0.19113880000000000     
   52.965045786035986        3.2420629822809133E-002   1.0868971169462261E+017  0.19113880000000000     
   53.123360495305256        3.4725698133115657E-002   1.0828118681895611E+017  0.19113880000000000     
   53.297530613501216        1.1850118638449203E-002   1.0844433763783230E+017  0.19113880000000000     
   53.477603036612095        6.6175861177271145E-003   1.0860772234033342E+017  0.19113880000000000     
   53.673229741663313        2.3126995378561332E-002   1.0852615740837018E+017  0.19113880000000000     
   53.875706324404014        2.3979790377779864E-002   1.0844465076234830E+017  0.19113880000000000     
   54.050947291494857       0.12107091169036721        1.0618210722790664E+017  0.19113880000000000     
   54.232063609838661       0.12855416861725644        1.0396452508086538E+017  0.19113880000000000     
   54.430763516264555       0.10346573155629812        1.0240860466879618E+017  0.19113880000000000     
   54.636487182269661       0.10591545466763819        1.0087485797828755E+017  0.19113880000000000     
   54.904741625137689       -5.6949456401071075E-002   1.0248603597682747E+017  0.19113880000000000     
   55.191361300436448       -5.9035914614469220E-002   1.0412168220650998E+017  0.19113880000000000     
   55.447051201170538        9.2352697534352046E-002   1.0279517799801341E+017  0.19113880000000000     
   55.710653823025197        9.7888255343377750E-002   1.0148476454836698E+017  0.19113880000000000     
   56.007783058074061        3.3870622800350247E-002   1.0148472780189646E+017  0.19113880000000000     
   56.311631218856881        3.2427421984266402E-002   1.0148469105543840E+017  0.19113880000000000     
   56.586074013194789       0.11581097208841129        99887886641515296.       0.19113880000000000     
   56.862308744290367       0.12274472027434058        98315008852679088.       0.19113880000000000     
   57.127556802616240       0.14797402861927367        96400136092057136.       0.19113880000000000     
   57.391695322352533       0.15364200082831303        94520788552671776.       0.19113880000000000     
   57.669697992247805       0.13191123252659054        93098901763425776.       0.19113880000000000     
   57.955439966485770       0.13467181435316888        91697385620134080.       0.19113880000000000     
   58.252175679912305       0.12914109076177738        90453301340665008.       0.19113880000000000     
   58.557962460941198       0.13235655022504034        89225291251722864.       0.19113880000000000     
   58.870567162220311       0.14623716105688800        87879476968152160.       0.19113880000000000     
   59.188876550135241       0.15089550674292695        86552996438123872.       0.19113880000000000     
   59.542364155439330        8.8830572868801028E-002   86093277366441920.       0.19113880000000000     
   59.902684617522681        8.7344641150821190E-002   85635882864651648.       0.19113880000000000     
   60.207287501719179       0.21307762807236941        83637627783623472.       0.19113880000000000     
   60.495862559934309       0.22498291195279307        81683803049693568.       0.19113880000000000     
