 C106NO3                  Loss by CS     Actual loss   Csat   molar mass
   0.0000000000000000        0.0000000000000000        26979380526452336.       0.24522920000000001     
   8.8281469036837794E-025   0.0000000000000000        26979298470127116.       0.24522920000000001     
   2.0459777393909631E-006   1.8625955452352007E-006   26979216412673388.       0.24522920000000001     
   1.0385802006726858E-005   1.6617686867761473E-006   26872557085590616.       0.24522920000000001     
   3.1122759429902202E-005   2.8487326256556927E-005   26766299749879488.       0.24522920000000001     
   7.8137351444753739E-005   9.2598644277335634E-006   27215644165059752.       0.24522920000000001     
   1.9627686791926727E-004   1.7946663267854636E-004   27672172988545844.       0.24522920000000001     
   3.7065054878659644E-004   3.1157309420107998E-005   28180404135445208.       0.24522920000000001     
   6.5776187164100978E-004   5.9929126350084794E-004   28697524215985408.       0.24522920000000001     
   1.0690975078114762E-003   8.1957150151072689E-005   28180350675589496.       0.24522920000000001     
   1.5911888482230414E-003   1.4581961477207056E-003   27672067904802364.       0.24522920000000001     
   2.3535338241158503E-003   1.7276411820540960E-004   27737869358181044.       0.24522920000000001     
   3.5227125786403482E-003   2.0644787381585150E-004   27803819930458040.       0.24522920000000001     
   5.0973432131574100E-003   2.7142684768910463E-004   27825783830503200.       0.24522920000000001     
   7.1659684361125671E-003   3.5406167436308200E-004   27847764264483128.       0.24522920000000001     
   9.8144597857065512E-003   4.9167077264300474E-004   27151003466873652.       0.24522920000000001     
   1.3152352446125577E-002   6.3894608427350619E-004   26470878718910384.       0.24522920000000001     
   1.7332888089651562E-002   7.3116546554186090E-004   26681622942014628.       0.24522920000000001     
   2.2485421048638800E-002   8.8888089153371652E-004   26893965824445700.       0.24522920000000001     
   2.8761402253407863E-002   1.0725345988793489E-003   27107960081171328.       0.24522920000000001     
   3.6322261681830476E-002   1.2805946493559262E-003   27323576710780396.       0.24522920000000001     
   4.5316299202122268E-002   1.5433374326994098E-003   27410319115344708.       0.24522920000000001     
   5.5908634695871706E-002   1.8141474267037161E-003   27497323952993112.       0.24522920000000001     
   6.8207241785834621E-002   2.2263202078849353E-003   27258746918381204.       0.24522920000000001     
   8.2376801740456987E-002   2.6029779622476212E-003   27022143693663284.       0.24522920000000001     
   9.8719353293570566E-002   2.6711592302381959E-003   27431990113918732.       0.24522920000000001     
  0.11734694757587356        2.9687587282332117E-003   27847757216404208.       0.24522920000000001     
  0.13845268155070295        3.2498271495668973E-003   28336731116414712.       0.24522920000000001     
  0.16223092682388887        3.5809121617820239E-003   28833881470291196.       0.24522920000000001     
  0.18885983800330933        4.0135758996040494E-003   29246823149751208.       0.24522920000000001     
  0.21857978957261875        4.4104001261562331E-003   29665397410401680.       0.24522920000000001     
  0.25108090210385492        5.9663499304427603E-003   29108594089797452.       0.24522920000000001     
  0.28684239724583760        6.8164166733524212E-003   28561760039641780.       0.24522920000000001     
  0.32623378684552251        7.5574778082163618E-003   28113588180952600.       0.24522920000000001     
  0.36945285123775984        8.4661285220875016E-003   27672123952249676.       0.24522920000000001     
  0.41699749286751209        8.6158884318621176E-003   27606443207338200.       0.24522920000000001     
  0.46855472760881389        9.3307340005281958E-003   27540911073093652.       0.24522920000000001     
  0.52437400963651626        9.0450049029264790E-003   27847813602406908.       0.24522920000000001     
  0.58405238836124129        9.4646848173383091E-003   28157974078054920.       0.24522920000000001     
  0.64578117695342252        1.3460440842756327E-002   27410294814029028.       0.24522920000000001     
  0.71031478421374761        1.4979687703572608E-002   26681562050974736.       0.24522920000000001     
  0.77876986574383888        1.4564614035542434E-002   26386858702848484.       0.24522920000000001     
  0.85086221061146139        1.5523764203265955E-002   26095259641119224.       0.24522920000000001     
  0.92771617187517597        1.4128083125882540E-002   26261518423605664.       0.24522920000000001     
   1.0090097882939817        1.4662021097919364E-002   26428786593369192.       0.24522920000000001     
   1.0943397434657640        1.6741785334751569E-002   26386878788248248.       0.24522920000000001     
   1.1845730947473625        1.7970540750695818E-002   26345034327677860.       0.24522920000000001     
   1.2801977266087716        1.9925384717438988E-002   26219843519839416.       0.24522920000000001     
   1.3820563297721882        2.1572037175587866E-002   26095219895076684.       0.24522920000000001     
   1.4884608201211846        2.9493080175456043E-002   25319191875558440.       0.24522920000000001     
   1.6019263676942053        3.3402841644715409E-002   24565193023910308.       0.24522920000000001     
   1.7256118653348427        3.4536190060919125E-002   24080930525292464.       0.24522920000000001     
   1.8604877286512869        3.8348618791118838E-002   23605776931271100.       0.24522920000000001     
   2.0119797702075979        3.3045435577776061E-002   23794724236249236.       0.24522920000000001     
   2.1799626304864117        3.5434912687165365E-002   23985112771670584.       0.24522920000000001     
   2.3584334412262944        5.6190902935199460E-002   23194771563412112.       0.24522920000000001     
   2.5518353826232913        6.5490393181960371E-002   22429296071210468.       0.24522920000000001     
   2.7728808224700057        4.9108016319138414E-002   22790794756909228.       0.24522920000000001     
   3.0188386753854535        5.1303231821606232E-002   23157843834638784.       0.24522920000000001     
   3.2883950517799123        5.6101010933446105E-002   23492931201301780.       0.24522920000000001     
   3.5828020705003008        6.0828248637164961E-002   23832637706751652.       0.24522920000000001     
   3.8976554238570751        8.2186311595592088E-002   23643379232706928.       0.24522920000000001     
   4.2380880324119747        9.2674473982640393E-002   23455554044823776.       0.24522920000000001     
   4.6047969245801434       0.11110476958708659        23065625272456876.       0.24522920000000001     
   5.0014645089874001       0.12514120601110790        22681881048078532.       0.24522920000000001     
   5.4278957397106407       0.14902673351525664        22126656689443264.       0.24522920000000001     
   5.8874480806491043       0.16866499858411999        21584404771696268.       0.24522920000000001     
   6.3823396067742566       0.19107656410284335        21037792185931944.       0.24522920000000001     
   6.9156522102287550       0.21538767639748357        20504393318908344.       0.24522920000000001     
   7.4974227850515103       0.22491855345134582        20193892519171104.       0.24522920000000001     
   8.1296896500272613       0.24957954041263974        19887878118858196.       0.24522920000000001     
   8.8349545010831907       0.22472078451227162        20096764860442872.       0.24522920000000001     
   9.6112220181370720       0.23899680308483084        20307742525707488.       0.24522920000000001     
   10.469723149053952       0.22654808877689447        20786081720782780.       0.24522920000000001     
   11.411637153368567       0.23850312456852407        21275151757461380.       0.24522920000000001     
   12.442879304077859       0.24438959972871999        21845039168103172.       0.24522920000000001     
   13.567542966078420       0.25845384744593503        22429462353781652.       0.24522920000000001     
   14.777131984614964       0.30929060883795501        22790879177786240.       0.24522920000000001     
   16.083523993485166       0.33578939826315946        23157843837243752.       0.24522920000000001     
   17.482702772198781       0.39968645534179359        23306198188463808.       0.24522920000000001     
   18.983875780041902       0.43627878541349219        23455458299725308.       0.24522920000000001     
   20.628941889426958       0.37988034329998754        24061661800480816.       0.24522920000000001     
   22.408892128647633       0.38892417639101495        24682782747291260.       0.24522920000000001     
   24.304235546419260       0.43307205274709304        25178596186390924.       0.24522920000000001     
   26.320835152748039       0.45502520155719139        25683894609311584.       0.24522920000000001     
   28.842289208016034       0.63367604850054704        26053809814502728.       0.24522920000000001     
   32.274265358212510       0.84752976133063385        26428800005773076.       0.24522920000000001     
   36.794687216823618        1.0910596473931946        26872679704324152.       0.24522920000000001     
   42.592401051025057        1.3861799053950108        27323659757935144.       0.24522920000000001     
   49.956379394735066        1.3370143952877243        28742980826859816.       0.24522920000000001     
   59.034973816933480        1.5465400017267257        30232399597612616.       0.24522920000000001     
   70.148838778554946        2.0985590195496115        31249476528035304.       0.24522920000000001     
   83.754896369867197        2.5183190494931296        32299110226091832.       0.24522920000000001     
   100.13264183427631        2.9268636123156284        33408534130859236.       0.24522920000000001     
   119.54253559218968        3.3512793395093468        34554212447280912.       0.24522920000000001     
   142.23534874272707        3.8193703582082890        35681584475227468.       0.24522920000000001     
   168.47996612962021        4.2580101496241696        36843950189331712.       0.24522920000000001     
   200.32422852885941        5.3608560395277891        37834736400665256.       0.24522920000000001     
   239.96087315118231        6.4962761859605962        38850875964757296.       0.24522920000000001     
   288.30993718505817        7.0976204875405529        40330416394208968.       0.24522920000000001     
   346.16086668307702        8.0944699320225482        41863540468579392.       0.24522920000000001     
   414.49412534288638        8.2040350734787353        43993592222908728.       0.24522920000000001     
   494.18459774705400        8.8782388991639891        46226638887554144.       0.24522920000000001     
   577.29846201823841        10.486562169993704        47200858925100344.       0.24522920000000001     
   656.28789125692026        9.6358814443119627        48194616233318736.       0.24522920000000001     
   730.93664762277649        7.5330089972812857        49664651457180784.       0.24522920000000001     
   800.42014911831689        6.1878604221274145        51177332698852592.       0.24522920000000001     
   862.30011857583509        8.2079048993109609        51296171775554848.       0.24522920000000001     
   915.55699494268185        7.2308261625803425        51415273633817064.       0.24522920000000001     
   965.03280959954577        3.1330073190838448        52939166339062960.       0.24522920000000001     
   1013.7591190612051        2.4806954805681016        54506014774187248.       0.24522920000000001     
   1060.2011820324708        3.8316599781755940        55389826806246016.       0.24522920000000001     
   1103.9543108893658        3.4234619765884418        56287276244333056.       0.24522920000000001     
   1144.0602906110623        5.8997617219283711        56115379159979920.       0.24522920000000001     
   1180.7420091131717        5.7318219999287976        55943982093880936.       0.24522920000000001     
   1213.5306791366538      -0.11040806270466419        57506557097773272.       0.24522920000000001     
   1240.4701481736524       -1.3538601120308158        59110639259877320.       0.24522920000000001     
   1260.6563056667892      -0.29240318409574684        60111877495859928.       0.24522920000000001     
   1275.2248168264423      -0.97972912489058217        61129252124832648.       0.24522920000000001     
   1284.9284968412915       -2.8157980363466777        62590381016878464.       0.24522920000000001     
   1289.4617615401585       -3.2609696565341437        64084726838375688.       0.24522920000000001     
   1291.6604135953091       -4.0299869772134116        65913810320140512.       0.24522920000000001     
   1293.3518254558794       -3.9857167451627902        67792532440802552.       0.24522920000000001     
   1292.9359438930212       0.40490324297570623        67791619550521328.       0.24522920000000001     
   1292.4157990773356       0.37735381435049931        67790706671945408.       0.24522920000000001     
   1290.7861814772798        3.3160026189871132        66466551875849408.       0.24522920000000001     
   1288.5556134912529        3.4765697029797593        65167046595791480.       0.24522920000000001     
   1288.6308316485304       -4.0979979651310714        66974169278723784.       0.24522920000000001     
   1288.8404022463001       -3.9601453467257670        68828941919532296.       0.24522920000000001     
   1288.2397656720332       -2.4490101175179007        70039278882369280.       0.24522920000000001     
   1287.5647343344262       -2.3900810641061980        71269861993426544.       0.24522920000000001     
   1285.1508520934769        3.2372803619728074        69774356409275824.       0.24522920000000001     
   1283.1151274117224        3.5102476173851755        68308758097258368.       0.24522920000000001     
   1283.7408383788993       -6.5001267991174245        71431625525865088.       0.24522920000000001     
   1282.6534038439243       -6.4229486505864770        74690117735528352.       0.24522920000000001     
   1277.1160942954114        2.5980408818068099        73181963888968368.       0.24522920000000001     
   1270.6891471198601        2.6947264103728230        71702829703432312.       0.24522920000000001     
   1264.5689927454257      -0.69518284192599822        71920103571456840.       0.24522920000000001     
   1257.8445991134549      -0.84290846384828910        72138004150956576.       0.24522920000000001     
   1252.4132303636773       -5.7389829811872914        74916542869335136.       0.24522920000000001     
   1246.2499442277744       -5.5637689873910858        77796776497527504.       0.24522920000000001     
   1238.0976062723080      -0.38074881971260766        77737701964993904.       0.24522920000000001     
   1230.2383327797456      -0.35103152582451003        77678670136112784.       0.24522920000000001     
   1223.7318630008256       -2.6988148609816562        79096839752619872.       0.24522920000000001     
   1217.3135209039722       -2.6299175032836501        80539634316601664.       0.24522920000000001     
   1210.4533946995346       -2.2295510354088037        81698670829202896.       0.24522920000000001     
   1202.9796448215070       -2.2097735887728049        82873573285956080.       0.24522920000000001     
   1192.6287384771936        5.0167086436922546        79097096917425840.       0.24522920000000001     
   1182.2940980090041        5.4540156551229302        75484798440842416.       0.24522920000000001     
   1176.1851363203575       -6.5115269650705159        79276683719438432.       0.24522920000000001     
   1169.9157252354607       -6.2814654449830414        83249455980113824.       0.24522920000000001     
   1160.5377682853962        1.4393819415818143        81822086435287200.       0.24522920000000001     
   1151.0036820075920        1.5005658684858645        80418031759530704.       0.24522920000000001     
   1142.9771093193415       -3.9769368793677131        82811770064560480.       0.24522920000000001     
   1133.6667671636294       -4.0111827369764796        85273234411697408.       0.24522920000000001     
   1121.0525017276609        3.0912684105969674        82315725183003632.       0.24522920000000001     
   1108.4305955314396        3.3003711195779033        79456017672214032.       0.24522920000000001     
   1098.1278311588540       -3.3473229819974222        81270636621641136.       0.24522920000000001     
   1087.1373033072787       -3.3604046641448804        83124660889391264.       0.24522920000000001     
   1075.4861954619475       -4.1525820605602348        85722922935537824.       0.24522920000000001     
   1062.8323108476566       -4.0897275837523921        88398371534838512.       0.24522920000000001     
   1048.5266256893276       -1.7060476398328319        88996649069863840.       0.24522920000000001     
   1033.5287934002624       -1.7458697671718255        89598779200278336.       0.24522920000000001     
   1018.0747794123214       -1.3662010328007455        89867673622525536.       0.24522920000000001     
   1002.8537730402195       -1.3385013624319981        90137335991918336.       0.24522920000000001     
   987.89651661983214       -1.4569038168410771        90542916509841968.       0.24522920000000001     
   973.05330050858277       -1.4398359324768535        90950233560070016.       0.24522920000000001     
   958.61398345216332       -1.8062139715875674        91769962843742560.       0.24522920000000001     
   944.44765225255992       -1.7568126579171803        92596720709418288.       0.24522920000000001     
   929.93230476393478       -6.0843872910481878E-002   91632655686802368.       0.24522920000000001     
   916.08032388093829       -2.9403530621493701E-002   90678148435094576.       0.24522920000000001     
   903.37739799870678       -1.1791684168383654        91018827952078048.       0.24522920000000001     
   891.03935277713606       -1.1413164550431247        91360725447365808.       0.24522920000000001     
   879.37298568377514       -1.5252900072082411        92183567075543248.       0.24522920000000001     
   868.14365584848247       -1.4827818372541515        93013458917047472.       0.24522920000000001     
   856.37608084986641       0.78159378126292722        91222724668536320.       0.24522920000000001     
   845.27135865370099       0.86066554464196088        89464833526867744.       0.24522920000000001     
   836.35107235454029       -3.6401182138397417        92944300821968144.       0.24522920000000001     
   827.47972250048133       -3.4368704880835139        96552318911620448.       0.24522920000000001     
   817.78725664651961       -4.9580441016587429E-002   95834287635306720.       0.24522920000000001     
   808.60376403808016       -1.4842350024991902E-002   95121339968076672.       0.24522920000000001     
   800.29651620876280       -1.0220855289444444        95763020613041104.       0.24522920000000001     
   792.17775464524595      -0.99571390933851944        96408819512674816.       0.24522920000000001     
   783.76817888281562       0.33350483649701346        95263765474517072.       0.24522920000000001     
   775.77716878680906       0.37531137630867306        94131661879968112.       0.24522920000000001     
   768.92008858296026       -1.3253418469721510        95334508206054928.       0.24522920000000001     
   762.35546220682704       -1.2845896377584722        96551973498723184.       0.24522920000000001     
   756.02271464662647       -1.2059006544914155        97710578012639888.       0.24522920000000001     
   749.83337602657707       -1.2090456140285823        98882405949493584.       0.24522920000000001     
   743.66548099096758      -0.50450352353436756        99103599301900816.       0.24522920000000001     
   737.83446238863019      -0.48065659512576531        99325263468078464.       0.24522920000000001     
   732.24551325644870      -0.26559204285513260        99251492487846320.       0.24522920000000001     
   726.97292587386210      -0.23179105837334646        99177773651643552.       0.24522920000000001     
   721.58172960884269       0.71858460837393068        97637774211713936.       0.24522920000000001     
   716.46240669835367       0.76846062524782610        96120548791632752.       0.24522920000000001     
   712.31375106094151      -0.90220118307115627        97128606761267968.       0.24522920000000001     
   708.31798296468787      -0.90462786436182796        98146720709512256.       0.24522920000000001     
   703.95893291836387       0.68337855287973071        96767026094716416.       0.24522920000000001     
   699.93825586996491       0.73987770029270905        95405801881257680.       0.24522920000000001     
   696.85050435498863      -0.87049819446474430        96479623258331888.       0.24522920000000001     
   693.95376044683883      -0.85593631292067585        97564940588395280.       0.24522920000000001     
   690.52660977876928        1.1759619889708119        95548188024984848.       0.24522920000000001     
   687.37687882606281        1.2622825320795528        93571149535382304.       0.24522920000000001     
   685.24092580571289      -0.69592819545505336        94484068567540416.       0.24522920000000001     
   683.23403250067497      -0.69454784796471358        95405460312812832.       0.24522920000000001     
   681.13431030678930       0.12873351568850921        95121192375697536.       0.24522920000000001     
   679.22722447704189       0.15037779841804877        94837730644229456.       0.24522920000000001     
   677.62539119158657       -6.6325163414148847E-002   94908410154457408.       0.24522920000000001     
   676.25642821876170       -4.8786187882797094E-002   94979139794966976.       0.24522920000000001     
   675.04889537124984       0.10821414924430428        94837311765942896.       0.24522920000000001     
   674.03253567236231        9.4452617195202038E-002   94695685308659792.       0.24522920000000001     
   673.21880389752641       0.23606520876637660        94413317840030032.       0.24522920000000001     
   672.58015351000790       0.25787075933112646        94131751797078672.       0.24522920000000001     
   671.76598186966680        1.2739774516085163        92389791594671360.       0.24522920000000001     
   671.09889515243015        1.3508658410974022        90678538977176688.       0.24522920000000001     
   671.09922265075284        1.9016607511730399E-002   90882188444140864.       0.24522920000000001     
   671.33145213197179       -6.7047161574009806E-003   91086273187344384.       0.24522920000000001     
   671.35656410632600        1.2420015773459454        89598736290834976.       0.24522920000000001     
   671.55698647379427        1.3289128366304794        88134339146777824.       0.24522920000000001     
   672.16819284290477       0.91019441656317213        87279828395543472.       0.24522920000000001     
   673.04261788042697       0.94526612025219947        86433206983614976.       0.24522920000000001     
   674.00122852383959        1.3492388259364816        85145839300660144.       0.24522920000000001     
   675.13803333021838        1.4076298021464027        83876735689913760.       0.24522920000000001     
   676.43882635594662        1.4644165978679666        82625858832735712.       0.24522920000000001     
   677.91959800523023        1.5046918539810576        81392751552810288.       0.24522920000000001     
   679.72667376357867        1.2053418573814270        80539905643768960.       0.24522920000000001     
   681.72380379040476        1.2336581055787974        79695570442245968.       0.24522920000000001     
   683.82507927679967        1.5189901183257462        78622183166741744.       0.24522920000000001     
   686.03118020917486        1.5725169642355468        77562566857012864.       0.24522920000000001     
   688.20995164472322        1.9866899491316872        76171048667908112.       0.24522920000000001     
   690.44436907710178        2.0657407001344836        74803316493846544.       0.24522920000000001     
   692.66043834192305        2.6458239172970934        73016331621438256.       0.24522920000000001     
   694.99053074003416        2.7876916232271469        71270034528496312.       0.24522920000000001     
   697.76502065679881        1.7916985203955846        70411655140430720.       0.24522920000000001     
   700.59884264322022        1.7809526290329813        69563124173370032.       0.24522920000000001     
   703.52738587770477        1.5811457074414648        68880617786890688.       0.24522920000000001     
   706.49267973082942        1.5739432098089310        68204489823187392.       0.24522920000000001     
   709.05456856488581        2.7084453661227599        66770619336972248.       0.24522920000000001     
   711.45257601035894        2.8480532645953645        65365478938227736.       0.24522920000000001     
   714.35595986759790        1.7972076075711811        64722558662438144.       0.24522920000000001     
   717.42049798219512        1.7726867708952341        64085662309066200.       0.24522920000000001     
   720.80621046560896        1.1478612349710602        63842398789080672.       0.24522920000000001     
   724.37621912809448        1.1435230925490032        63600014671868280.       0.24522920000000001     
   727.64126130601585        1.9427488978290057        62877672251452680.       0.24522920000000001     
   730.84836298722337        2.0173351976191043        62163145915185992.       0.24522920000000001     
   734.69378143914923       0.76544313261547359        62210500043694424.       0.24522920000000001     
   738.78495562674959       0.69417974015232176        62257888519816440.       0.24522920000000001     
   741.58375850884727        3.6307099092300632        60664928269993352.       0.24522920000000001     
   743.91396089991463        3.9244661132433976        59110826945439432.       0.24522920000000001     
   748.12289029690521      -0.22204907726700185        59746263514753272.       0.24522920000000001     
   753.02441919063597      -0.43251550550121465        60388201469543264.       0.24522920000000001     
   750.87222084310315        14.643078565281030        53881601292270752.       0.24522920000000001     
   745.31266760931328        17.161311619191110        48046148361092888.       0.24522920000000001     
   750.04918542382097       -6.5598223110282561        50903823389337360.       0.24522920000000001     
   758.93227588516243       -7.2599890696437797        53922927788601976.       0.24522920000000001     
   763.47718823217383        1.8118110344003071        53551836592400112.       0.24522920000000001     
   767.54962071779016        1.9277913114601688        53183178381930768.       0.24522920000000001     
   774.51705469831518       -3.6895413539350557        54966737701947672.       0.24522920000000001     
   782.18678547477282       -3.6541445936600212        56807169840426008.       0.24522920000000001     
   787.17903510383383        1.3832582092727534        56590021890099336.       0.24522920000000001     
   791.89273920584026        1.4914473617172916        56373664559333448.       0.24522920000000001     
   796.94193802443453       0.84410955040220870        56460068569990424.       0.24522920000000001     
   802.12890926340629       0.73207150508460472        56546598689300432.       0.24522920000000001     
   807.40888258080281        1.1331123589188792        56503400831535640.       0.24522920000000001     
   812.67954934711088        1.1596962729527149        56460234401616472.       0.24522920000000001     
   816.60654359023863        3.9940256202244200        55262201822682552.       0.24522920000000001     
   820.02035826017163        4.3021016601851443        54088403364534816.       0.24522920000000001     
   823.75722831598682        3.6090922106777725        53265089052556496.       0.24522920000000001     
   827.61598319971586        3.6629614659759682        52453718872727080.       0.24522920000000001     
   833.80443308855672       -1.1581942172488198        53306056711427568.       0.24522920000000001     
   841.04288600478401       -1.4181669016470551        54171574818839760.       0.24522920000000001     
   846.27046594192529        3.0485575249622343        53469624090878232.       0.24522920000000001     
   850.91472435243850        3.3124009031744208        52776341398943736.       0.24522920000000001     
   856.49143564179030        1.4758437504460744        52776321960139968.       0.24522920000000001     
   862.47138535044473        1.3761094352739747        52776302521342928.       0.24522920000000001     
   867.29468419818784        3.7996860395433032        51931711532072096.       0.24522920000000001     
   871.69341183150868        4.1021834513812792        51100003353447536.       0.24522920000000001     
   875.65931680564302        4.8724424304491549        50087764462933944.       0.24522920000000001     
   879.42744241238768        5.0756124567524239        49094641688014968.       0.24522920000000001     
   883.51759188281551        4.4569011167623103        48343485260872504.       0.24522920000000001     
   887.74982832544526        4.5129365599896119        47603283678649448.       0.24522920000000001     
   892.11834956233338        4.3397161138382216        46946391912268736.       0.24522920000000001     
   896.53255321460779        4.3912840151424462        46298140158245192.       0.24522920000000001     
   900.82307188026266        4.7805826903786510        45587877597954776.       0.24522920000000001     
   905.01894503763333        4.9121505724469898        44888001916316664.       0.24522920000000001     
   910.17952945280729        3.1477735848566226        44645488600874800.       0.24522920000000001     
   915.78223356678961        3.0336615972373693        44404223695652200.       0.24522920000000001     
   919.62255127191611        6.5842910147403018        43350452780318216.       0.24522920000000001     
   922.55828191699163        7.0641316534056386        42320531298160848.       0.24522920000000001     
