 DNPHEN                   Loss by CS     Actual loss   Csat   molar mass
   0.0000000000000000        0.0000000000000000        2.9840243621553165E+017  0.18410640000000000     
   4.9186998802681615E-018   0.0000000000000000        2.9840162992409018E+017  0.18410640000000000     
   7.9134408256960800        2.5541163331974985        2.9840082362128909E+017  0.18410640000000000     
   34.420341992791506       0.57575613626204358        2.9735254908327309E+017  0.18410640000000000     
   92.686633416686547        31.151115468082935        2.9630776333581926E+017  0.18410640000000000     
   222.18780962260968        2.4629907139824354        3.0072284815200800E+017  0.18410640000000000     
   535.93398619515074        165.91342506332148        3.0520019609618227E+017  0.18410640000000000     
   1016.7961176901624        7.2662106965362909        3.1017492054475290E+017  0.18410640000000000     
   1763.5359829086112        540.52913324724068        3.1522638049683123E+017  0.18410640000000000     
   2917.2607484791579        18.117167622986017        3.1017439779295482E+017  0.18410640000000000     
   4256.4166297596594        1417.1562026229221        3.0519916645488896E+017  0.18410640000000000     
   6440.6546365168606        35.635234007495455        3.0584382297685709E+017  0.18410640000000000     
   9508.7930632723292        48.742872290604282        3.0648976908614451E+017  0.18410640000000000     
   13628.794773362844        64.522548499284312        3.0670485425434726E+017  0.18410640000000000     
   18988.541704712501        83.183954500011168        3.0692008235503872E+017  0.18410640000000000     
   25769.632455047984        114.80256628943607        3.0008821792820154E+017  0.18410640000000000     
   34167.259214944956        145.52975094830617        2.9340056610931194E+017  0.18410640000000000     
   44519.005258386416        160.38091879291460        2.9547483868450579E+017  0.18410640000000000     
   57188.546937585059        193.95560201816261        2.9756299673344787E+017  0.18410640000000000     
   72315.267119840806        225.70145437447354        2.9966553249497549E+017  0.18410640000000000     
   89888.845778970644        258.27180017251521        3.0178213471037536E+017  0.18410640000000000     
   109967.90531168898        298.48023097775877        3.0263311536913869E+017  0.18410640000000000     
   132597.19614926359        333.81556001864374        3.0348636858030394E+017  0.18410640000000000     
   157712.03928198980        394.99661841243505        3.0114592932989005E+017  0.18410640000000000     
   185268.03501938266        437.32670533657074        2.9882259298218458E+017  0.18410640000000000     
   215870.59996832616        421.36226282268763        3.0284567029404640E+017  0.18410640000000000     
   250171.31080483174        464.42244761809707        3.0692001334467482E+017  0.18410640000000000     
   288559.06940620329        501.67550315335393        3.1170307548315187E+017  0.18410640000000000     
   331409.33920827322        549.34170755371451        3.1655667885001984E+017  0.18410640000000000     
   379079.88640672585        615.48243721947074        3.2058105976176838E+017  0.18410640000000000     
   431978.76314022532        672.49270338565111        3.2465386347081510E+017  0.18410640000000000     
   488185.52733359946        897.06995600834489        3.1923464003573472E+017  0.18410640000000000     
   546062.72878744605        950.82572248205543        3.1390116675752659E+017  0.18410640000000000     
   605326.87896491657        975.76589100435376        3.0952148098227450E+017  0.18410640000000000     
   665617.58999806957        1018.2364465743303        3.0519971562424659E+017  0.18410640000000000     
   725999.71451665089        895.74348507076502        3.0455607109888742E+017  0.18410640000000000     
   784843.33988033526        879.27333056926727        3.0391371245429850E+017  0.18410640000000000     
   843352.20000772376        739.11798081547022        3.0692056544097478E+017  0.18410640000000000     
   902413.71473194077        735.94722937792540        3.0995558076706266E+017  0.18410640000000000     
   961283.62597739033        1231.9806936159730        3.0263287700483366E+017  0.18410640000000000     
   1020633.4169381058        1302.5111896917224        2.9547423962280582E+017  0.18410640000000000     
   1080930.8891820707        1126.9933551922441        2.9257307664443245E+017  0.18410640000000000     
   1142034.1442799673        1169.6337349191308        2.8969891005609094E+017  0.18410640000000000     
   1205290.9724190198        930.63987343013287        2.9133808829396416E+017  0.18410640000000000     
   1271285.8274394029        971.48958227038383        2.9298604934350061E+017  0.18410640000000000     
   1340102.3593237298        1172.4825815483928        2.9257327449499917E+017  0.18410640000000000     
   1412247.7792634184        1241.4272582232952        2.9216105052031251E+017  0.18410640000000000     
   1487938.6929780140        1386.9215199649334        2.9092731628003270E+017  0.18410640000000000     
   1567513.1728985927        1477.6318631917238        2.8969851805284422E+017  0.18410640000000000     
   1653697.4649431868        2329.7774958163500        2.8203193679726899E+017  0.18410640000000000     
   1750867.3307796577        2663.4753459393978        2.7455781698005424E+017  0.18410640000000000     
   1860243.7174884607        2712.4414104521275        2.6974401781686966E+017  0.18410640000000000     
   1982680.2505800971        3077.4927720576525        2.6501024847233421E+017  0.18410640000000000     
   2120262.8637542063        2448.9240638613701        2.6689391900853418E+017  0.18410640000000000     
   2273529.5619809912        2729.3161339014769        2.6879026906035046E+017  0.18410640000000000     
   2434879.1416408108        4574.9670235961676        2.6090697964261274E+017  0.18410640000000000     
   2597906.4823070290        4929.0445842295885        2.5324307358350931E+017  0.18410640000000000     
   2762570.0730758430        2651.0300411880016        2.5686596171722074E+017  0.18410640000000000     
   2926438.7412571171        2587.8080973625183        2.6053791644380858E+017  0.18410640000000000     
   3089495.6901730793        2620.2798386216164        2.6388445425994950E+017  0.18410640000000000     
   3251060.7389077316        2565.9501303881407        2.6727168783276138E+017  0.18410640000000000     
   3414101.6452565277        4048.7937076389790        2.6538525049522381E+017  0.18410640000000000     
   3583016.3478177842        4305.4864983260632        2.6351143177751635E+017  0.18410640000000000     
   3757400.3113159435        5221.6527605056763        2.5961597823336752E+017  0.18410640000000000     
   3937659.9264913863        5602.8915071487427        2.5577512405120986E+017  0.18410640000000000     
   4123859.2186492905        6709.6882351934910        2.5020505143058784E+017  0.18410640000000000     
   4316231.7527094930        7267.7470932304859        2.4475003726108406E+017  0.18410640000000000     
   4518300.3043570323        8110.6351485848427        2.3923564435021814E+017  0.18410640000000000     
   4734636.9638754930        8991.2085782885551        2.3383911335845978E+017  0.18410640000000000     
   4966092.5095490403        8679.4470581114292        2.3069049880588883E+017  0.18410640000000000     
   5213831.6193758501        9538.5033808350563        2.2758208539727718E+017  0.18410640000000000     
   5477729.0613098796        6806.7129305005074        2.2970447518030717E+017  0.18410640000000000     
   5756873.2749384884        7198.7588283121586        2.3184561119249277E+017  0.18410640000000000     
   6056203.0472725825        5846.9131055176258        2.3669095353232093E+017  0.18410640000000000     
   6379917.9040775215        6230.8302995860577        2.4163214051977466E+017  0.18410640000000000     
   6729047.7869067332        6090.9713131487370        2.4737388647752202E+017  0.18410640000000000     
   7104183.1065798635        6432.0168977677822        2.5324474153486803E+017  0.18410640000000000     
   7508197.2942727488        8699.8517681360245        2.5686680701804480E+017  0.18410640000000000     
   7943038.3288259394        9298.7282734811306        2.6053791646984429E+017  0.18410640000000000     
   8399483.5348532200        11382.989572495222        2.6202020275494976E+017  0.18410640000000000     
   8865955.5042314697        11692.094321191311        2.6351047616019296E+017  0.18410640000000000     
   9335382.4962254371        7477.1290612220764        2.6955225527703686E+017  0.18410640000000000     
   9807147.1243342552        7167.4309449195862        2.7572510863863648E+017  0.18410640000000000     
   10285228.038147178        8282.6426891684532        2.8064016917714182E+017  0.18410640000000000     
   10769454.954847664        8150.1930779218674        2.8563814914349021E+017  0.18410640000000000     
   11311255.201094296        11527.586324810982        2.8929006666002330E+017  0.18410640000000000     
   11962563.184373014        13752.183373272419        2.9298618143852506E+017  0.18410640000000000     
   12731550.980511084        15391.757734954357        2.9735375447726829E+017  0.18410640000000000     
   13630505.172473401        17902.212194859982        3.0178294958315552E+017  0.18410640000000000     
   14656513.164934084        8964.4362313747406        3.1566993245513210E+017  0.18410640000000000     
   15837901.705916632        10649.659816324711        3.3016069008595341E+017  0.18410640000000000     
   17181010.349634357        17587.543469369411        3.4001000840619674E+017  0.18410640000000000     
   18664846.206766337        19038.199808478355        3.5013714377450970E+017  0.18410640000000000     
   20305108.888963193        20284.169173598289        3.6080128897645274E+017  0.18410640000000000     
   22124216.777899548        22110.833328008652        3.7177249975714477E+017  0.18410640000000000     
   24148642.884471636        24772.630810379982        3.8252880774665037E+017  0.18410640000000000     
   26404230.294972476        26966.083709478378        3.9357932843392365E+017  0.18410640000000000     
   28997719.396297038        34686.619689941406        4.0296791333420979E+017  0.18410640000000000     
   32053073.067804098        40520.857067465782        4.1256826671706874E+017  0.18410640000000000     
   35634638.986107238        40129.979412436485        4.2649690980631238E+017  0.18410640000000000     
   39858289.797393329        46524.784421086311        4.4086992681017869E+017  0.18410640000000000     
   44817964.222828656        44386.370311498642        4.6074222576533075E+017  0.18410640000000000     
   50693680.649665579        50971.009133338928        4.8146038541386822E+017  0.18410640000000000     
   57456619.964689299        78639.503685951233        4.9046388483559744E+017  0.18410640000000000     
   64747830.021140620        81774.068356275558        4.9962658299752134E+017  0.18410640000000000     
   72450438.550225258        73140.038469314575        5.1314216720962387E+017  0.18410640000000000     
   80545739.612382159        72707.567249774933        5.2700327486404019E+017  0.18410640000000000     
   88950732.052809566        103932.99689149857        5.2809027390594336E+017  0.18410640000000000     
   97253741.104254454        101904.85513734818        5.2917939435726803E+017  0.18410640000000000     
   105168693.14391033        58040.723458766937        5.4308992746644070E+017  0.18410640000000000     
   112793923.62849516        51153.406798362732        5.5734601482843482E+017  0.18410640000000000     
   120143907.91082786        64124.940052509308        5.6536718655502304E+017  0.18410640000000000     
   127053922.05758183        56531.186489582062        5.7349751004302918E+017  0.18410640000000000     
   133578643.33719844        82644.246939182281        5.7194135951743123E+017  0.18410640000000000     
   139587256.98278946        77846.952847957611        5.7038920526592339E+017  0.18410640000000000     
   144989237.82523918        18212.354305267334        5.8452028828517990E+017  0.18410640000000000     
   150182596.74277174        13723.063194274902        5.9898219394731686E+017  0.18410640000000000     
   155318235.73606783        30790.125738143921        6.0798677033705485E+017  0.18410640000000000     
   160285138.92549601        27586.978740215302        6.1711932242238438E+017  0.18410640000000000     
   165034212.60953045        10732.849053859711        6.3020567305879936E+017  0.18410640000000000     
   169648225.92274731        8754.5306739807129        6.4355427285296218E+017  0.18410640000000000     
   174035256.74867350       -6173.9650049209595        6.5984581165011456E+017  0.18410640000000000     
   178194646.45645636       -11757.990550041199        6.7652698480296448E+017  0.18410640000000000     
   182394044.00666684        45375.896779060364        6.7651889190349094E+017  0.18410640000000000     
   186384897.98900402        42947.813956260681        6.7651079909561165E+017  0.18410640000000000     
   190335624.65781656        83835.462544441223        6.6475905335595648E+017  0.18410640000000000     
   194136796.83923304        85363.340927124023        6.5320061228824474E+017  0.18410640000000000     
   197370863.75180548       -48463.653393745422        6.6926717252826381E+017  0.18410640000000000     
   200557398.33632314       -49730.409636497498        6.8570708964953229E+017  0.18410640000000000     
   203939822.37815663        1728.0684890747070        6.9640825986549030E+017  0.18410640000000000     
   207454881.91621843        2801.5736608505249        7.0726727514242458E+017  0.18410640000000000     
   211506472.55477303        89876.810919761658        6.9406773151548749E+017  0.18410640000000000     
   215768522.93895578        95390.530732154846        6.8110145244842726E+017  0.18410640000000000     
   219356595.04375306        51803.487521171570        7.0869315745370778E+017  0.18410640000000000     
   222973231.04872429        57315.491717338562        7.3733987867589606E+017  0.18410640000000000     
   227551048.44597504        92831.819655418396        7.2409882483292634E+017  0.18410640000000000     
   232369940.20697001        98317.602848052979        7.1108290737198656E+017  0.18410640000000000     
   237069200.39818797        43351.491832733154        7.1299671486628288E+017  0.18410640000000000     
   241830213.40501565        43906.469053268433        7.1491539393751168E+017  0.18410640000000000     
   246223897.46751791        48930.927133560181        7.3932521795976384E+017  0.18410640000000000     
   250664578.90493083        52102.984999656677        7.6452191868888653E+017  0.18410640000000000     
   255757926.36222565        52219.859965324402        7.6400618582535437E+017  0.18410640000000000     
   260992895.61719340        53513.044024467468        7.6349078202881011E+017  0.18410640000000000     
   266074934.24372944        6203.6977777481079        7.7586072701159744E+017  0.18410640000000000     
   271171117.62676221        5533.6036300659180        7.8842005873526848E+017  0.18410640000000000     
   276324427.42667222        13022.507506370544        7.9849109931983386E+017  0.18410640000000000     
   281447313.45278430        12928.001819610596        8.0868372119170560E+017  0.18410640000000000     
   287210904.06340981        177228.96923637390        7.7586296786438566E+017  0.18410640000000000     
   293095465.95641279        190838.43162250519        7.4430484530999219E+017  0.18410640000000000     
   297506085.46272850        119376.96645832062        7.7742763184849280E+017  0.18410640000000000     
   301457838.03488052        120236.34637355804        8.1194119463177062E+017  0.18410640000000000     
   306186806.56698120        92657.665536880493        7.9956253171204480E+017  0.18410640000000000     
   310747699.10536873        93527.761950492859        7.8736250108912602E+017  0.18410640000000000     
   314363286.08223426        60434.158467292786        8.0814796445067392E+017  0.18410640000000000     
   317569661.09616488        60977.548469543457        8.2945162402781120E+017  0.18410640000000000     
   321395077.94757134        138890.52224063873        8.0384625328627366E+017  0.18410640000000000     
   325138633.40738225        145073.13660907745        7.7898969770842598E+017  0.18410640000000000     
   327907171.87377554       -117289.67614841461        7.9477371765111744E+017  0.18410640000000000     
   330311667.35743058       -121541.04384994507        8.1085987840333555E+017  0.18410640000000000     
   332419969.35937226       -202833.32934951782        8.3333614363865472E+017  0.18410640000000000     
   334420500.74531090       -209720.39915275574        8.5640070948813325E+017  0.18410640000000000     
   336779276.30823421        7016.1249942779541        8.6154760565611302E+017  0.18410640000000000     
   339113149.93827856        6583.4112796783447        8.6672374293495552E+017  0.18410640000000000     
   341396214.72990644        16505.657223701477        8.6903400385062093E+017  0.18410640000000000     
   343582373.09394413        15878.751063346863        8.7135008712396941E+017  0.18410640000000000     
   345645847.36560953        10598.118139266968        8.7483209082513741E+017  0.18410640000000000     
   347585501.85589981        9673.6315689086914        8.7832724938348890E+017  0.18410640000000000     
   349348386.99631637       -12699.552768707275        8.8535599585716966E+017  0.18410640000000000     
   350984786.04682153       -15960.103324890137        8.9243790609811123E+017  0.18410640000000000     
   352812178.61265564        51816.516735076904        8.8417915018299456E+017  0.18410640000000000     
   354674508.32766962        52477.271034240723        8.7599270077959296E+017  0.18410640000000000     
   356323090.05380028        9376.0276622772217        8.7891568069033024E+017  0.18410640000000000     
   357852463.97303396        8747.9087448120117        8.8184788182196877E+017  0.18410640000000000     
   359262882.69365126        12837.218784332275        8.8889976805126938E+017  0.18410640000000000     
   360616949.10669971        11186.668359756470        8.9600495483255949E+017  0.18410640000000000     
   362305105.99894691        79415.827154159546        8.8066449937405030E+017  0.18410640000000000     
   364105357.79333961        82365.401859283447        8.6557263256447014E+017  0.18410640000000000     
   364909985.20155758        178369.40667915344        8.9541312356416947E+017  0.18410640000000000     
   365448618.21812481        186377.58829498291        9.2622456113889984E+017  0.18410640000000000     
   366801074.13564807        39419.265607833862        9.2010318697656947E+017  0.18410640000000000     
   368259811.97763532        40467.995403289795        9.1402007872809216E+017  0.18410640000000000     
   369523716.23924500       -8006.5762367248535        9.1949534096458534E+017  0.18410640000000000     
   370694786.33053476       -10500.053005218506        9.2500160520089203E+017  0.18410640000000000     
   372092404.03166169        53711.465801239014        9.1523570690968243E+017  0.18410640000000000     
   373540463.72402799        55023.270227432251        9.0556735587578368E+017  0.18410640000000000     
   374589607.03710473        51620.392787933350        9.1583943377193139E+017  0.18410640000000000     
   375482545.32560134        50523.910383224487        9.2622161764404019E+017  0.18410640000000000     
   376375645.36664224        47278.150629043579        9.3608827482267315E+017  0.18410640000000000     
   377285048.74672711        38585.781425476074        9.4605425293928806E+017  0.18410640000000000     
   378392710.40494037        8505.8777866363525        9.4793393833041434E+017  0.18410640000000000     
   379539379.90866768        10817.902593612671        9.4981715439432102E+017  0.18410640000000000     
   380755587.17788041        17886.111402511597        9.4919046254850406E+017  0.18410640000000000     
   381999961.38133693        18408.052175521851        9.4856416167084083E+017  0.18410640000000000     
   383434087.71816581        65821.994037628174        9.3546866534673088E+017  0.18410640000000000     
   384929349.00248456        67735.705287933350        9.2254423835972288E+017  0.18410640000000000     
   386034114.13082325       -6485.4127540588379        9.3113386110102029E+017  0.18410640000000000     
   386951695.60964769       -10266.294719696045        9.3979906474119565E+017  0.18410640000000000     
   388212365.51378399        61258.837942123413        9.2805399746862797E+017  0.18410640000000000     
   389547288.65437019        62947.997482299805        9.1644781180641907E+017  0.18410640000000000     
   390470847.73580188        42635.725124359131        9.2560504679887206E+017  0.18410640000000000     
   391237015.60946000        45337.913484573364        9.3484875039867110E+017  0.18410640000000000     
   392490997.89849484        84678.682725906372        9.1766269889476774E+017  0.18410640000000000     
   393885835.15490866        88045.571666717529        9.0077568643571674E+017  0.18410640000000000     
   394815856.25910318       -63726.837415695190        9.0857835268938419E+017  0.18410640000000000     
   395528089.62762290       -68201.825572967529        9.1644489718458202E+017  0.18410640000000000     
   396501071.43722826        24336.385913848877        9.1401881889424461E+017  0.18410640000000000     
   397516207.98577845        24655.170257568359        9.1159881425716237E+017  0.18410640000000000     
   398490744.09558058        13579.203863143921        9.1220230368702259E+017  0.18410640000000000     
   399464347.40716374        11987.719774246216        9.1280617087545856E+017  0.18410640000000000     
   400492401.98515952        20010.776935577393        9.1159523755998182E+017  0.18410640000000000     
   401546704.34672081        17345.226015090942        9.1038582331953984E+017  0.18410640000000000     
   402639481.41453755        25303.338274002075        9.0797395246335014E+017  0.18410640000000000     
   403687334.35605967        25191.812633514404        9.0556812429673472E+017  0.18410640000000000     
   404937069.76291323        82786.638650894165        8.9066604109371046E+017  0.18410640000000000     
   406232630.04895771        85343.781007766724        8.7599605227468224E+017  0.18410640000000000     
   407141629.03534168        11127.970590591431        8.7774348099671962E+017  0.18410640000000000     
   407880627.38965738        8736.3173542022705        8.7949420573740659E+017  0.18410640000000000     
   408969119.84306467        77846.375711441040        8.6672337420801331E+017  0.18410640000000000     
   410294990.91981661        81822.670068740845        8.5412803986901504E+017  0.18410640000000000     
   411687453.15526974        57415.861915588379        8.4676757416013222E+017  0.18410640000000000     
   413237074.09180635        60439.917045593262        8.3946711913488154E+017  0.18410640000000000     
   415095840.01848400        85649.304389953613        8.2835073822840870E+017  0.18410640000000000     
   417239063.66171062        90252.676830291748        8.1737366934034560E+017  0.18410640000000000     
   419597775.12177587        94395.336242675781        8.0653607676674240E+017  0.18410640000000000     
   422130765.49737579        97533.649278640747        7.9583448114424205E+017  0.18410640000000000     
   424774712.74192894        80044.321313858032        7.8842241822389427E+017  0.18410640000000000     
   427572653.79982805        84164.314210891724        7.8107567769233434E+017  0.18410640000000000     
   430649174.21477795        102506.46413230896        7.7172332916312845E+017  0.18410640000000000     
   433950813.46682936        107368.09298896790        7.6247696267598131E+017  0.18410640000000000     
   437644296.41780007        136722.46005439758        7.5031288275428966E+017  0.18410640000000000     
   441786346.14186496        146225.63355827332        7.3833251117269517E+017  0.18410640000000000     
   446616454.98935670        190364.39017486572        7.2264278482014899E+017  0.18410640000000000     
   452371243.33428794        208887.74544715881        7.0726879616412480E+017  0.18410640000000000     
   458640525.26239622        153287.79808616638        6.9969644640653747E+017  0.18410640000000000     
   465503623.97534740        164337.79078102112        6.9220083252336166E+017  0.18410640000000000     
   472979193.21590072        160679.46480369568        6.8616440798689331E+017  0.18410640000000000     
   481058300.57957828        167949.58388710022        6.8017780466936448E+017  0.18410640000000000     
   490031951.61573553        257161.61210632324        6.6745991800299597E+017  0.18410640000000000     
   499718950.79332566        276673.46886062622        6.5496722106640858E+017  0.18410640000000000     
   509873391.86660618        213118.36859893799        6.4924122890966733E+017  0.18410640000000000     
   520647953.65682757        225593.92967987061        6.4356261819532826E+017  0.18410640000000000     
   531600461.52567220        180494.17400169373        6.4139200312462515E+017  0.18410640000000000     
   542342384.41593266        177946.72216033936        6.3922831565740518E+017  0.18410640000000000     
   552881798.91638756        236071.57972526550        6.3277470980843725E+017  0.18410640000000000     
   563008876.94007576        234236.23645401001        6.2638278107169267E+017  0.18410640000000000     
   572283366.60471487        126920.93664360046        6.2680664924970304E+017  0.18410640000000000     
   580800511.13199973        115686.33766365051        6.2723078879088858E+017  0.18410640000000000     
   589543192.35824299        351615.67984771729        6.1295340236184781E+017  0.18410640000000000     
   598437364.55945551        369969.85918807983        5.9898388347452211E+017  0.18410640000000000     
   606322393.78181636        27562.245939254761        6.0470059960349939E+017  0.18410640000000000     
   613759802.11342680        21039.941082000732        6.1046891276368576E+017  0.18410640000000000     
   624190646.72880995        1345679.7074279785        5.5167030303144589E+017  0.18410640000000000     
   635965811.06515145        1581420.8486022949        4.9825902229481792E+017  0.18410640000000000     
   642765431.41540194       -78989.977663040161        5.2450046325026259E+017  0.18410640000000000     
   647935940.01126397       -96654.105026245117        5.5204617336693235E+017  0.18410640000000000     
   656532476.35899806        231653.15484046936        5.4866989029264147E+017  0.18410640000000000     
   665712300.77856135        235721.32086944580        5.4531315424241658E+017  0.18410640000000000     
   673648880.50438070       -45908.426942825317        5.6152917456263763E+017  0.18410640000000000     
   681863461.03851545       -60363.343877792358        5.7820078153420941E+017  0.18410640000000000     
   691974416.31857443        209674.37681388855        5.7623691731741344E+017  0.18410640000000000     
   702393656.93922293        215810.19952392578        5.7427936595688563E+017  0.18410640000000000     
   712800956.53833449        155740.35036468506        5.7506123005217965E+017  0.18410640000000000     
   723253432.33159792        140900.23994827271        5.7584410134720621E+017  0.18410640000000000     
   734061885.48696876        188020.44611358643        5.7545329044259846E+017  0.18410640000000000     
   745014136.63193846        190478.62764358521        5.7506273052285587E+017  0.18410640000000000     
   756775659.40173793        467697.86443328857        5.6420979490425485E+017  0.18410640000000000     
   769107331.60268307        494926.10123062134        5.5355087505447520E+017  0.18410640000000000     
   781602920.00331426        430847.96406555176        5.4605919778142406E+017  0.18410640000000000     
   794339117.21079302        447286.58598709106        5.3866353912917702E+017  0.18410640000000000     
   806191104.90667558       -6053.9719886779785        5.4643228370548685E+017  0.18410640000000000     
   818071132.97618854       -43409.093116760254        5.5430697504215590E+017  0.18410640000000000     
   831289074.95690298        417211.39641571045        5.4792154674523520E+017  0.18410640000000000     
   844548138.16906786        427140.08887100220        5.4160577079151168E+017  0.18410640000000000     
   857111920.95113921        224909.00682830811        5.4160559357542912E+017  0.18410640000000000     
   869139399.98170948        215809.62002944946        5.4160541635940448E+017  0.18410640000000000     
   881320356.55037415        472910.78701400757        5.3389868183860627E+017  0.18410640000000000     
   893396392.59797192        486479.99420166016        5.2629580624757933E+017  0.18410640000000000     
   905519510.49393725        574440.64508819580        5.1702395732629434E+017  0.18410640000000000     
   917953406.51589215        600386.66415405273        5.0790684377541626E+017  0.18410640000000000     
   930510632.14059222        537117.70608520508        5.0099736638676710E+017  0.18410640000000000     
   943305750.44449711        555043.78345870972        4.9417691574138208E+017  0.18410640000000000     
   956330009.84254313        543609.45405960083        4.8811418398732122E+017  0.18410640000000000     
   969630378.68951344        563005.00350189209        4.8212189794151565E+017  0.18410640000000000     
   982988090.30106449        603120.77407836914        4.7554562500529926E+017  0.18410640000000000     
   995964473.79690075        611400.99551010132        4.6905431949329926E+017  0.18410640000000000     
   1008135143.3367877        388012.58021926880        4.6680239311802387E+017  0.18410640000000000     
   1019616019.6298732        377689.40652465820        4.6456070300875558E+017  0.18410640000000000     
   1031325756.0828569        813317.55073928833        4.5475362786817139E+017  0.18410640000000000     
   1042877485.1477721        840996.88335037231        4.4514274846865850E+017  0.18410640000000000     
