 HOM20_NO7                Loss by CS     Actual loss   Csat   molar mass
   0.0000000000000000        0.0000000000000000        595379035803.71191       0.39700000000000002     
   8.7919293137946201E-011   0.0000000000000000        595376670876.27917       0.39700000000000002     
   53340059.206511758        52596005.754768848        595374305918.52185       0.39700000000000002     
   100728180.63730897        99292416.960760117        592302166888.44446       0.39700000000000002     
   146234520.41521201        144384379.91896439        589245315994.15942       0.39700000000000002     
   215791454.33473530        212986766.78341866        602197450616.29968       0.39700000000000002     
   333381413.10786462        328539832.71406937        615423883942.74939       0.39700000000000002     
   406291577.59231007        400230894.35129929        630226967976.65320       0.39700000000000002     
   473976943.19749117        467202203.56507492        645373073588.96594       0.39700000000000002     
   557396404.34240806        549212286.85550690        630225406540.64099       0.39700000000000002     
   598603556.82883930        590678328.06187439        615420831748.69385       0.39700000000000002     
   705791220.24584579        696177430.57420349        617332752110.40857       0.39700000000000002     
   809990289.73296773        798691869.05335999        619250398977.60303       0.39700000000000002     
   911182266.90934443        898199832.33770752        619889353315.42285       0.39700000000000002     
   1008037396.5363512        993390588.64768982        620528943235.76868       0.39700000000000002     
   1102855788.7074671        1086597180.1010742        600330154482.05579       0.39700000000000002     
   1201720622.2398801        1183787517.8501892        580766074949.99792       0.39700000000000002     
   1300844869.7573860        1281115441.1433411        586811959508.81213       0.39700000000000002     
   1390422030.0456405        1368982622.9610748        592918509982.65051       0.39700000000000002     
   1469734039.5671508        1446684410.7630310        599087501119.20874       0.39700000000000002     
   1538330682.8728900        1513780474.0869293        605318358084.36572       0.39700000000000002     
   1597878721.7969151        1571948937.3814545        607829282662.68762       0.39700000000000002     
   1650791206.7539558        1623550833.9456787        610350248638.56262       0.39700000000000002     
   1698856414.8248706        1670443928.0178528        603443328294.73853       0.39700000000000002     
   1745460339.7922020        1715896005.2817688        596611803184.98059       0.39700000000000002     
   1787393527.4052882        1756526590.3298187        608456971278.03149       0.39700000000000002     
   1817717484.9010620        1785672405.6245270        620528738124.94873       0.39700000000000002     
   1837799192.1569200        1804658263.1528778        634796782992.55725       0.39700000000000002     
   1849273794.7486808        1815122697.3486633        649380890119.47534       0.39700000000000002     
   1854629341.5311117        1819564268.2762756        661553424908.66052       0.39700000000000002     
   1856356294.7724090        1820405824.5496216        673945807223.67920       0.39700000000000002     
   1866560058.7965128        1830094041.2788544        657472865289.93518       0.39700000000000002     
   1908108147.8859010        1870719782.4741821        641388476527.63879       0.39700000000000002     
   1974595533.5671582        1935903661.4169006        628276139970.92041       0.39700000000000002     
   2057352094.9636223        2017133179.9050598        615422459665.94690       0.39700000000000002     
   2190649974.0838327        2147971112.6224365        613515432873.49805       0.39700000000000002     
   2443372165.3451614        2396533783.1468201        611614104721.86853       0.39700000000000002     
   2801105668.2582626        2748302859.6138000        620530379051.86694       0.39700000000000002     
   3234826430.2548246        3174837083.9809570        629571918661.87720       0.39700000000000002     
   3720566244.3143678        3653303551.1563416        607828578873.63074       0.39700000000000002     
   4258913550.1164412        4183510993.5776978        586810210533.25159       0.39700000000000002     
   4821353578.4982882        4736959444.5872803        578359785888.30420       0.39700000000000002     
   5373117671.2528324        5279699657.6951904        570026762731.49170       0.39700000000000002     
   5903873988.1441927        5801075858.2262573        574774465138.72998       0.39700000000000002     
   6411442345.6531658        6299358531.8216553        579560285891.29382       0.39700000000000002     
   6898418582.8216820        6777368315.0136108        578360360843.63940       0.39700000000000002     
   7373484987.5042362        7243446667.0050659        577162831436.93494       0.39700000000000002     
   7836690368.5436544        7697757873.1953125        573583525855.99036       0.39700000000000002     
   8289788831.1093178        8141934509.6920166        570025628843.92773       0.39700000000000002     
   8750683193.8379688        8594629255.5396729        547988336012.01294       0.39700000000000002     
   9265332397.2231827        9100167352.2066650        526773720562.28583       0.39700000000000002     
   9829889793.9352818        9654301195.0550537        513252819030.13739       0.39700000000000002     
   10428853113.074244        10242125123.655762        500066891027.81543       0.39700000000000002     
   11043387514.051332        10843831574.421143        505300706117.99969       0.39700000000000002     
   11634901661.258419        11422539224.602661        510587326544.35602       0.39700000000000002     
   12244134341.785658        12020374050.822144        488726426361.26062       0.39700000000000002     
   12907661426.544569        12671374714.245605        467769531035.36279       0.39700000000000002     
   13532010100.611141        13281102646.080444        477639672686.11987       0.39700000000000002     
   13998820934.749977        13735425088.829712        487710508437.49438       0.39700000000000002     
   14320682096.540756        14046883679.976440        496947183807.33490       0.39700000000000002     
   14517155086.525539        14234752048.352173        506352440788.96259       0.39700000000000002     
   14624727095.231848        14336406196.226318        501107451176.41290       0.39700000000000002     
   14694427534.596243        14400752207.297852        495914873293.66162       0.39700000000000002     
   14741291263.677979        14443166425.825195        485175651737.09924       0.39700000000000002     
   14778211816.226519        14475765394.805420        474660877908.66907       0.39700000000000002     
   14806751965.071230        14500569800.032959        459543781458.26135       0.39700000000000002     
   14830328201.420336        14520417935.018433        444891525684.03058       0.39700000000000002     
   14880616497.500618        14566456723.840942        430235052850.80487       0.39700000000000002     
   15028086055.979965        14707740869.412109        416044800306.45453       0.39700000000000002     
   15241629394.935390        14913055655.742432        407836103626.71704       0.39700000000000002     
   15488208639.728237        15150514739.193726        399783723392.71619       0.39700000000000002     
   15661716492.043688        15314633607.064941        405276238421.72479       0.39700000000000002     
   15640867924.128771        15288088137.564941        410841497918.13226       0.39700000000000002     
   15432668617.174702        15077199836.751831        423524788649.63489       0.39700000000000002     
   15020996961.007263        14667138477.018555        436585299585.83722       0.39700000000000002     
   14525179020.882357        14174753753.755371        451920269369.10004       0.39700000000000002     
   14017990610.096609        13671592782.305542        467774059988.97357       0.39700000000000002     
   13553725323.143864        13211518434.060791        477641983294.02649       0.39700000000000002     
   13155405740.477076        12816297372.048096        487710508509.14032       0.39700000000000002     
   12804260002.147144        12468202482.817505        491794881115.93958       0.39700000000000002     
   12447689652.166803        12115072764.289795        495912229579.48395       0.39700000000000002     
   12032002722.824818        11703049755.169678        512716533520.40399       0.39700000000000002     
   11539489497.108643        11216272147.297302        530069288747.49933       0.39700000000000002     
   11004492486.187555        10688746574.733521        544017658077.38348       0.39700000000000002     
   10449067934.220947        10141588919.926270        558319629507.23462       0.39700000000000002     
   9895845583.9320450        9597408718.4737549        568844556403.04297       0.39700000000000002     
   9404448528.2503166        9113948367.4275513        579560670015.18494       0.39700000000000002     
   8996584637.5552559        8712115705.1982422        592305696570.87427       0.39700000000000002     
   8661699687.5424728        8381746767.4266968        605320760877.26599       0.39700000000000002     
   8338090619.7575941        8059143222.6077271        646708489285.62451       0.39700000000000002     
   7989269121.1037006        7711719112.1044312        690818031383.38623       0.39700000000000002     
   7666932207.8170490        7391924624.0160522        721325710276.57458       0.39700000000000002     
   7390042488.7122641        7116405580.3238525        753130252242.11938       0.39700000000000002     
   7112201883.8578596        6839764543.1362915        787092083018.13452       0.39700000000000002     
   6809107907.9212103        6538379032.6105347        822527957014.35071       0.39700000000000002     
   6474696208.7081013        6206562535.4134521        857750651189.14160       0.39700000000000002     
   6108972216.2073078        5844115318.9188843        894425126549.85986       0.39700000000000002     
   5721127613.8532782        5460912594.1189575        925967370509.69006       0.39700000000000002     
   5324285971.9856777        5068908941.9192810        958580496318.51331       0.39700000000000002     
   4910636799.0692940        4658469702.7846985        1006534179540.6611       0.39700000000000002     
   4479299773.8498096        4230510311.5537415        1056795994350.6761       0.39700000000000002     
   4028719083.8092709        3780917595.1397095        1127565369423.0217       0.39700000000000002     
   3564791091.4181356        3317639835.6139832        1202891398625.2456       0.39700000000000002     
   3113234469.1337733        2872631025.4680786        1236108190541.7864       0.39700000000000002     
   2672569414.2875967        2438288695.5563660        1270208101553.1553       0.39700000000000002     
   2231758937.0975714        2001457062.2954559        1321046293443.7119       0.39700000000000002     
   1798631101.5963869        1571916374.1280365        1373842522907.8240       0.39700000000000002     
   1428675433.2239847        1211283522.5270081        1378010763117.4321       0.39700000000000002     
   1152997868.3214993        942744394.73783112        1382191188427.0151       0.39700000000000002     
   952675385.99221015        740378990.59459686        1435939362042.5630       0.39700000000000002     
   825832970.34110022        609391266.22329330        1491698787899.3066       0.39700000000000002     
   737701313.01296210        519841331.21614456        1523369148006.5474       0.39700000000000002     
   669471399.71803999        449713430.01439667        1555686935178.5698       0.39700000000000002     
   612442602.97997928        396258282.08103180        1549484497393.6838       0.39700000000000002     
   561713943.04186344        349086401.79010010        1543305892122.6814       0.39700000000000002     
   515496493.77238661        296974022.72270203        1599847234347.0586       0.39700000000000002     
   475693012.48881227        245399274.09854889        1658381950507.2896       0.39700000000000002     
   445760653.10205448        202651082.41534233        1695166460803.9211       0.39700000000000002     
   428362124.11981100        197323038.01719284        1732736501837.5386       0.39700000000000002     
   425453458.70995700        188228503.61133385        1787029015077.1765       0.39700000000000002     
   419625771.20823097        176110199.72320557        1842958738592.5613       0.39700000000000002     
   430825461.40937442        178799807.29489326        1911961896554.1619       0.39700000000000002     
   431276071.59887701        170734318.86710167        1983450829682.6794       0.39700000000000002     
   429248506.69248557        170475260.05838776        1983415943532.3560       0.39700000000000002     
   451971380.17940998        194420110.66332245        1983381057973.2314       0.39700000000000002     
   400848619.05734891        153308134.30362320        1932930784890.7771       0.39700000000000002     
   393280480.44387764        154468319.82145882        1883718035871.9355       0.39700000000000002     
   390336627.60776711        143876611.41956711        1952234951761.1782       0.39700000000000002     
   406991784.43532240        151861346.00254440        2023149758504.0203       0.39700000000000002     
   406711187.21762425        146619791.36989975        2069743026345.3469       0.39700000000000002     
   403996842.40536559        138895512.28405380        2117369198911.6360       0.39700000000000002     
   376552216.49219990       -1352310491.9033241        2059523298476.9521       0.39700000000000002     
   360728983.71794814       -1314081968.3931007        2003201426418.4768       0.39700000000000002     
   428224031.70540774        165946436.76444244        2123648637090.3132       0.39700000000000002     
   418544632.63673300        140725600.02312088        2251057589848.3921       0.39700000000000002     
   452937303.37388504        183268918.45157814        2191871595074.9434       0.39700000000000002     
   388447886.62935603        129326550.61738586        2134186183511.0442       0.39700000000000002     
   440913832.98369789        180690020.21979332        2142637100646.9932       0.39700000000000002     
   462036622.97486019        201303476.99050331        2151120251390.2573       0.39700000000000002     
   399569022.48542488        127384413.93266869        2259975248876.2480       0.39700000000000002     
   543576892.75427854        253960470.62663651        2374127012153.6719       0.39700000000000002     
   404075909.44198734        118828428.44568634        2371772527978.6616       0.39700000000000002     
   405436154.86159909        122140706.57752991        2369420293213.2764       0.39700000000000002     
   412039197.67817557        122460465.39300919        2426080696641.3354       0.39700000000000002     
   448210839.08421606        151393440.10342789        2484045153444.9312       0.39700000000000002     
   541098046.23717976        237037245.37013626        2530840817989.8120       0.39700000000000002     
   424057417.05257529       -98009852.983041763        2578485067852.6724       0.39700000000000002     
   452867735.45988941        166454892.57711792        2426090999612.0981       0.39700000000000002     
   411709243.16212565        145756542.99002838        2282392094159.3433       0.39700000000000002     
   444210812.17927569        159945116.33454514        2433288413588.9727       0.39700000000000002     
   471007716.30722708        166974358.93981552        2593771616956.1294       0.39700000000000002     
   465157412.86277187        169465286.32192230        2535835718279.5991       0.39700000000000002     
   529339385.40275514        240226681.85809326        2479147391084.4077       0.39700000000000002     
   555936711.12751114        255391064.15724182        2575973659459.6650       0.39700000000000002     
   423586429.41147602        115008331.74399948        2676437426176.6509       0.39700000000000002     
   526942454.41346395        231523863.01728058        2555837418897.4971       0.39700000000000002     
   393244605.69731128        116599870.52436638        2440480679490.2671       0.39700000000000002     
   436738753.97262424        151434253.67929268        2513535255216.6011       0.39700000000000002     
   483539385.52148485        188909582.53980637        2588694050438.2231       0.39700000000000002     
   424684532.83937705        119669543.80748940        2694888231099.7070       0.39700000000000002     
   656424271.87348890        333126488.79889679        2805272217198.7056       0.39700000000000002     
   469010581.71153718        148494506.35741997        2830097472702.7793       0.39700000000000002     
   510124996.93370402        186656102.24897003        2855134261690.1621       0.39700000000000002     
   560871577.00550151        235886081.74731827        2866331669104.9712       0.39700000000000002     
   588069939.47834814        262179291.63999939        2877571368000.3999       0.39700000000000002     
   440668108.34144878        117664068.26822090        2894495621152.0522       0.39700000000000002     
   470095366.61853755        145445598.45725632        2911515726547.5166       0.39700000000000002     
   578022544.98211122        247675309.96563721        2945839602788.7520       0.39700000000000002     
   439232900.84492117       -7925587010.9744701        2980553046133.5571       0.39700000000000002     
   477847195.84813225        152844717.71788788        2940083675272.5366       0.39700000000000002     
   578983415.56853032        257199605.75519943        2900143811897.8242       0.39700000000000002     
   433785491.44328535        115216757.29544449        2914384305115.0986       0.39700000000000002     
   536557824.55899644        214732344.43664932        2928692135730.8105       0.39700000000000002     
   497774204.08016860        173919824.23411560        2963193862310.3687       0.39700000000000002     
   457369434.24163908        131437940.31393623        2998086894189.6196       0.39700000000000002     
   545224321.18238676        226606640.07535934        2922915059346.1255       0.39700000000000002     
   414457918.77823734        108679122.06598473        2849560281325.5938       0.39700000000000002     
   454595191.89841998        132094249.01651764        2995175467040.4326       0.39700000000000002     
   482774714.56636155        142751513.57607651        3147944089079.0991       0.39700000000000002     
   504959680.35823494        168682064.39885330        3117399946965.0405       0.39700000000000002     
   569330135.26051402        235786780.39312744        3087141340995.2490       0.39700000000000002     
   827521916.69244504        485155491.33258438        3114372152262.9189       0.39700000000000002     
   551089739.37724519        213616286.15151978        3141834224427.2544       0.39700000000000002     
   711751636.52706647        376455218.02670670        3093180565034.4673       0.39700000000000002     
   495448048.04042125        172097475.07102585        3045252976213.8330       0.39700000000000002     
   542500822.38979113        213114225.21480179        3096181275441.8408       0.39700000000000002     
   667593913.13689375        329910910.17930222        3147929378873.7832       0.39700000000000002     
   481072554.14122999        143372047.98253632        3197361643110.2798       0.39700000000000002     
   544658169.03211403        200420671.73270798        3247541073409.7402       0.39700000000000002     
   478389233.11816013        135512048.94930267        3257033427128.6562       0.39700000000000002     
   527318724.90544826        182885817.63275909        3266552499051.7563       0.39700000000000002     
   717727229.73250043        369538052.06262589        3263383779411.9438       0.39700000000000002     
   506960841.64939880        165340593.99927521        3260218020234.0703       0.39700000000000002     
   488352959.46911836        155255096.18268967        3194250131205.9102       0.39700000000000002     
   572615121.83375061        245320959.57032013        3129568760606.1597       0.39700000000000002     
   434819011.28700346        107168575.29946518        3172509057836.4292       0.39700000000000002     
   724223639.85596597        384931059.15674591        3216016508863.0366       0.39700000000000002     
   502829187.80346268        176368719.58520508        3157091007951.2798       0.39700000000000002     
   486570707.97776395        167587411.76652908        3099206045559.7510       0.39700000000000002     
   751730085.82885122        421613737.78545761        3144848532343.4556       0.39700000000000002     
   512262648.73334563        183869690.66357040        3191138055874.1313       0.39700000000000002     
   416913569.62494999        100824907.86768341        3105249121562.8159       0.39700000000000002     
   448496756.17430180        141358741.89759827        3021588840894.2881       0.39700000000000002     
   619706199.06665635        304619767.25141907        3060153282625.8828       0.39700000000000002     
   447711239.20443332        133310939.74118042        3099191552215.8398       0.39700000000000002     
   552248617.32895029        236930604.35893250        3087135084117.9531       0.39700000000000002     
   418093793.98812425        108041961.30261993        3075123795101.4150       0.39700000000000002     
   411601417.81028116        101869376.63808441        3078117711231.6919       0.39700000000000002     
   493889858.10729742        182172499.41788483        3081114434677.4224       0.39700000000000002     
   439447211.46640348        130226773.54460907        3075106053856.6880       0.39700000000000002     
   532840063.68012357        222271165.81254578        3069108958588.1299       0.39700000000000002     
   408126797.08702511        102467807.79280853        3057160462983.4487       0.39700000000000002     
   405786491.50529510        101848792.91141510        3045256775873.5283       0.39700000000000002     
   480126530.90959668        182460218.90978622        2971855679381.0908       0.39700000000000002     
   377413969.80032349       -3859031022.5295315        2900160127289.3286       0.39700000000000002     
   380225675.73957181        84764321.463655472        2908670773141.1929       0.39700000000000002     
   430875492.14619648        141439249.59115601        2917205472390.6147       0.39700000000000002     
   485082167.45026892        201060430.08603287        2855132475658.7734       0.39700000000000002     
   375131570.06565678        100717974.89451218        2794332651170.9697       0.39700000000000002     
   416124583.87536997        144701533.74312782        2758996890648.7500       0.39700000000000002     
   397916663.62341273        130892203.30664635        2724091727540.1968       0.39700000000000002     
   453574144.16004372        190864622.43795776        2671215789712.4985       0.39700000000000002     
   360777296.52603537        106165711.05016327        2619329164107.4541       0.39700000000000002     
   348211087.52122527        99457289.980102539        2568422514782.1675       0.39700000000000002     
   326002211.50872082        83227724.003658295        2518469562076.8281       0.39700000000000002     
   328439766.70071477        89342561.135730743        2484056084170.3115       0.39700000000000002     
   320390238.81502026        85140178.666084290        2450095805894.1465       0.39700000000000002     
   323847391.47407162        93087834.236396790        2407081714674.8110       0.39700000000000002     
   333640055.73738223        107098653.97746849        2364795536282.4087       0.39700000000000002     
   347848298.03787178        126724589.37371063        2309532615842.3296       0.39700000000000002     
   366112351.39671445        150146984.07650757        2255514841990.2314       0.39700000000000002     
   388806438.06729978        179483608.35443497        2185394123699.8340       0.39700000000000002     
   418999574.56566638        215884400.31372452        2117375894162.4990       0.39700000000000002     
   456634618.46756643        255995401.12843132        2084127945541.8896       0.39700000000000002     
   499949630.59676850        301470054.39757156        2051383250800.5732       0.39700000000000002     
   547764440.26798368        350660680.98733521        2025133985166.5095       0.39700000000000002     
   599300395.26669669        403405051.61167145        1999208465524.1060       0.39700000000000002     
   654457481.36032748        462548455.80479431        1944488755603.1519       0.39700000000000002     
   713357098.84572697        525188793.20841980        1891213459302.8730       0.39700000000000002     
   774436929.26347733        587052151.16045761        1866953683938.1204       0.39700000000000002     
   836488261.52947319        649752061.14898300        1842993877221.0234       0.39700000000000002     
   898841672.79271734        711266289.97745895        1833861584456.1875       0.39700000000000002     
   960156690.09688389        771742043.25162125        1824772898933.0442       0.39700000000000002     
   1020804279.8108013        833317615.99014282        1797750191847.5994       0.39700000000000002     
   1080577969.2948909        894027600.91220856        1771113260052.4050       0.39700000000000002     
   1135394530.5929799        947098862.03617859        1772875693371.8870       0.39700000000000002     
   1182905195.6497223        993011004.19413757        1774639816423.4714       0.39700000000000002     
   1230241814.5012569        1044732248.2656631        1715565802512.2654       0.39700000000000002     
   1282064274.4993610        1100694290.7893829        1658388828124.0420       0.39700000000000002     
   1326523037.7841556        1141596390.9627457        1681712240457.4536       0.39700000000000002     
   1358225421.3388100        1169927042.4749451        1705351550264.1204       0.39700000000000002     
   1410767886.3133123        1243775620.2897339        1469418138120.8481       0.39700000000000002     
   1502359856.4589500        1352486238.8707352        1265099755916.4556       0.39700000000000002     
   1557639127.5308814        1396961630.6605835        1364260542131.8418       0.39700000000000002     
   1540293045.2988269        1369638039.6541290        1470890339560.7959       0.39700000000000002     
   1514416429.1846836        1345599053.7029343        1457683112152.6846       0.39700000000000002     
   1502007401.2473269        1334692660.5963593        1444590198661.8755       0.39700000000000002     
   1485075023.4513564        1311977230.8967514        1508188785748.3926       0.39700000000000002     
   1457652768.6471567        1278735092.0095596        1574481149282.6760       0.39700000000000002     
   1436388205.9861298        1258697663.1550369        1566624791078.1045       0.39700000000000002     
   1425325665.2630553        1248613137.1573563        1558806214122.1482       0.39700000000000002     
   1417396789.0344377        1240522159.0237198        1561927524466.7334       0.39700000000000002     
   1409110927.3979833        1232050571.4857864        1565054856886.9324       0.39700000000000002     
   1401025423.2718139        1224250913.4173965        1563493436114.9011       0.39700000000000002     
   1392812263.7618103        1216323677.2649078        1561933516475.2949       0.39700000000000002     
   1389104384.9407218        1216849399.3380585        1518786232791.5522       0.39700000000000002     
   1391795832.9319739        1223536030.4624634        1476788647101.1426       0.39700000000000002     
   1395573020.7430818        1230042333.8515778        1447496865459.1428       0.39700000000000002     
   1398089075.5411177        1235232603.4535446        1418765361539.2039       0.39700000000000002     
   1391432039.1653869        1225766614.1271515        1448951149916.7349       0.39700000000000002     
   1373332656.6036189        1205051659.5505447        1479755347295.9402       0.39700000000000002     
   1358113477.0784769        1192591461.1554413        1454760932689.3276       0.39700000000000002     
   1350422800.7496178        1187473202.3620605        1430173596730.4221       0.39700000000000002     
   1342041540.3683105        1179292024.7717361        1430172908711.1926       0.39700000000000002     
   1329250341.5912814        1166780002.2443542        1430172220692.2825       0.39700000000000002     
   1317578415.9861603        1158258493.8925858        1400352202024.4321       0.39700000000000002     
   1309443700.1343563        1153173282.2738953        1371131813465.7537       0.39700000000000002     
   1302835714.9354882        1150152328.4139481        1335765019837.3552       0.39700000000000002     
   1297353909.7317491        1148138315.8295288        1301278181377.6521       0.39700000000000002     
   1291201896.3391306        1144639650.9755402        1275335090646.5654       0.39700000000000002     
   1283705495.5204775        1139772264.0733109        1249890818514.7590       0.39700000000000002     
   1275292034.7257693        1133720701.2956390        1227411494292.0808       0.39700000000000002     
   1266181493.2489223        1126943013.6354599        1205322061966.2112       0.39700000000000002     
   1256728648.4146819        1120031086.3030548        1181228125632.2927       0.39700000000000002     
   1246397883.2576246        1112218203.3098221        1157598710162.6980       0.39700000000000002     
   1232776996.5484164        1099741090.8408203        1149437096948.9653       0.39700000000000002     
   1214797534.8500376        1082996451.9669266        1141330957904.6682       0.39700000000000002     
   1202619964.9955873        1074459846.6350327        1106084474870.2517       0.39700000000000002     
   1202758507.1462328        1077824399.2155991        1071888269298.0968       0.39700000000000002     
