 HOM20_NO17               Loss by CS     Actual loss   Csat   molar mass
   0.0000000000000000        0.0000000000000000        6.2845638087192768       0.55700000000000005     
   2.4624043249759126E-014   0.0000000000000000        6.2845260842342903       0.55700000000000005     
   874618.36781542166        864017.08596348763        6.2844883593422773       0.55700000000000005     
   9520193.1206953097        9404749.3106793165        6.2355475370133551       0.55700000000000005     
   27589365.754000004        27285916.867968559        6.1869789193469202       0.55700000000000005     
   52057544.543205343        51484155.027025223        6.3936467137407877       0.55700000000000005     
   84866120.242516726        83795525.386975288        6.6070497305298694       0.55700000000000005     
   99566444.859260172        98308150.623292923        6.8486867788172061       0.55700000000000005     
   106264346.75319847        104944722.02462006        7.0989449368053901       0.55700000000000005     
   113120053.62252520        111713312.88933563        6.8486611362674727       0.55700000000000005     
   108111027.25285934        106866464.47482681        6.6070002116640349       0.55700000000000005     
   113147133.04321915        111841758.47570419        6.6380438363874728       0.55700000000000005     
   116653734.07921834        115306116.79560471        6.6692298623826458       0.55700000000000005     
   119466429.44880378        118084464.84419632        6.6796319354432345       0.55700000000000005     
   121241952.28845301        119837514.76369667        6.6900498476978161       0.55700000000000005     
   121611244.98849204        120201208.00036049        6.3637100644363969       0.55700000000000005     
   120019359.67600504        118626431.18664932        6.0529313658298101       0.55700000000000005     
   117319824.76354471        115956098.66085815        6.1484086179414286       0.55700000000000005     
   115023471.24460527        113684343.60741043        6.2453558295235130       0.55700000000000005     
   113107639.07883024        111788751.83531189        6.3438141007131064       0.55700000000000005     
   111295426.57608984        109995627.20833588        6.4437873726501094       0.55700000000000005     
   109430093.21965145        108150174.43573570        6.4842241132725009       0.55700000000000005     
   107408143.36511292        106149997.77555084        6.5249085796878559       0.55700000000000005     
   105197574.07430574        103963695.80770683        6.4136471544259752       0.55700000000000005     
   102574590.45335212        101369882.31265831        6.3042389034650377       0.55700000000000005     
   100013399.51918937        98836802.354539871        6.4943459789430609       0.55700000000000005     
   98271319.630429015        97113307.904645920        6.6900465058851335       0.55700000000000005     
   97151241.294729933        96004485.241043091        6.9238731843038863       0.55700000000000005     
   96507291.997221410        95366215.747282982        7.1656727896274610       0.55700000000000005     
   96160856.454183683        95022010.230216026        7.3696289869142735       0.55700000000000005     
   95936826.755647629        94798775.539995193        7.5792493211981755       0.55700000000000005     
   95425419.373397738        94292174.411011696        7.3010417137607897       0.55700000000000005     
   94212581.067533359        93092440.051999092        7.0328133903634029       0.55700000000000005     
   92988765.341029197        91881808.105427742        6.8166748187221202       0.55700000000000005     
   91925292.690713391        90829589.297537804        6.6070266230149723       0.55700000000000005     
   91266025.624801978        90176449.405900955        6.5761114977178021       0.55700000000000005     
   93003701.999131069        91891448.447010994        6.5453376305621997       0.55700000000000005     
   98065826.467777178        96890514.350984573        6.6900732410596166       0.55700000000000005     
   106162295.50861967        104886795.16512680        6.8379321396130806       0.55700000000000005     
   115349217.02914698        113959954.42106247        6.4842127672385930       0.55700000000000005     
   122877206.44324706        121392899.45443535        6.1483809248878689       0.55700000000000005     
   128899051.10322025        127336423.52651215        6.0150718622699193       0.55700000000000005     
   134028376.81804532        132397006.10692024        5.8845864790882079       0.55700000000000005     
   138413104.94498637        136720403.10268593        5.9588112804838209       0.55700000000000005     
   142943962.38984978        141186837.36447906        6.0339499596958914       0.55700000000000005     
   147110926.66187948        145292565.16867638        6.0150808987636966       0.55700000000000005     
   150234237.57744080        148366010.39405060        5.9962694558633771       0.55700000000000005     
   152230803.99810416        150325301.42758369        5.9401627632074359       0.55700000000000005     
   152994640.17234465        151065974.49419594        5.8845687897002552       0.55700000000000005     
   152053690.19498473        150122562.71605110        5.5441924244315643       0.55700000000000005     
   148679490.40866357        146775936.62294006        5.2230666207358860       0.55700000000000005     
   143944244.55424520        142085344.43437958        5.0218079645106313       0.55700000000000005     
   138753321.88388026        136945046.08690262        4.8281287165082105       0.55700000000000005     
   133889519.60745564        132127685.82682800        4.9046961185000981       0.55700000000000005     
   130378188.82726762        128645357.21969032        4.9824487645848032       0.55700000000000005     
   126685973.28992525        124984465.07274818        4.6636296857200472       0.55700000000000005     
   121136214.73753528        119490809.32581139        4.3647618074027950       0.55700000000000005     
   115543912.69670643        113956218.72093391        4.5046862642662306       0.55700000000000005     
   111669000.23349614        110116557.72473621        4.6489876591215902       0.55700000000000005     
   108760147.56408603        107229804.51913071        4.7826836238404038       0.55700000000000005     
   106334073.18626843        104819171.54039288        4.9201314558642721       0.55700000000000005     
   103687213.54216844        102190736.57153034        4.8433189735364994       0.55700000000000005     
   100139179.54597802        98674216.411121368        4.7676778974771876       0.55700000000000005     
   95913009.828640789        94490042.450500488        4.6125217586561993       0.55700000000000005     
   91073286.661256194        89702368.569850922        4.4622999847779399       0.55700000000000005     
   85823393.228252083        84511874.859189034        4.2492955808463178       0.55700000000000005     
   80222277.493293077        78977113.437710762        4.0462311400155260       0.55700000000000005     
   74582303.639160261        73406012.998584747        3.8465008094608999       0.55700000000000005     
   69256359.673983097        68145923.516324043        3.6564094847122233       0.55700000000000005     
   64455403.768010668        63404543.034565449        3.5479434530618441       0.55700000000000005     
   60304127.332276970        59304028.493885040        3.4426218013610543       0.55700000000000005     
   56915238.841273382        55955427.513219833        3.5143451755400732       0.55700000000000005     
   54370079.438948147        53437937.356051922        3.5875271015398047       0.55700000000000005     
   52500508.649387874        51585923.322304249        3.7562045730132425       0.55700000000000005     
   51231176.071220025        50324790.434743404        3.9326183692696883       0.55700000000000005     
   50469901.412453309        49563562.991643906        4.1432220878489341       0.55700000000000005     
   50234188.368718773        49319052.573309422        4.3648256691529426       0.55700000000000005     
   50299821.083953932        49370388.072081566        4.5047191952842303       0.55700000000000005     
   50450017.468505472        49504764.571671963        4.6489876601536215       0.55700000000000005     
   50571640.538579687        49610864.138772488        4.7079485892251691       0.55700000000000005     
   50385708.728383966        49415337.290495872        4.7676394887771183       0.55700000000000005     
   50256859.906037554        49277092.412850857        5.0138806464701586       0.55700000000000005     
   50525240.187320702        49529160.343186378        5.2725254464568589       0.55700000000000005     
   50880140.884617686        49866115.269280434        5.4835961446289039       0.55700000000000005     
   51133173.612112448        50103381.652847767        5.7029096397706622       0.55700000000000005     
   51329604.394459262        50285245.491208553        5.8661530595580160       0.55700000000000005     
   51573054.925028220        50513557.365394115        6.0339560033218014       0.55700000000000005     
   52040238.596361518        50961583.569940090        6.2356036924316918       0.55700000000000005     
   52798290.663947016        51694871.223381042        6.4438260270771970       0.55700000000000005     
   54433585.076100737        53289675.841635704        7.1211553748332816       0.55700000000000005     
   57551673.821598008        56337087.762474060        7.8678274265660981       0.55700000000000005     
   60913616.480912969        59621739.193126202        8.3988014894619436       0.55700000000000005     
   63927554.246497124        62565074.237028599        8.9647051970758582       0.55700000000000005     
   66958155.588494182        65524529.872767925        9.5826292247418134       0.55700000000000005     
   69925173.418610722        68421632.436704636        10.242068164149510       0.55700000000000005     
   72619066.347559303        71051269.393273830        10.912100709456437       0.55700000000000005     
   74937765.203772932        73313837.368718147        11.624859255428069       0.55700000000000005     
   76854676.813793555        75183043.206499577        12.249968726188913       0.55700000000000005     
   78138370.802161589        76433030.297691822        12.907851171772668       0.55700000000000005     
   79291359.520658091        77556998.130059242        13.896108427208926       0.55700000000000005     
   80372758.635617718        78611754.166167259        14.958092887527455       0.55700000000000005     
   81456876.571325272        79671605.992337227        16.497585002395169       0.55700000000000005     
   82445383.212322086        80638576.941561222        18.191363727549351       0.55700000000000005     
   81875040.261408851        80077063.152598858        18.955896563716085       0.55700000000000005     
   78964857.816766083        77227150.181934357        19.751760839252540       0.55700000000000005     
   74710014.701819807        73063867.312546730        20.958671002200731       0.55700000000000005     
   69470041.504020676        67937849.600350380        22.237457788385093       0.55700000000000005     
   63448868.385873497        62045768.678066730        22.339504995086674       0.55700000000000005     
   58114887.117769957        56826151.627569199        22.442009207298810       0.55700000000000005     
   54031796.044769697        52832725.653853893        23.773971377483090       0.55700000000000005     
   50063750.302885517        48952164.804743290        25.182982435940936       0.55700000000000005     
   46510846.492724009        45476535.211770296        25.995420153536532       0.55700000000000005     
   44221674.150151424        43236626.736807346        26.833419295077114       0.55700000000000005     
   42542666.360925600        41592198.989695311        26.671893319714350       0.55700000000000005     
   40725076.514779717        39812170.890109062        26.511316464331710       0.55700000000000005     
   39088622.259272404        38211330.120771885        27.992950223759102       0.55700000000000005     
   37986652.393431827        37133396.748597145        29.555290416088596       0.55700000000000005     
   36799020.279625140        35971086.369960546        30.551695737325741       0.55700000000000005     
   35279505.374642581        34484457.832721710        31.580858664467062       0.55700000000000005     
   33589427.087389968        32831637.843808174        33.088350266827199       0.55700000000000005     
   31818326.683441740        31099754.554999113        34.665988208342867       0.55700000000000005     
   29911767.756165978        29235815.622922421        36.646368948289535       0.55700000000000005     
   27927827.654270284        27296318.048434019        38.737005534755625       0.55700000000000005     
   25790446.491519120        25205807.122491121        38.735975772809027       0.55700000000000005     
   23382901.768054921        22851423.454421520        38.734946037577437       0.55700000000000005     
   20961006.835770752        20482744.012258649        37.255514097272417       0.55700000000000005     
   18518332.977208778        18094070.853865743        35.831275760621097       0.55700000000000005     
   16318318.710965032        15944143.769294262        37.819296218942746       0.55700000000000005     
   14750353.574333392        14412097.571313024        39.914814559905409       0.55700000000000005     
   13550669.665692717        13239733.378925920        41.312316652873967       0.55700000000000005     
   12532878.721975947        12245135.388288021        42.757526818858814       0.55700000000000005     
   11629406.103931747        11361622.433811426        41.004397714649969       0.55700000000000005     
   10705576.965393655        10458241.606523752        39.321484419069122       0.55700000000000005     
   9883039.0931700189        9655011.0563458204        42.949327526153368       0.55700000000000005     
   9354418.6109683421        9139022.5779937506        46.903074691851671       0.55700000000000005     
   8907263.5541430637        8701673.2105848789        45.051770452398117       0.55700000000000005     
   8339948.0533487629        8146892.3287686110        43.271841112822244       0.55700000000000005     
   7788497.3739301367        7607937.0343213081        43.531080464701240       0.55700000000000005     
   7334061.3860239228        7163853.0476590395        43.791835169135553       0.55700000000000005     
   6964048.5320648365        6802664.8496609926        47.184195096399996       0.55700000000000005     
   7023078.7548754364        6860617.2777400017        50.832515418588805       0.55700000000000005     
   7515973.7364716083        7341955.8365799785        50.756340311048390       0.55700000000000005     
   7393828.9565459918        7222440.8959731460        50.680276597074055       0.55700000000000005     
   7084751.5767757185        6920515.1405072212        52.523187394528733       0.55700000000000005     
   6813261.9701614594        6655339.0215725303        54.431432920609943       0.55700000000000005     
   6580628.1469508642        6428087.8644043803        55.988721915198539       0.55700000000000005     
   6321550.1080639865        6175001.6624907255        57.589455367372310       0.55700000000000005     
   5810611.4829753395        5675458.1561900973        52.523524526286678       0.55700000000000005     
   5067184.0008953018        4948817.6986672282        47.893370158146787       0.55700000000000005     
   4490981.9843475493        4386224.8372620344        52.759215750566298       0.55700000000000005     
   4208694.3666769424        4110771.5743663013        58.106275113109511       0.55700000000000005     
   4301528.2895550868        4201289.3463112414        56.155821206649740       0.55700000000000005     
   4117273.0843237694        4021126.9192485511        54.269303852288616       0.55700000000000005     
   3798761.2685394199        3710102.0449793637        57.504697245184268       0.55700000000000005     
   3768906.7290168889        3681039.4007046521        60.928030655029211       0.55700000000000005     
   3851043.1670364840        3761036.6290548444        56.826644017638316       0.55700000000000005     
   3556203.5468058684        3472810.8832443357        52.995094909042116       0.55700000000000005     
   3266483.7557216450        3189857.0839263499        55.411087165050752       0.55700000000000005     
   3145146.2759512104        3071401.6331176609        57.934435419873608       0.55700000000000005     
   3133382.1789935436        3060000.3693478703        61.563998728900813       0.55700000000000005     
   3318068.3401243226        3240458.2339739203        65.415101045813017       0.55700000000000005     
   3676230.4321882757        3590215.1310874224        66.292051904163543       0.55700000000000005     
   3798765.0795578379        3709837.5144056380        67.180469879225953       0.55700000000000005     
   3799885.6165335136        3710870.8623301685        67.579098055285073       0.55700000000000005     
   3735017.6940749488        3647459.5691847503        67.980033790188756       0.55700000000000005     
   3675836.9909374630        3589609.4489107132        68.585257940989038       0.55700000000000005     
   3626654.8538611094        3541529.3990923762        69.195738356421984       0.55700000000000005     
   3596067.7101519755        3511630.5668249130        70.432430185704646       0.55700000000000005     
   3609769.0193916433        3524986.4859778881        71.690678168594005       0.55700000000000005     
   3642512.2562443302        3556857.4399141073        70.224526553761876       0.55700000000000005     
   3565303.8563598311        3481346.0590734780        68.787645303241277       0.55700000000000005     
   3507239.5278279157        3424585.7923887670        69.298809280142450       0.55700000000000005     
   3491681.1289094766        3409351.4278095067        69.813678803515003       0.55700000000000005     
   3497885.9057555348        3415391.4904118776        71.060522317331021       0.55700000000000005     
   3518487.9976845738        3435494.0667135119        72.329083361438165       0.55700000000000005     
   3540351.5608821269        3456720.9070131183        69.605634545228696       0.55700000000000005     
   3540646.8887387067        3456856.5671248734        66.982333704429479       0.55700000000000005     
   3539217.8759261542        3455584.7730529606        72.222946072492093       0.55700000000000005     
   3598494.9723094702        3513643.6474168897        77.862856518717777       0.55700000000000005     
   3726370.5007274672        3638452.3220079243        76.723777351815812       0.55700000000000005     
   3778673.2261766982        3689441.6042466164        75.600962468937780       0.55700000000000005     
   3800405.1550848633        3710636.6216515899        76.611171985117849       0.55700000000000005     
   3839747.7312019709        3749044.2193339467        77.634547645662025       0.55700000000000005     
   3886504.4506789926        3794611.8377828598        75.824613967728240       0.55700000000000005     
   3917872.5238768710        3825132.3672075272        74.055873316327094       0.55700000000000005     
   3943805.3057243060        3850459.9992852211        75.935822860678158       0.55700000000000005     
   3993780.5271045025        3899292.5827822089        77.862306566248307       0.55700000000000005     
   4068902.7332595969        3972677.3364234567        79.717772511081535       0.55700000000000005     
   4174591.2504663607        4075910.9578413665        81.616353351619125       0.55700000000000005     
   4293633.1286036652        4192128.7248100936        81.977202794299430       0.55700000000000005     
   4406728.7519628434        4302536.1361428499        82.339608635012922       0.55700000000000005     
   4519358.7512241025        4412472.1228916347        82.218910485640578       0.55700000000000005     
   4630798.4209183203        4521242.9819975197        82.098384961279123       0.55700000000000005     
   4734855.2303093653        4622732.7387705445        79.600544578712487       0.55700000000000005     
   4799296.5904274145        4685515.5147866011        77.176906489736922       0.55700000000000005     
   4840100.6370397741        4725357.7670984268        78.783068966537087       0.55700000000000005     
   4905155.8070010850        4788926.7255252004        80.421828139614675       0.55700000000000005     
   4988572.7854954945        4870282.4981341660        78.205075657479043       0.55700000000000005     
   5055359.6091823075        4935366.7571204305        76.047979245297711       0.55700000000000005     
   5120474.2918912610        4998968.9119410813        77.747155699165575       0.55700000000000005     
   5221557.5883308006        5097734.6624754667        79.483353840556049       0.55700000000000005     
   5340645.2479732614        5213879.0860091150        76.272220042986703       0.55700000000000005     
   5432379.7008091938        5303263.2038446963        73.187785738929691       0.55700000000000005     
   5518942.2192450128        5387785.7024926245        74.604246380287250       0.55700000000000005     
   5649969.5792127121        5515791.9839097559        76.047441708549513       0.55700000000000005     
   5818275.8457476087        5680091.3130517006        75.600730873027800       0.55700000000000005     
   6014903.1523970058        5872031.0828967392        75.156580612079267       0.55700000000000005     
   6250737.2221303172        6102275.7133435011        75.267205956708878       0.55700000000000005     
   6535999.1226493884        6380786.9583227038        75.377990169976187       0.55700000000000005     
   6873354.4558998961        6710144.0860050321        75.155925236392875       0.55700000000000005     
   7261500.8854381107        7089092.0002594590        74.934498646112942       0.55700000000000005     
   7699018.9371084236        7516224.0399512649        74.493992351872222       0.55700000000000005     
   8158477.2254216028        7964780.9094343781        74.056012979840474       0.55700000000000005     
   8639140.7639834862        8433885.9824833274        71.374719615056492       0.55700000000000005     
   9117673.1440170053        8900845.6971874237        68.788230212685733       0.55700000000000005     
   9630173.4144894071        9401190.0142213106        69.093567607342948       0.55700000000000005     
   10356731.723080702        10110590.533182561        69.400227302205238       0.55700000000000005     
   11400239.430790398        11129168.145473182        67.180406360123996       0.55700000000000005     
   12890215.472738959        12583489.312922835        65.029917807712224       0.55700000000000005     
   14983225.935432745        14626544.793729901        63.791014597162295       0.55700000000000005     
   17783675.058851078        17360187.903325558        62.575151907771655       0.55700000000000005     
   21372293.385305509        20863044.919943094        60.748455806265618       0.55700000000000005     
   25817259.935583957        25201688.284626603        58.973828209650947       0.55700000000000005     
   31217991.572418403        30473170.821980238        57.250106507551600       0.55700000000000005     
   37504193.352347091        36608805.865104914        55.575580537463615       0.55700000000000005     
   44606036.210004836        43540618.901904345        54.431794939969279       0.55700000000000005     
   52548609.512879297        51293015.754811525        53.310990546222882       0.55700000000000005     
   61257827.838159665        59793269.256953239        51.902753992889920       0.55700000000000005     
   70540095.330794290        68852587.858374119        50.530839441102856       0.55700000000000005     
   80270682.326343432        78348730.021755695        48.756761327772061       0.55700000000000005     
   90301578.392182559        88137458.526642323        47.043514099014139       0.55700000000000005     
   100620610.25566347        98206098.510990620        44.850694709781301       0.55700000000000005     
   112058135.44918883        109365371.61158657        42.757731165491798       0.55700000000000005     
   123424085.95847757        120455631.44693375        41.747051224396614       0.55700000000000005     
   134068143.60186391        130841659.83863735        40.759697634927839       0.55700000000000005     
   143507592.13235748        140052212.56313133        39.973996386793253       0.55700000000000005     
   151790864.77606052        148134299.06768703        39.203082041329026       0.55700000000000005     
   158711882.58276466        154883906.89757538        37.592722784824240       0.55700000000000005     
   163593982.33289558        159642632.25553989        36.046981972708053       0.55700000000000005     
   167221864.20674363        163179436.27425289        35.350413463344609       0.55700000000000005     
   170653490.14347926        166525342.33051968        34.666987178454370       0.55700000000000005     
   173760445.91914201        169555855.98491669        34.407689599683088       0.55700000000000005     
   176712468.01956955        172435232.58977890        34.150285105251854       0.55700000000000005     
   178989808.86733878        174654266.24157047        33.388838372561111       0.55700000000000005     
   180075230.82642329        175709362.93252850        32.643969680708885       0.55700000000000005     
   180771813.13465112        176387905.98149014        32.693078049176009       0.55700000000000005     
   182080521.12689453        177664523.92740250        32.742258513420779       0.55700000000000005     
   182649254.47368407        178212204.61861897        31.109067078715807       0.55700000000000005     
   180728090.81631863        176328290.46111679        29.555475667545309       0.55700000000000005     
   178870066.29803437        174515676.27452278        30.185956533445719       0.55700000000000005     
   179940624.82647723        175563283.91675091        30.829556722799097       0.55700000000000005     
   177914228.63775495        173557503.40616798        24.616671178609042       0.55700000000000005     
   164346638.84431729        160284149.50835705        19.631831935453103       0.55700000000000005     
   150926609.20035911        147204274.08915997        22.003471268926205       0.55700000000000005     
   150126143.19582802        146444158.04505062        24.653955749687274       0.55700000000000005     
   152564744.36901841        148820796.44124794        24.320156846482540       0.55700000000000005     
   151238986.60081491        147524089.20926571        23.990770399374270       0.55700000000000005     
   149945847.24560332        146271383.78767014        25.604910019546182       0.55700000000000005     
   151722881.98707315        148014460.10603523        27.324875185015490       0.55700000000000005     
   153321328.47949308        149571958.75826263        27.119069655813245       0.55700000000000005     
   151978455.33445266        148259267.47235680        26.914777257003173       0.55700000000000005     
   149826751.14964840        146158904.38738060        26.996271596338275       0.55700000000000005     
   147720103.70041412        144103172.91302490        27.078006746966999       0.55700000000000005     
   145583620.15063679        142017264.70286751        27.037187405294787       0.55700000000000005     
   143264966.55273712        139753751.56414223        26.996428121954185       0.55700000000000005     
   140253917.53751111        136810812.84711742        25.877315352273630       0.55700000000000005     
   135710364.42402816        132371999.58502579        24.803526051513579       0.55700000000000005     
   130812185.70162478        127588805.98578358        24.063763876162202       0.55700000000000005     
   126223550.02983302        123108355.38003063        23.345551325688799       0.55700000000000005     
   122682314.27960223        119656497.81412506        24.100312654567198       0.55700000000000005     
   121536284.47496057        118542136.01080132        24.878871792036065       0.55700000000000005     
   120473740.46504945        117502768.56198406        24.246510073929677       0.55700000000000005     
   117750676.31113115        114842798.24862576        23.629845565632088       0.55700000000000005     
   114841608.81205299        112003773.87710857        23.629828385041268       0.55700000000000005     
   112588478.48067744        109805355.24840069        23.629811204462161       0.55700000000000005     
   110141835.81367108        107415727.38608646        22.889157163527880       0.55700000000000005     
   106845441.93484166        104196609.46712542        22.171178867248312       0.55700000000000005     
   103184115.32274505        100621296.79452467        21.312595818792708       0.55700000000000005     
   99271566.378076300        96801152.386264801        20.486495547606861       0.55700000000000005     
   95445476.575475201        93066325.905065536        19.872375718517596       0.55700000000000005     
   91947635.562113315        89652032.119016171        19.276237686318581       0.55700000000000005     
   88685425.982211351        86468023.604433537        18.754701316221503       0.55700000000000005     
   85650769.447702035        83506217.962921619        18.246947133424197       0.55700000000000005     
   82734375.457028016        80659668.212964058        17.698519646333725       0.55700000000000005     
   79805544.670186609        77801182.431530952        17.166193350546365       0.55700000000000005     
   77081781.756556466        75144047.579352379        16.983609319865721       0.55700000000000005     
   74859243.937141046        72976122.959143639        16.802921402490799       0.55700000000000005     
   72583212.600134939        70753919.758466721        16.024915349076856       0.55700000000000005     
   69931504.903595909        68164947.095452309        15.282111743254328       0.55700000000000005     
