 HOM_O9                   Loss by CS     Actual loss   Csat   molar mass
   0.0000000000000000        0.0000000000000000        34400276008.279922       0.28000000000000003     
   2.3607607875180723E-009   0.0000000000000000        34400144312.757164       0.28000000000000003     
   2832194515.1864820        2784214480.8192444        34400012615.526993       0.28000000000000003     
   4841876545.4864044        4759722322.5256348        34228918607.118187       0.28000000000000003     
   6050015994.4197693        5956946942.4463501        34058644124.924355       0.28000000000000003     
   7735829011.1480103        7616492432.7563477        34779894062.946335       0.28000000000000003     
   10561686769.977409        10375484888.279419        35515839020.060547       0.28000000000000003     
   11187817363.379953        10989955822.875610        36338833425.268417       0.28000000000000003     
   11637149962.965591        11435155302.209839        37180174247.855186       0.28000000000000003     
   12166723474.106583        11954949218.051270        36338746652.652725       0.28000000000000003     
   11714830945.002573        11526210060.098511        35515669256.484818       0.28000000000000003     
   12450198262.977859        12249020641.536743        35622004640.254097       0.28000000000000003     
   13119330810.773720        12906780422.378906        35728646535.192146       0.28000000000000003     
   13674765345.659639        13452638212.018677        35764176645.016197       0.28000000000000003     
   14081486221.095428        13852150876.121704        35799740769.128273       0.28000000000000003     
   14313302275.907213        14079723853.143677        34675947133.676689       0.28000000000000003     
   14407943433.195827        14172352391.155640        33586160523.349155       0.28000000000000003     
   14499772642.198984        14262008011.038696        33923077027.060574       0.28000000000000003     
   14611313553.973120        14371043169.365234        34263246647.184151       0.28000000000000003     
   14690367662.700821        14448109934.146973        34606765758.306053       0.28000000000000003     
   14721949351.077929        14478469368.998047        34953599839.387978       0.28000000000000003     
   14702132088.648167        14458305676.066284        35093331185.098763       0.28000000000000003     
   14647283074.328821        14403685616.181763        35233600298.926041       0.28000000000000003     
   14551158301.625507        14308571488.371582        34849241944.795120       0.28000000000000003     
   14422936344.156504        14181901370.727539        34468922448.643234       0.28000000000000003     
   14340386412.209663        14099953273.535767        35128258385.357941       0.28000000000000003     
   14309875242.005497        14069187700.882812        35799729364.241844       0.28000000000000003     
   14294971656.967867        14053737472.840210        36592755355.171593       0.28000000000000003     
   14287119232.152025        14045212602.530518        37402681428.338547       0.28000000000000003     
   14273176851.549305        14030721106.323486        38078176343.908340       0.28000000000000003     
   14252922503.027176        14010014879.282104        38765409096.383125       0.28000000000000003     
   14186420319.267136        13944226207.680908        37851782930.952271       0.28000000000000003     
   14196407968.699066        13953660636.993774        36958906556.818672       0.28000000000000003     
   14327251713.553658        14081904308.508789        36230415316.280441       0.28000000000000003     
   14539369021.698860        14290056918.077026        35515759801.535675       0.28000000000000003     
   14966953606.933994        14709878262.299194        35409684674.796242       0.28000000000000003     
   16159187237.767456        15881486653.287964        35303914636.661690       0.28000000000000003     
   18125868628.181839        17814215967.130615        35799820605.575020       0.28000000000000003     
   20727784339.021858        20371202826.620361        36302430133.971092       0.28000000000000003     
   23540402843.464607        23135496567.297607        35093292022.620987       0.28000000000000003     
   26316315820.675789        25863220876.870361        33922979580.864376       0.28000000000000003     
   29126138208.033630        28623498953.980225        33452030980.425182       0.28000000000000003     
   31950514105.653423        31397466097.635498        32987381162.093071       0.28000000000000003     
   34851583701.812721        34245779605.054688        33252143225.775330       0.28000000000000003     
   37971629241.060295        37308503542.113281        33518950863.683559       0.28000000000000003     
   41165417412.371170        40442926000.302246        33452063031.560837       0.28000000000000003     
   44354630070.504616        43571792852.304199        33385303729.517262       0.28000000000000003     
   47508319628.912415        46664663948.247070        33185736349.079132       0.28000000000000003     
   50597915354.026825        49693332455.239258        32987317919.802002       0.28000000000000003     
   53365385156.353500        52404844233.523926        31757321284.550026       0.28000000000000003     
   55735218274.878571        54724467924.658203        30571548718.181583       0.28000000000000003     
   57957206707.408859        56897430864.149414        29814910977.144356       0.28000000000000003     
   60087377487.876900        58978972019.700195        29076323051.269821       0.28000000000000003     
   62394451614.445961        61232271261.637695        29369569934.311417       0.28000000000000003     
   64952488077.943527        63730551502.037598        29665663816.511398       0.28000000000000003     
   67007319686.431725        65734167033.258789        28440541958.471485       0.28000000000000003     
   68335129389.633324        67022650737.514160        27264217994.669903       0.28000000000000003     
   69951036066.667816        68591658263.217285        27818468044.032757       0.28000000000000003     
   72162447012.063705        70743538192.979492        28383560599.173153       0.28000000000000003     
   74582571690.470505        73098269897.699219        28901475301.481804       0.28000000000000003     
   77101022915.100433        75547443068.812988        29428484560.415047       0.28000000000000003     
   79314456332.732635        77695911893.468262        29134633701.442806       0.28000000000000003     
   81050237615.494431        79374170152.841797        28843609473.664078       0.28000000000000003     
   82391917325.322510        80664630354.612305        28241365408.404694       0.28000000000000003     
   83395035691.280457        81621738438.188965        27651240256.837963       0.28000000000000003     
   84071586948.084900        82257494261.295898        26801984182.709026       0.28000000000000003     
   84439799472.895630        82589894824.283691        25977876246.011902       0.28000000000000003     
   84727857827.734543        82842480655.616211        25152547046.979538       0.28000000000000003     
   85334695797.046371        83405144486.376953        24352500944.398540       0.28000000000000003     
   86342962659.692474        84358480679.671387        23889245574.207779       0.28000000000000003     
   87666450724.805222        85617707970.106934        23434483714.293327       0.28000000000000003     
   89340580187.005844        87217835861.306152        23744711574.551220       0.28000000000000003     
   90783979418.411957        88591339008.454590        24058892938.760052       0.28000000000000003     
   91845281645.495468        89591176100.540039        24774343568.600700       0.28000000000000003     
   92064992509.935669        89769973247.243164        25510262508.795334       0.28000000000000003     
   91698133953.727631        89377370788.035645        26373324710.092018       0.28000000000000003     
   91021608335.400238        88684053397.549316        27264472410.959290       0.28000000000000003     
   89925854611.024658        87582959319.018555        27818597745.512497       0.28000000000000003     
   88484936250.085464        86146767738.264160        28383560603.191845       0.28000000000000003     
   86672613634.943069        84349956484.593750        28612621119.313984       0.28000000000000003     
   84448130747.241714        82153576397.413574        28843461275.535019       0.28000000000000003     
   82421354366.183411        80153291366.873535        29784885357.015121       0.28000000000000003     
   80688813795.763840        78442328053.293945        30755863405.072136       0.28000000000000003     
   78912023656.743179        76690018408.441895        31535512098.421333       0.28000000000000003     
   77053193842.152664        74859614768.373047        32334174225.202602       0.28000000000000003     
   75030600472.078476        72871686224.829590        32921441428.604019       0.28000000000000003     
   72706445988.741318        70592936882.579590        33518972275.229301       0.28000000000000003     
   70217030608.849960        68156226344.727051        34229115201.109962       0.28000000000000003     
   67633329082.013359        65630385291.438477        34953733563.296074       0.28000000000000003     
   65612320169.352310        63655467338.364990        37254319808.029129       0.28000000000000003     
   64016141191.155640        62095627148.162354        39700342360.403023       0.28000000000000003     
   62038524450.285484        60165475348.284668        41388766244.777939       0.28000000000000003     
   59940158304.498024        58118643799.640381        43146213312.345779       0.28000000000000003     
   57990230538.559586        56216827259.172607        45019903761.405807       0.28000000000000003     
   56038888497.404236        54314580920.703857        46971799639.062622       0.28000000000000003     
   53960771970.305870        52290188883.936768        48908935804.744598       0.28000000000000003     
   51761552615.570824        50149214705.753174        50922856636.404137       0.28000000000000003     
   49400815110.939217        47852456353.257568        52652553025.047661       0.28000000000000003     
   46838518016.262024        45361146908.261963        54438731544.425919       0.28000000000000003     
   44291307132.388474        42885648990.791260        57061117817.729454       0.28000000000000003     
   41663969912.455246        40333317644.607422        59804874675.318863       0.28000000000000003     
   38969149464.904808        37716284049.424072        63660167039.757988       0.28000000000000003     
   36137956002.831963        34967186026.341553        67754079181.034416       0.28000000000000003     
   32880717011.888214        31805467936.880493        69556402096.631195       0.28000000000000003     
   29380994068.025742        28409072007.536865        71404818566.970093       0.28000000000000003     
   25798293087.704758        24932379556.197388        74157227038.584045       0.28000000000000003     
   22122106307.589851        21365447364.487793        77011586959.040436       0.28000000000000003     
   19010419308.087132        18347838707.527954        77236766242.233734       0.28000000000000003     
   17082160874.933317        16477533120.639160        77462579014.647324       0.28000000000000003     
   15589352655.920010        15027500916.053650        80363700751.259995       0.28000000000000003     
   13796869598.733341        13287142880.803101        83369228521.364990       0.28000000000000003     
   12458283419.468878        11987783574.298340        85074493174.609421       0.28000000000000003     
   11790053834.891193        11338039773.155151        86813294603.892761       0.28000000000000003     
   11376229033.956501        10936734518.218262        86479685713.032211       0.28000000000000003     
   11065767781.705072        10635569435.443237        86147310591.322327       0.28000000000000003     
   10853674473.634808        10426726387.403564        89187151803.618805       0.28000000000000003     
   10670396707.110474        10245794001.924316        92330066198.750778       0.28000000000000003     
   10433241218.469904        10013741955.449524        94303078403.940994       0.28000000000000003     
   10166880727.627323        9753401281.5014648        96316623763.339508       0.28000000000000003     
   9896736621.7294159        9488610360.0390625        99223616260.171463       0.28000000000000003     
   9610092270.3770943        9207792635.1684570        102214926562.79179       0.28000000000000003     
   9304828862.1276894        8908316206.5355835        105900928921.41946       0.28000000000000003     
   8977216163.8954964        8587095153.5185547        109714637273.02831       0.28000000000000003     
   8602733800.0447445        8224224079.9912109        109712777436.46150       0.28000000000000003     
   8232426015.7459431        7865452798.2046509        109710917630.22592       0.28000000000000003     
   7870096109.7207355        7517093345.0437622        107020079790.97672       0.28000000000000003     
   7529117716.0885067        7189369635.5685730        104392794483.54747       0.28000000000000003     
   7231275434.6484461        6897426435.2127075        108049992275.41228       0.28000000000000003     
   6934492446.5755892        6606453648.7132568        111830287970.36848       0.28000000000000003     
   6614150791.1423473        6293954321.2891235        114311438632.93246       0.28000000000000003     
   6298551200.2862825        5986017355.6082764        116845502313.33067       0.28000000000000003     
   5978013619.7714128        5678852082.8515625        113767399999.41144       0.28000000000000003     
   5695830370.9989176        5408750337.1830444        110767383604.84567       0.28000000000000003     
   5488604820.7504168        5202073056.1488037        117179459659.14798       0.28000000000000003     
   5269912431.6102295        4983905201.3075867        123947829648.36063       0.28000000000000003     
   4989495240.1677113        4715764514.1239319        120805456363.59915       0.28000000000000003     
   4742608311.1142902        4480027064.0068359        117739794272.57256       0.28000000000000003     
   4549691642.0825977        4293068224.1149139        118189099807.98325       0.28000000000000003     
   4372441292.4167538        4121269523.9843292        118640054519.71701       0.28000000000000003     
   4330928366.8542614        4075603406.8242188        124421035209.13638       0.28000000000000003     
   4828457153.4353342        4551265942.0947876        130472488570.79312       0.28000000000000003     
   5019979018.3220549        4736860924.4286499        130347780065.39555       0.28000000000000003     
   4764055218.3662624        4489487002.2184448        130223186223.76651       0.28000000000000003     
   4549405051.7478857        4278985280.3790588        133223154966.09976       0.28000000000000003     
   4517999509.4816952        4245725650.3130493        136289543126.93642       0.28000000000000003     
   4398904001.7575684        4128203549.5013733        138763195275.23318       0.28000000000000003     
   4169183964.3788629        3903608055.6412048        141280002277.02698       0.28000000000000003     
   3679522299.8713770        3437997279.3516388        133223700239.46721       0.28000000000000003     
   3337799185.7856340        3115156007.9566498        125610261772.78105       0.28000000000000003     
   3221529970.4235229        2995165669.5489197        133604594956.45079       0.28000000000000003     
   3355859742.7043648        3117028539.2206268        142087155573.00876       0.28000000000000003     
   3448070221.3248749        3209461787.2401276        139027130841.72955       0.28000000000000003     
   3207819149.5085816        2980232369.4841309        136030546841.84657       0.28000000000000003     
   3187256291.4609718        2955615252.8291016        141147379496.16418       0.28000000000000003     
   3471590397.7393317        3225734381.4215698        146449077664.98438       0.28000000000000003     
   3367702086.9840422        3131645121.8211670        140083852506.53705       0.28000000000000003     
   3138428750.4842720        2916058404.0274200        133985176455.21581       0.28000000000000003     
   3062152121.5812416        2838843553.0257874        137848605661.64526       0.28000000000000003     
   3033452692.4890847        2807469702.0098114        141819071422.05829       0.28000000000000003     
   3064716919.1032844        2832525033.4823761        147421976301.99454       0.28000000000000003     
   3352174880.4407649        3105185524.3479767        153237467654.53363       0.28000000000000003     
   3535528926.3087487        3281486279.1690826        154544212665.72217       0.28000000000000003     
   3362516405.4548554        3113079512.5849609        155861671713.41946       0.28000000000000003     
   3306638699.8828840        3058706895.9821014        156450753986.35226       0.28000000000000003     
   3209490977.4633512        2964427190.4177246        157041977308.85883       0.28000000000000003     
   3151369783.2898397        2907616405.8273621        157932058107.69083       0.28000000000000003     
   3095378630.1236115        2852857526.2375793        158826989802.85913       0.28000000000000003     
   3075190692.1782942        2831851039.8893738        160631193161.01816       0.28000000000000003     
   3082119893.6981277        2837046531.2324371        162455099171.56348       0.28000000000000003     
   3023748204.7955174        2782872865.6005402        160328691462.57462       0.28000000000000003     
   2928991317.5116925        2693510268.1950073        158229065892.02878       0.28000000000000003     
   2893286487.1409531        2658550868.9109039        158977803419.67773       0.28000000000000003     
   2873467619.2825603        2638915146.2206116        159729947917.26007       0.28000000000000003     
   2858129941.5685339        2622589446.9041138        161543113582.36514       0.28000000000000003     
   2842425566.2903380        2605882958.9160919        163376065595.09097       0.28000000000000003     
   2822011749.5178785        2590094974.9093170        159426270407.21811       0.28000000000000003     
   2810333950.5082045        2582698587.6509399        155568400053.07327       0.28000000000000003     
   2803673581.3238907        2569321070.6604462        163223156252.76505       0.28000000000000003     
   2806899648.9729075        2565055685.4659271        171239480477.99771       0.28000000000000003     
   2801339401.2396336        2561379954.5100403        169637868201.44556       0.28000000000000003     
   2755081450.3145742        2518377398.5350647        168050667506.91937       0.28000000000000003     
   2743894263.3064818        2506440116.4042358        169479071904.14612       0.28000000000000003     
   2742271860.2089648        2503709332.9318542        170919148917.25751       0.28000000000000003     
   2743753846.6265774        2507735473.6361084        168367496968.20615       0.28000000000000003     
   2753032937.2411342        2519293171.8827972        165852501610.69827       0.28000000000000003     
   2764720463.3846216        2528320166.4600525        168524911745.11642       0.28000000000000003     
   2767937309.8637247        2529066062.1341095        171238709269.81488       0.28000000000000003     
   2764451163.6852207        2523431287.4750366        173829548822.61026       0.28000000000000003     
   2759777374.6359868        2516608115.5023499        176458064694.34964       0.28000000000000003     
   2753580226.2692928        2510314282.1385498        176955130160.37955       0.28000000000000003     
   2750020404.4889688        2506577838.9214020        177453542006.19766       0.28000000000000003     
   2747891641.0557485        2504849669.5639191        177287635947.72470       0.28000000000000003     
   2746969902.3963170        2504287389.9975586        177121879061.94894       0.28000000000000003     
   2750280231.7994566        2510873772.9853668        173666511569.18665       0.28000000000000003     
   2760785551.8865085        2524374903.0246582        170276019807.60684       0.28000000000000003     
   2771781167.0157571        2533116991.3942719        172527160122.72433       0.28000000000000003     
   2772547162.5725870        2531878727.5829773        174806907630.99063       0.28000000000000003     
   2769586601.4393864        2532001664.9970703        171718998399.39081       0.28000000000000003     
   2774755382.7165313        2539966570.8942413        168683583079.61728       0.28000000000000003     
   2781226905.7082148        2544184783.1030731        171077187635.75143       0.28000000000000003     
   2776761304.4609122        2537737145.8836823        173503439036.62234       0.28000000000000003     
   2768060141.3473024        2533559152.7444611        169000569853.32419       0.28000000000000003     
   2770636884.5113158        2540220745.8227692        164610200871.74710       0.28000000000000003     
   2777582764.9355674        2545236584.5235901        166634546277.67517       0.28000000000000003     
   2773878920.9322634        2539855043.3830261        168682822811.02063       0.28000000000000003     
   2764424473.3067989        2531383594.7454376        168050339247.30484       0.28000000000000003     
   2759752067.4010653        2527538384.9279022        167420136771.37250       0.28000000000000003     
   2759476850.1714058        2527217410.4663849        167577228440.47043       0.28000000000000003     
   2760508394.0955043        2528146645.9567261        167734461865.80273       0.28000000000000003     
   2763395062.0162010        2531302841.3848724        167419205866.47604       0.28000000000000003     
   2769410797.2676153        2537475257.6609650        167104519754.41553       0.28000000000000003     
   2782005745.8821650        2550291404.1999969        166477478815.54929       0.28000000000000003     
   2799070981.9851089        2567419978.7682800        165852701054.01663       0.28000000000000003     
   2820755531.8189664        2591938694.4355164        161998196683.29608       0.28000000000000003     
   2853038437.6081247        2626636587.0229645        158229923799.79291       0.28000000000000003     
   2912711063.6774473        2683992255.8997955        158677412945.21454       0.28000000000000003     
   3021765250.2437744        2789044332.9379883        159126119172.94638       0.28000000000000003     
   3164410582.5753331        2929918973.6273651        155861577745.76602       0.28000000000000003     
   3368068521.5968571        3129726363.7373199        152661500964.75964       0.28000000000000003     
   3612205429.0253472        3367445998.5554352        150800517964.58945       0.28000000000000003     
   3881736232.4387698        3629665517.8891449        148961364584.51306       0.28000000000000003     
   4176695991.1870489        3917285495.5733032        146173700205.97858       0.28000000000000003     
   4503797990.6505785        4235906791.9203186        143436248925.50342       0.28000000000000003     
   4867164073.6346474        4589518520.7254333        140748589426.00116       0.28000000000000003     
   5257097274.2142820        4968736863.6527405        138109404290.28323       0.28000000000000003     
   5672140154.7196732        5371474933.9290161        136290121128.81487       0.28000000000000003     
   6107543065.4879875        5793847136.4468384        134493901087.31697       0.28000000000000003     
   6566082356.0582371        6238972711.6750183        132217511675.14546       0.28000000000000003     
   7051290153.6717415        6709805141.5797424        129978207707.65433       0.28000000000000003     
   7562760372.5488796        7206561181.7680054        127049516217.89760       0.28000000000000003     
   8113043294.0877810        7740719693.5900269        124184357200.82834       0.28000000000000003     
   8695124847.3047028        8306240747.9386597        120461361535.54016       0.28000000000000003     
   9339134410.4862499        8931421840.6434937        116845858403.79970       0.28000000000000003     
   10018367837.183992        9589089018.0138550        115077042944.72188       0.28000000000000003     
   10688481370.799845        10237909258.446350        113334001432.66048       0.28000000000000003     
   11347710929.062771        10875917602.317322        111935992436.24132       0.28000000000000003     
   12000487542.751865        11507647680.442261        110554581246.60228       0.28000000000000003     
   12632139481.368423        12120022929.199402        107636763121.93361       0.28000000000000003     
   13251731772.287571        12720549041.496887        104793106176.51770       0.28000000000000003     
   13869425959.657953        13318050376.341370        103497243401.66551       0.28000000000000003     
   14465581061.947355        13894744728.852966        102216804850.95316       0.28000000000000003     
   15047045375.556278        14456682684.691895        101728606689.42601       0.28000000000000003     
   15604067684.095074        14994991909.047974        101242652245.08994       0.28000000000000003     
   16122369072.399042        15496496695.925903        99797280556.094986       0.28000000000000003     
   16617070172.572029        15975070087.023743        98371772410.517456       0.28000000000000003     
   17116582844.466942        16457255324.250366        98466115066.636398       0.28000000000000003     
   17603870482.667484        16927698635.661194        98560544771.029999       0.28000000000000003     
   18020082909.987934        17331498054.763733        95396568071.847229       0.28000000000000003     
   18412272790.133533        17711694691.670166        92330435240.877167       0.28000000000000003     
   18886568588.448303        18168593564.949524        93581615569.047241       0.28000000000000003     
   19387222609.403095        18651293787.831543        94849100850.436462       0.28000000000000003     
   19513737642.183105        18780471628.295410        82168760555.855484       0.28000000000000003     
   19303725124.614162        18581403498.321472        71128031734.068680       0.28000000000000003     
   19447162105.931961        18716580449.436096        76493849215.971115       0.28000000000000003     
   19800501383.742245        19056033312.321045        82248102120.516663       0.28000000000000003     
   19813587163.011829        19068739671.063721        81536219891.207306       0.28000000000000003     
   19658572941.464371        18918895015.078979        80830268617.225037       0.28000000000000003     
   19643386373.124779        18902483854.346558        84257280907.449539       0.28000000000000003     
   19672269333.430019        18928605659.047729        87823880673.829697       0.28000000000000003     
   19529267123.398277        18790351532.292114        87401488901.487656       0.28000000000000003     
   19321269649.503601        18589211338.326599        86981052218.985703       0.28000000000000003     
   19146893743.423363        18420245757.417908        87148906911.606308       0.28000000000000003     
   18981310511.755299        18259871602.736328        87317073266.387970       0.28000000000000003     
   18806642257.332184        18090781207.305237        87233112356.417709       0.28000000000000003     
   18622128976.005608        17912197227.746094        87149229132.129974       0.28000000000000003     
   18371571223.361511        17671204904.335449        84827809960.411697       0.28000000000000003     
   18092321469.993404        17402283434.354004        82565951637.774460       0.28000000000000003     
   17829774853.573254        17149099020.963623        80987011901.417603       0.28000000000000003     
   17576163718.954781        16904616211.432068        79437148429.105362       0.28000000000000003     
   17406924455.174774        16739949741.646484        81065430548.770370       0.28000000000000003     
   17291311452.311157        16627265168.206238        82725804548.481323       0.28000000000000003     
   17056909788.119099        16401466895.586243        81378680116.455139       0.28000000000000003     
   16786838046.510075        16141047573.470703        80052677682.587540       0.28000000000000003     
   16565260799.207417        15926658757.916321        80052640566.012436       0.28000000000000003     
   16367818636.099442        15735715480.596802        80052603449.453903       0.28000000000000003     
   16115425413.264393        15492738524.947693        78443290800.679077       0.28000000000000003     
   15846012329.230831        15233169764.098816        76865134038.621567       0.28000000000000003     
   15569199201.137028        14966678489.907104        74953384525.230515       0.28000000000000003     
   15286641342.379782        14694599377.270325        73087434477.268768       0.28000000000000003     
   15015947016.592930        14433714266.183228        71682575020.887909       0.28000000000000003     
   14753546865.659122        14180873806.871155        70303721489.927216       0.28000000000000003     
   14494740103.138805        13931440351.321960        69084696122.259033       0.28000000000000003     
   14237773520.396358        13683812286.955322        67886026045.202568       0.28000000000000003     
   13974865090.209335        13430527188.160400        66577674486.244492       0.28000000000000003     
   13699987342.974405        13165691574.030273        65293608155.443687       0.28000000000000003     
   13445072670.900436        12919657705.722717        64849871244.869896       0.28000000000000003     
   13207397726.100332        12690369296.580505        64409037409.538361       0.28000000000000003     
   12951741186.764782        12444583281.109436        62490908129.624031       0.28000000000000003     
   12750605443.159889        12251210035.769958        60627818395.134789       0.28000000000000003     
