 HOM18_O7                 Loss by CS     Actual loss   Csat   molar mass
   0.0000000000000000        0.0000000000000000        80685157164.461456       0.35399999999999998     
   2.6699210997856606E-017   0.0000000000000000        80684859258.738754       0.35399999999999998     
   91.377464349145356        90.028981217323235        80684561349.112213       0.35399999999999998     
   493.15575114249293        485.86176759856608        80297498750.783493       0.35399999999999998     
   1509.7320628499106        1489.5219795086305        79912221818.648010       0.35399999999999998     
   3857.1520262643953        3805.3083733951789        81543715370.624268       0.35399999999999998     
   9133.7846725507407        8993.4568220544606        83207209636.319550       0.35399999999999998     
   15825.488217939914        15581.242806464084        85066015629.909454       0.35399999999999998     
   24878.024261362167        24501.829804039327        86964711475.173080       0.35399999999999998     
   37723.741827357437        37150.825169058982        85065819725.773361       0.35399999999999998     
   50539.217988888042        49831.244344222825        83206826053.327499       0.35399999999999998     
   72177.319082736998        71160.866122338921        83447079465.702667       0.35399999999999998     
   97763.357498862155        96381.509686727077        83687999787.387283       0.35399999999999998     
   127348.28900953985        125542.39529373124        83768262045.502548       0.35399999999999998     
   160822.29775146273        158534.77362958528        83848598301.296280       0.35399999999999998     
   198746.00719344057        195913.19880373403        81308658452.155731       0.35399999999999998     
   242712.83286546642        239246.96885437518        78842781912.280609       0.35399999999999998     
   292109.66788337170        287926.79880275950        79605427668.142685       0.35399999999999998     
   344178.90473164822        339236.39955698699        80375163906.120132       0.35399999999999998     
   398149.35000382242        392415.20600463822        81152203570.884964       0.35399999999999998     
   453319.79635323398        446771.69225417078        81936463399.399048       0.35399999999999998     
   509784.15487907454        502399.67841997743        82252344984.195679       0.35399999999999998     
   568040.89824614814        559789.36227017641        82569397272.090271       0.35399999999999998     
   628560.20213041536        619408.29217331856        81700518987.396866       0.35399999999999998     
   692721.69873004209        682612.97749588639        80840435342.255096       0.35399999999999998     
   758872.17690902203        747762.62136501074        82331295643.224060       0.35399999999999998     
   822826.25684333849        810740.32875155658        83848572539.107254       0.35399999999999998     
   884091.12750371406        871058.64974454045        85639217054.219727       0.35399999999999998     
   942393.85368338495        928450.12051569670        87466597612.297302       0.35399999999999998     
   998164.58275910292        983341.11052899063        88989592861.885788       0.35399999999999998     
   1052142.3232373986        1036458.3090721965        90538066770.172806       0.35399999999999998     
   1112370.8244559015        1095760.2291902453        88479266014.660889       0.35399999999999998     
   1196823.3137661968        1178932.2367995083        86465515163.398102       0.35399999999999998     
   1304490.0566754746        1284973.9057184905        84821230070.102859       0.35399999999999998     
   1432317.3360551090        1410876.1265821904        83207030641.047531       0.35399999999999998     
   1613221.9415082992        1589057.0142701417        82967339778.663483       0.35399999999999998     
   1921757.7316561048        1892990.3715007603        82728312872.343002       0.35399999999999998     
   2374077.1175803607        2338551.7233200371        83848778641.674454       0.35399999999999998     
   2978664.8716055420        2934088.8038257957        84983827463.910126       0.35399999999999998     
   3752543.4084138949        3696417.8657412231        82252256458.399490       0.35399999999999998     
   4744952.9440829363        4673951.7171614766        79605207127.561081       0.35399999999999998     
   5972924.7378906244        5883375.3145363331        78539090069.034302       0.35399999999999998     
   7437414.1677477444        7325592.8947622776        77486708644.767120       0.35399999999999998     
   9167879.6989119947        9029469.2938687801        78086430143.847382       0.35399999999999998     
   11201916.594252545        11031991.254819870        78690613342.717056       0.35399999999999998     
   13583358.821244089        13376250.681527853        78539162643.363052       0.35399999999999998     
   16372419.092757590        16121352.285918951        78387992227.113510       0.35399999999999998     
   19613662.963133156        19311008.996167183        77936025694.057739       0.35399999999999998     
   23360061.344737798        22997133.889209032        77486565372.116470       0.35399999999999998     
   27712398.225993581        27278926.517493725        74698189463.758957       0.35399999999999998     
   32824910.386738367        32307662.797822714        72006430208.829147       0.35399999999999998     
   38656341.778553545        38042210.483227253        70286893964.342026       0.35399999999999998     
   45108496.532013699        44385584.809450626        68606880184.624588       0.35399999999999998     
   52054803.423992626        51212401.541008949        69274087731.432465       0.35399999999999998     
   59241111.153297566        58272636.538325787        69947532520.769592       0.35399999999999998     
   66941122.630479962        65835734.612725258        67159498990.436317       0.35399999999999998     
   75776628.770737410        74511854.646098137        64478493987.873131       0.35399999999999998     
   85572699.684511349        84127629.365159988        65742208500.293312       0.35399999999999998     
   95754496.558123916        94118225.904298782        67029722811.942101       0.35399999999999998     
   106569912.79517704        104726439.99943447        68208945527.151474       0.35399999999999998     
   118355461.07598674        116282276.11800385        69408104088.948700       0.35399999999999998     
   131546921.72041410        129213244.35445118        68739569998.035446       0.35399999999999998     
   146465090.98316902        143832282.88781834        68077230297.478256       0.35399999999999998     
   163069380.69414961        160098199.12205315        66705829979.262657       0.35399999999999998     
   181440497.78407109        178088036.62884521        65361016940.293266       0.35399999999999998     
   201604316.04431099        197825112.81764603        63423882291.933136       0.35399999999999998     
   223707307.22601351        219450653.96829605        61542022014.787315       0.35399999999999998     
   248387664.64330438        243588311.87239647        59655243327.591591       0.35399999999999998     
   276782577.76222765        271349403.32093620        57824161452.049683       0.35399999999999998     
   308079037.25923330        301933020.50544930        56762925276.518105       0.35399999999999998     
   341407762.91553646        334483167.14414406        55720434112.367065       0.35399999999999998     
   373821909.35944414        366113304.25283813        56431674257.747536       0.35399999999999998     
   401092503.58801180        392684287.81436539        57151641604.628593       0.35399999999999998     
   421908989.45550227        412920056.08119965        58789903561.522354       0.35399999999999998     
   433426485.72588152        424044707.70113754        60473280084.412315       0.35399999999999998     
   437942666.96597958        428315475.14433670        62445294202.288498       0.35399999999999998     
   437470522.92005593        427708531.30921173        64479074276.449028       0.35399999999999998     
   434136356.94488889        424304764.77843857        65742504119.879333       0.35399999999999998     
   429390965.25915986        419525032.13449478        67029722821.094742       0.35399999999999998     
   423704765.65040201        413828985.79272079        67551356644.925262       0.35399999999999998     
   417445205.18381500        407577524.99502182        68076892954.195000       0.35399999999999998     
   409958591.15388566        400140765.42257690        70218625920.390640       0.35399999999999998     
   400853750.57954025        391136674.64080048        72425073402.015854       0.35399999999999998     
   391256527.51622403        381659795.06822586        74194948097.678802       0.35399999999999998     
   381755191.86358345        372283926.28105545        76006372132.573700       0.35399999999999998     
   371853337.85761499        362524696.91992569        77337319746.342621       0.35399999999999998     
   360118529.22597814        350987125.24102974        78690661822.063660       0.35399999999999998     
   346178837.53376848        337310828.07651329        80297943540.919144       0.35399999999999998     
   330330360.34332806        321785119.73416519        81936765721.804077       0.35399999999999998     
   311583820.77601242        303453497.44242096        87131965685.841629       0.35399999999999998     
   290136600.13003004        282503486.87754059        92643095811.144592       0.35399999999999998     
   269417240.34872514        262267095.72807312        96440192757.426773       0.35399999999999998     
   251412740.00976709        244680338.13204956        100386669130.32573       0.35399999999999998     
   235036173.56981349        228685031.82608414        104587888810.52849       0.35399999999999998     
   219599378.23614374        213610150.15306664        108957853834.50546       0.35399999999999998     
   204834129.54532129        199193819.67386627        113288389571.28784       0.35399999999999998     
   190558042.82666114        185257908.22364235        117784116994.18329       0.35399999999999998     
   176745593.79619542        171778315.68590546        121640306265.10706       0.35399999999999998     
   163240046.18930879        158601137.05735874        125617690638.17908       0.35399999999999998     
   149472251.57669339        145170080.60867691        131448741014.83118       0.35399999999999998     
   135342131.96176067        131388943.15636063        137539472945.97784       0.35399999999999998     
   120839245.78502692        117243222.44573689        146080961779.13168       0.35399999999999998     
   106186616.77863425        102951350.86209059        155131004888.38043       0.35399999999999998     
   92348597.402600363        89463248.197319031        159109001652.54828       0.35399999999999998     
   79470546.248079225        76911048.945643425        163184926684.39685       0.35399999999999998     
   66938628.543481916        64692692.968386650        169247310845.53391       0.35399999999999998     
   54457551.922561079        52524586.800203562        175525801937.93311       0.35399999999999998     
   43843161.479322895        42190323.322883129        176020753168.12061       0.35399999999999998     
   36415003.044686571        34958557.780254841        176517045270.49271       0.35399999999999998     
   31450778.114272956        30108998.097496748        182888615598.20514       0.35399999999999998     
   28956648.211673141        27662859.302227020        189480863181.82712       0.35399999999999998     
   27656694.020518251        26387271.704450965        193217368504.20932       0.35399999999999998     
   26893848.434539255        25634364.980215549        197024615301.43878       0.35399999999999998     
   26425283.028469682        25181173.301859021        196294363599.45474       0.35399999999999998     
   26126116.044227332        24892957.661225915        195566712862.35138       0.35399999999999998     
   25629712.887677044        24391742.896998048        202217999567.61197       0.35399999999999998     
   24809827.987888031        23575301.536670804        209086339502.22629       0.35399999999999998     
   23848846.697363053        22629177.102115035        213393776940.08521       0.35399999999999998     
   22807080.553917497        21604442.094007015        217786400666.62686       0.35399999999999998     
   21642106.477532804        20454434.116377234        224122368082.50729       0.35399999999999998     
   20374116.565809321        19203896.376051068        230635220343.85648       0.35399999999999998     
   19028035.362320941        17873222.695547462        238651293070.34491       0.35399999999999998     
   17619067.639052525        16480827.747065067        246934650460.05539       0.35399999999999998     
   16298054.569605952        15198489.949118853        246930613429.48254       0.35399999999999998     
   15107754.688462064        14043638.215472758        246926576462.31464       0.35399999999999998     
   14050387.637449538        13035116.665834546        241083167514.30011       0.35399999999999998     
   13126206.946400626        12155843.238321483        235372722667.88922       0.35399999999999998     
   12152884.587790810        11189627.388141990        243320330470.64001       0.35399999999999998     
   11114294.831210354        10158883.630816221        251525394094.92172       0.35399999999999998     
   10139705.590131681        9198460.2782894373        256905302790.83768       0.35399999999999998     
   9276597.8111023530        8346189.4528891444        262395656100.81247       0.35399999999999998     
   8582779.1694004796        7693280.5320094824        255726016136.91754       0.35399999999999998     
   8049587.1932921475        7196269.7830783725        249219391350.61899       0.35399999999999998     
   7493480.6400370896        6619189.5084688962        263118896840.24103       0.35399999999999998     
   6875471.2262077853        5979273.4177439511        277761422967.10223       0.35399999999999998     
   6360819.7106871493        5500606.7357569039        270966925368.47797       0.35399999999999998     
   5982093.7813450545        5153970.8489338458        264332230917.70200       0.35399999999999998     
   5650664.7490797425        4831896.1036345363        265304997018.66873       0.35399999999999998     
   5328267.7508285455        4518212.8244180381        266281201342.11523       0.35399999999999998     
   4993088.4896264160        4159932.5310201347        278784061954.07886       0.35399999999999998     
   4651078.7982099308        3793143.9174749255        291849769113.87830       0.35399999999999998     
   4358442.2973312242        3511680.5103791356        291580731781.62207       0.35399999999999998     
   4121621.6242572507        3284781.9140754342        291311932669.18555       0.35399999999999998     
   3919327.9495640155        3072738.8859858215        297781551769.53339       0.35399999999999998     
   3742384.0843882384        2884757.1772866100        304389052982.64081       0.35399999999999998     
   3592770.7562791086        2726944.5862335414        309715457384.37299       0.35399999999999998     
   3475136.1339062457        2600015.1684924811        315131318387.99835       0.35399999999999998     
   3406914.3289404651        2583829.1350506246        297782727210.67249       0.35399999999999998     
   3388981.7359703118        2614301.9427977800        281353475768.38696       0.35399999999999998     
   3341980.7694384521        2525017.9614243954        298603776907.10010       0.35399999999999998     
   3235038.6016360894        2373288.9222902060        316867483614.35986       0.35399999999999998     
   3134526.1338394671        2295895.6157392710        310283577467.51782       0.35399999999999998     
   3062533.5782042448        2246042.7640717775        303831169952.03986       0.35399999999999998     
   2995775.8988350718        2153249.7948806882        314846016607.29346       0.35399999999999998     
   2934139.8301303759        2061595.0556682199        326243840272.78009       0.35399999999999998     
   2900013.4568123454        2071539.8853066266        312557782238.67084       0.35399999999999998     
   2892059.8719473281        2101704.6024946421        299424068240.69745       0.35399999999999998     
   2881025.8073671609        2071995.0169137418        307746509471.05103       0.35399999999999998     
   2864918.6651321091        2035918.6631261110        316290880778.51288       0.35399999999999998     
   2849679.4769188790        1987746.0175534189        328333810339.70782       0.35399999999999998     
   2836516.6708330037        1943716.1879110932        340816462746.92963       0.35399999999999998     
   2830752.9994208235        1934815.3670400679        343618981266.62756       0.35399999999999998     
   2834817.5923383678        1934343.8802770525        346443624086.64233       0.35399999999999998     
   2836927.4107471025        1936922.7284229547        347706345904.22046       0.35399999999999998     
   2830975.1287867990        1928964.0733217001        348973487023.51410       0.35399999999999998     
   2818291.6153013473        1913072.9253354818        350880835328.70825       0.35399999999999998     
   2800566.8485870883        1892999.6666829735        352798192917.99750       0.35399999999999998     
   2780618.4975205916        1863346.4827156514        356662464385.56281       0.35399999999999998     
   2759155.2404764108        1835178.0335672349        360567365515.64594       0.35399999999999998     
   2741468.6005744035        1837068.5940862149        356014669689.32623       0.35399999999999998     
   2734802.8544043172        1844731.2585546523        351517206129.64117       0.35399999999999998     
   2727234.6200172934        1835848.8884990960        353121267519.76208       0.35399999999999998     
   2713499.9301971402        1820603.6379825622        354732357162.00458       0.35399999999999998     
   2695869.9347421918        1790982.3476027995        358615041331.63812       0.35399999999999998     
   2674914.9993139696        1762193.2376655787        362538519527.87024       0.35399999999999998     
   2652757.4533663122        1769216.7908934206        354081914069.76581       0.35399999999999998     
   2636550.0838315459        1776779.1907495558        345814921059.57849       0.35399999999999998     
   2620540.4419780765        1647271.6616142094        362211273511.34967       0.35399999999999998     
   2616677.7720733467        1594021.3461956382        379352796831.11249       0.35399999999999998     
   2571035.0918448861        1640480.0463056713        375930352362.81201       0.35399999999999998     
   2545591.7374012163        1628035.2020187974        372537568899.22070       0.35399999999999998     
   2538125.0205822634        1601240.1624054015        375590962108.92834       0.35399999999999998     
   2532073.4004240953        1589313.8372638673        378668379964.65607       0.35399999999999998     
   2521181.1861982537        1608076.6591056734        373214910981.38281       0.35399999999999998     
   2515602.2227012501        1618149.2593024969        367836906453.45154       0.35399999999999998     
   2507008.8078023801        1597490.0032804012        373551427371.76141       0.35399999999999998     
   2509629.3888303973        1473599.5566340536        379351149131.00000       0.35399999999999998     
   2519684.1890056147        1478172.3727782071        384885042070.89117       0.35399999999999998     
   2525867.0722424663        1433454.0132099092        390496410571.97900       0.35399999999999998     
   2513209.2338946615        1564492.4251296371        391557212550.06689       0.35399999999999998     
   2502048.1397831156        1552565.3947781473        392620781395.36523       0.35399999999999998     
   2487064.3002847196        1517488.5745875090        392266763678.18066       0.35399999999999998     
   2475072.7986597293        1511287.5365497768        391913052496.84137       0.35399999999999998     
   2459671.2902122997        1536078.2445640117        384536890335.91144       0.35399999999999998     
   2448310.9520584913        1544675.0851098150        377294139494.01843       0.35399999999999998     
   2433973.0494771344        1520665.8338750601        382103580056.89899       0.35399999999999998     
   2431555.2537476174        1426877.5411576927        386971862701.10394       0.35399999999999998     
   2407137.7099043182        1501218.0937869102        380377244382.02325       0.35399999999999998     
   2388420.4402900301        1500459.0427461416        373890618670.21661       0.35399999999999998     
   2375042.8445816590        1418460.8918765187        379006049441.37201       0.35399999999999998     
   2386216.0542053981        1314377.4139267057        384188651628.63708       0.35399999999999998     
   2348266.9093867028        1463162.6112076193        374568206479.00916       0.35399999999999998     
   2323043.9047842701        1462888.2490680069        365179332513.35046       0.35399999999999998     
   2301696.2778438576        1433081.3140129596        369509520547.20972       0.35399999999999998     
   2306070.0026860838        1308162.9974887073        373888993473.09784       0.35399999999999998     
   2285296.3954936019        1373822.4374501556        372536867097.33594       0.35399999999999998     
   2267937.5643976936        1398792.5308089405        371189437088.54620       0.35399999999999998     
   2263230.6806247700        1382084.6346663386        371525330178.62366       0.35399999999999998     
   2264843.0748791392        1395836.1464350969        371861515149.88544       0.35399999999999998     
   2253070.5728516444        1244371.1546320617        371187446596.15070       0.35399999999999998     
   2246255.5473963288        1373808.1669721305        370514551499.57007       0.35399999999999998     
   2236252.8961006110        1376746.6017323881        369173611749.61316       0.35399999999999998     
   2226641.3939094432        1371274.8856024444        367837333052.67267       0.35399999999999998     
   2210104.6919052964        1375590.3971680701        359589304901.62109       0.35399999999999998     
   2206447.1428803867        1392156.9983736277        351519044226.75311       0.35399999999999998     
   2224144.5528265932        1407795.2501295954        352477756931.05115       0.35399999999999998     
   2269952.2172322241        1450307.9808913022        353438980532.33832       0.35399999999999998     
   2345854.4677530122        1541058.1165764481        346443422649.62158       0.35399999999999998     
   2454860.4515111800        1663852.5463580191        339580942669.45825       0.35399999999999998     
   2578871.3579553827        1794348.5076010972        335587765646.90271       0.35399999999999998     
   2708599.7988606202        1930114.7223897278        331639705810.96222       0.35399999999999998     
   2843880.1182535808        2076031.4822945446        325652187879.55322       0.35399999999999998     
   2985809.9567477521        2228150.6930295378        319768564942.42627       0.35399999999999998     
   3130888.6824323563        2383049.9441811591        313988070906.94672       0.35399999999999998     
   3277224.4526176406        2538880.5194111764        308308009539.05670       0.35399999999999998     
   3425025.7729479261        2691895.2236639261        304390297967.69806       0.35399999999999998     
   3574107.7277195337        2845915.6630750299        300520425108.90112       0.35399999999999998     
   3729197.9963906812        3008268.2319988310        295613403015.50360       0.35399999999999998     
   3892118.1030943058        3177977.9130553901        290783388615.21161       0.35399999999999998     
   4067796.1468373276        3363513.1932798624        284461936829.87933       0.35399999999999998     
   4259353.0253434554        3564112.5367069542        278272597220.72900       0.35399999999999998     
   4462776.2132722428        3780430.1505852640        270222537948.78113       0.35399999999999998     
   4656880.1052434593        3987140.7207123637        262396427313.68945       0.35399999999999998     
   4840460.0129606593        4174513.7057685852        258564528771.02933       0.35399999999999998     
   5014003.8151032273        4351766.3122338355        254786415112.09518       0.35399999999999998     
   5188788.0690475777        4528556.8487867713        251754680329.55972       0.35399999999999998     
   5370176.2404339099        4711634.7692832351        248757615909.18600       0.35399999999999998     
   5573853.4471884230        4923894.9536119401        242422810854.79254       0.35399999999999998     
   5807224.9644743651        5164637.2145574987        236243133392.26755       0.35399999999999998     
   6045554.4318692703        5402674.4180086851        233425066037.81744       0.35399999999999998     
   6276102.5868996745        5632925.5468789637        230639307709.11572       0.35399999999999998     
   6498993.9709831942        5851928.6735834479        229576843790.63492       0.35399999999999998     
   6717203.8962092642        6066358.5356130898        228519082662.70795       0.35399999999999998     
   6957026.9774563899        6306352.0520262122        225371918012.33237       0.35399999999999998     
   7234428.6074803285        6582788.7754356563        222266415389.86566       0.35399999999999998     
   7525573.6453720042        6865253.2442614138        222471992292.39288       0.35399999999999998     
   7820920.9014721122        7151705.7092472017        222677751858.55298       0.35399999999999998     
   8190917.6953160111        7526122.6426614523        215779674708.19531       0.35399999999999998     
   8669169.7639443520        8005216.4260743856        209087145491.12527       0.35399999999999998     
   9136398.5477789473        8453152.4751264453        211819070416.24942       0.35399999999999998     
   9531058.7112649530        8830365.3196914196        214585271984.96988       0.35399999999999998     
   10161990.354623377        9501957.1160567403        186848819123.63483       0.35399999999999998     
   11198821.725431576        10558895.064706802        162574828112.83688       0.35399999999999998     
   11935143.150190899        11249610.403617203        174387602330.65482       0.35399999999999998     
   11989607.425286900        11276634.010893404        187022818708.96741       0.35399999999999998     
   11943438.217232767        11235159.904162109        185461414956.63461       0.35399999999999998     
   12011324.458431603        11304363.444917977        183912540753.61456       0.35399999999999998     
   12004059.974970853        11282011.141519129        191427062677.50775       0.35399999999999998     
   11852786.896969808        11119193.399902344        199236125486.57031       0.35399999999999998     
   11734574.369317928        11006517.734523952        198311897634.47766       0.35399999999999998     
   11708181.040863141        10982979.773868442        197391789836.24719       0.35399999999999998     
   11704016.142910777        10978355.408077717        197759151627.69336       0.35399999999999998     
   11689808.825462595        10963933.005037844        198127170267.60281       0.35399999999999998     
   11674552.099387005        10949655.090810597        197943431675.66364       0.35399999999999998     
   11658079.227134192        10934181.219856918        197759856805.72620       0.35399999999999998     
   11691037.103608718        10976912.535127640        192677012587.18488       0.35399999999999998     
   11791553.409472153        11084938.184131563        187719817030.98416       0.35399999999999998     
   11896462.028843706        11194087.629215837        184256480742.23361       0.35399999999999998     
   11977454.820992403        11279811.194403172        180854584747.42102       0.35399999999999998     
   11949232.609958503        11245262.289444268        184428544987.86847       0.35399999999999998     
   11786180.247446457        11079712.097524941        188070315393.30481       0.35399999999999998     
   11649272.518408444        10953052.785699189        185115810378.60895       0.35399999999999998     
   11602122.175072243        10913445.549648523        182205930061.76590       0.35399999999999998     
   11562007.490191108        10874678.936267138        182205848586.46506       0.35399999999999998     
   11493778.533080190        10808582.718730152        182205767111.19766       0.35399999999999998     
   11462698.742995838        10785755.890964508        178671861839.17404       0.35399999999999998     
   11497143.359495725        10826397.635007620        175203866130.69281       0.35399999999999998     
   11571397.419703826        10907074.171047986        170999401165.49008       0.35399999999999998     
   11666629.567843314        11007835.462940037        166891981008.83148       0.35399999999999998     
   11748353.440408565        11093393.097261369        163797077931.92181       0.35399999999999998     
   11800579.105377998        11150179.703540862        160757366722.72253       0.35399999999999998     
   11824880.105249301        11179142.882103205        158068234080.24030       0.35399999999999998     
   11822725.397645783        11182322.650623977        155422357933.32669       0.35399999999999998     
   11801525.813297339        11167507.192845345        152532478049.96786       0.35399999999999998     
   11768178.912273562        11140775.270747602        149694274047.76175       0.35399999999999998     
   11705498.617398253        11081962.483506382        148713011391.39160       0.35399999999999998     
   11607989.018937733        10989345.974718392        147737931909.92993       0.35399999999999998     
   11595020.667261342        10985030.916689336        143492438769.72296       0.35399999999999998     
   11743110.919843107        11136597.031632841        139364327034.75125       0.35399999999999998     
