 HOM_NO9                  Loss by CS     Actual loss   Csat   molar mass
   0.0000000000000000        0.0000000000000000        16487223795624.910       0.29299999999999998     
   2.1677380931008710E-019   0.0000000000000000        16487168497493.289       0.29299999999999998     
   9.4094498119573045E-002   9.2529011839934228E-002   16487113198618.406       0.29299999999999998     
  0.10892641441449707       0.10595737188261456        16415249650860.020       0.29299999999999998     
  0.10657368135995203       0.10496347046864152        16343686106095.027       0.29299999999999998     
  0.11220744288148565       0.10929259234318600        16646514454922.287       0.29299999999999998     
  0.13215902595935666       0.12987095445690500        16954711502939.818       0.29299999999999998     
  0.12393236122840157       0.12032220278978301        17298427302341.260       0.29299999999999998     
  0.11662682381615615       0.11463876590351241        17648809421550.535       0.29299999999999998     
  0.11118618783134501       0.10800509968857774        17298391113807.271       0.29299999999999998     
  0.10014112140995847        9.8557449726705215E-002   16954640501681.695       0.29299999999999998     
   9.9677042082106107E-002   9.7018405940964669E-002   16999105569503.773       0.29299999999999998     
   9.9709148981276238E-002   9.6001217183152576E-002   17043682287386.949       0.29299999999999998     
   9.9431177635732032E-002   9.4714049627619090E-002   17058530343844.434       0.29299999999999998     
   9.8663795741956856E-002   9.2981656216674757E-002   17073390784019.129       0.29299999999999998     
   9.7436718340322970E-002   9.0981131311052899E-002   16602919045884.607       0.29299999999999998     
   9.6196231929672207E-002   8.9052006407727369E-002   16144875972570.645       0.29299999999999998     
   9.5256193331915998E-002   8.7258970107170875E-002   16286677794014.660       0.29299999999999998     
   9.4280170753031425E-002   8.5450215867847845E-002   16429671806615.352       0.29299999999999998     
   9.3113093782398029E-002   8.3474319610681746E-002   16573895356464.535       0.29299999999999998     
   9.1755055290099669E-002   8.1332915043788923E-002   16719330759455.182       0.29299999999999998     
   9.0281620582072800E-002   7.9152675614529322E-002   16777872654963.861       0.29299999999999998     
   8.8836816544675665E-002   7.7030733576563648E-002   16836610802246.354       0.29299999999999998     
   8.7415931531465596E-002   7.5105783487862787E-002   16675590018403.822       0.29299999999999998     
   8.6129048183336207E-002   7.3352229426320470E-002   16516044440553.459       0.29299999999999998     
   8.5192662899501753E-002   7.1661207446448216E-002   16792501250064.795       0.29299999999999998     
   8.4420018115442530E-002   7.0135428620285545E-002   17073386018790.031       0.29299999999999998     
   8.3701676386706364E-002   6.8630405034109998E-002   17404279730331.518       0.29299999999999998     
   8.3020774440759684E-002   6.7162144863014639E-002   17741308924135.812       0.29299999999999998     
   8.2354097961686107E-002   6.5761434564596932E-002   18021706265381.672       0.29299999999999998     
   8.1729982942876658E-002   6.4406833595897162E-002   18306343982867.016       0.29299999999999998     
   8.1088222115014999E-002   6.3646454714275436E-002   17927799791491.551       0.29299999999999998     
   8.1130757871979958E-002   6.3582242972254122E-002   17556757124843.693       0.29299999999999998     
   8.1852891900342242E-002   6.4142986880457720E-002   17253203148233.002       0.29299999999999998     
   8.3005921372679231E-002   6.5135937851589887E-002   16954678370897.033       0.29299999999999998     
   8.5390780223684945E-002   6.7091232950815538E-002   16910305701985.520       0.29299999999999998     
   9.1350499089871584E-002   7.2541516144329243E-002   16866044247848.674       0.29299999999999998     
  0.10047812990224039        8.0789412139697703E-002   17073424141553.988       0.29299999999999998     
  0.11186047954576361        9.1169447268272918E-002   17283244362819.289       0.29299999999999998     
  0.12387151236589952       0.10289560056165126        16777856251490.564       0.29299999999999998     
  0.13600118152141033       0.11468152620246030        16286636806058.316       0.29299999999999998     
  0.14828217459386908       0.12622048718005985        16088374382571.021       0.29299999999999998     
  0.16034537718544789       0.13749392158668527        15892424319628.219       0.29299999999999998     
  0.17238009231588688       0.14828250402277021        16004120225342.576       0.29299999999999998     
  0.18465828856173136       0.15924287173542062        16116567646903.432       0.29299999999999998     
  0.19670842710883582       0.17012738412463158        16088387887347.275       0.29299999999999998     
  0.20840170889334472       0.18062439430417321        16060255312746.938       0.29299999999999998     
  0.21961608257360957       0.19071231481632545        15976115362565.611       0.29299999999999998     
  0.23028093767008789       0.20024680164655884        15892397626186.713       0.29299999999999998     
  0.23978715179615503       0.20941125632523772        15372021195164.572       0.29299999999999998     
  0.24819777862377740       0.21753682906173921        14867984693888.920       0.29299999999999998     
  0.25587709255568186       0.22466933489188889        14545097591807.404       0.29299999999999998     
  0.26265189589794441       0.23095339450701147        14228932081574.027       0.29299999999999998     
  0.26911230813904907       0.23608043453360139        14354579321015.656       0.29299999999999998     
  0.27503507789474035       0.24067921675557891        14481288750266.965       0.29299999999999998     
  0.27887915374972749       0.24468623647670640        13955977362240.562       0.29299999999999998     
  0.28107723547814567       0.24715537656671138        13448944250338.365       0.29299999999999998     
  0.28406773341750380       0.24877910615371590        13688174511553.816       0.29299999999999998     
  0.28792248663008313       0.25123962332490990        13931477320166.596       0.29299999999999998     
  0.29197200038082638       0.25395229443821776        14153940542530.674       0.29299999999999998     
  0.29614822908622485       0.25679642026739025        14379803618092.359       0.29299999999999998     
  0.29968630990174538       0.25992495944962002        14253928857159.680       0.29299999999999998     
  0.30244493390509214       0.26234497803664425        14129109737843.273       0.29299999999999998     
  0.30451458366441220       0.26449033402423439        13870311615080.672       0.29299999999999998     
  0.30606431352720281       0.26617566343100130        13616056952248.582       0.29299999999999998     
  0.30704893415047141       0.26766596516491603        13248969868593.539       0.29299999999999998     
  0.30753347335587106       0.26870436315878976        12891372302983.045       0.29299999999999998     
  0.30813193637279529       0.26991417864220857        12531832675650.812       0.29299999999999998     
  0.30983377137736301       0.27222519324591410        12181908975884.754       0.29299999999999998     
  0.31241730415987856       0.27503113312603311        11978641248910.688       0.29299999999999998     
  0.31537387447946791       0.27821683956086041        11778624622083.414       0.29299999999999998     
  0.31831517416680311       0.28046421815666278        11915122846399.252       0.29299999999999998     
  0.31939252216559122       0.28087951548399204        12053135517437.137       0.29299999999999998     
  0.31861797789910584       0.27899773693960306        12366588900366.242       0.29299999999999998     
  0.31495967023360583       0.27427427571726604        12687841676705.281       0.29299999999999998     
  0.30976630418119955       0.26790432248236051        13063138380425.350       0.29299999999999998     
  0.30399041396278692       0.26094142425341005        13449054201129.871       0.29299999999999998     
  0.29764263668353280       0.25386702555533347        13688230424871.572       0.29299999999999998     
  0.29105967880749545       0.24657994839009767        13931477321894.633       0.29299999999999998     
  0.28409058007409627       0.23936535558541294        14029928667915.387       0.29299999999999998     
  0.27669239486489333       0.23176441297207440        14129046136624.447       0.29299999999999998     
  0.27006229863618997       0.22401623845922991        14532263683696.057       0.29299999999999998     
  0.26420400948922934       0.21696594295275240        14946488166215.814       0.29299999999999998     
  0.25853446763535343       0.21035552679905933        15277916677533.234       0.29299999999999998     
  0.25303559719661350       0.20390586697259394        15616376495470.656       0.29299999999999998     
  0.26883356294422828       0.21840647891960252        15864588888742.092       0.29299999999999998     
  0.30658697243972255       0.25408563209838242        16116576666444.111       0.29299999999999998     
  0.35310582368342386       0.29791255471655909        16415332250516.943       0.29299999999999998     
  0.40145008716724445       0.34324308323978769        16719386798321.979       0.29299999999999998     
  0.44883803972895764       0.38527149054601040        17679640422642.465       0.29299999999999998     
  0.49216274083600353       0.42278070352048047        18692573329761.254       0.29299999999999998     
  0.53630565894116011       0.46182750594956090        19387243615965.551       0.29299999999999998     
  0.58460791581849647       0.50453430294042789        20106591725927.184       0.29299999999999998     
  0.63188412995623144       0.54573694571166342        20869532406993.711       0.29299999999999998     
  0.67511544047465566       0.58254325106530658        21660143469492.004       0.29299999999999998     
  0.71284472947191713       0.61368669532844322        22440758312942.430       0.29299999999999998     
  0.74450006551520020       0.63848875774761993        23248262961478.426       0.29299999999999998     
  0.79548893247654795       0.68216834152185157        23938644705417.730       0.29299999999999998     
  0.86387176877232064       0.74213572110375736        24648626274696.922       0.29299999999999998     
  0.92939436585174540       0.79722381647110296        25685795705191.844       0.29299999999999998     
  0.98208779615607367       0.83897230413294821        26764662779516.438       0.29299999999999998     
   1.0185391488311688       0.86217331551759457        28270321151427.566       0.29299999999999998     
   1.0360997713053142       0.86590632780418275        29856850348024.027       0.29299999999999998     
  0.98385371566074520       0.80644814812276522        30551508187997.262       0.29299999999999998     
  0.87495422957091840       0.69247840663500071        31261617657110.375       0.29299999999999998     
  0.75259157445854330       0.56417209994803486        32314817761667.492       0.29299999999999998     
  0.63234957981969231       0.43845650502264988        33401923247842.434       0.29299999999999998     
  0.52691674475802375       0.33394953970377728        33487469684852.652       0.29299999999999998     
  0.44875643425567185       0.25631057109443667        33573225739571.918       0.29299999999999998     
  0.40252009063393351       0.20108563025033988        34672252081411.043       0.29299999999999998     
  0.38839227853019731       0.17922969164694358        35805655411608.883       0.29299999999999998     
  0.38511280750086230       0.17566567116525356        36446460268891.773       0.29299999999999998     
  0.38561025795756482       0.17313926823877779        37098229888371.602       0.29299999999999998     
  0.38658302615450635       0.17555181696398314        36973306910350.141       0.29299999999999998     
  0.38711092393129704       0.17716336947824196        36848786494349.297       0.29299999999999998     
  0.38453954208827407       0.16795593517690044        37985439637930.562       0.29299999999999998     
  0.38134394822721746       0.15040645123986174        39155594883750.000       0.29299999999999998     
  0.37561509868854481       0.14140152368584324        39887647186826.398       0.29299999999999998     
  0.36884114883673447       0.12355078212647008        40632783321328.391       0.29299999999999998     
  0.36479300703836515       0.12867970595272382        41705158650955.539       0.29299999999999998     
  0.36288970240269536       0.12137173570805437        42804579662250.625       0.29299999999999998     
  0.36192985602090277       0.11349123499180003        44153862520063.047       0.29299999999999998     
  0.36475933912024738       -2.8378530759949783E-002   45543778030875.109       0.29299999999999998     
  0.36077256559489818       0.10619289975919699        45543101685039.242       0.29299999999999998     
  0.35791904041928435       0.10445059119430233        45542425348812.047       0.29299999999999998     
  0.35698180263835300       0.11044931250956580        44562373668526.672       0.29299999999999998     
  0.35553702731243447       0.11578504488152497        43602516560813.875       0.29299999999999998     
  0.35749303235380736       0.11044705725086956        44937843231288.820       0.29299999999999998     
  0.36384258588710972       0.10889938034560487        46312238851121.344       0.29299999999999998     
  0.37067068134715586       0.11063391760638375        47211167554081.195       0.29299999999999998     
  0.37681794621261028       0.11157934408536363        48126772998018.961       0.29299999999999998     
  0.37935186710414520       0.12115124261509358        47014269529379.820       0.29299999999999998     
  0.37787547103696534       0.12671712564640103        45926391100565.742       0.29299999999999998     
  0.37610815675462955       0.11156121706014765        48247253450119.016       0.29299999999999998     
  0.37653157090239425        9.4973952391324445E-002   50680059719447.703       0.29299999999999998     
  0.37253239530891158       0.10104966309468466        49552677692581.492       0.29299999999999998     
  0.36211433807060334        9.8169578811333480E-002   48449307553119.312       0.29299999999999998     
  0.35238612123842433        5.3574127872089150E-002   48611238931868.148       0.29299999999999998     
  0.35082651705691781        8.6819300503181651E-002   48773687941682.086       0.29299999999999998     
  0.36049024853716427        8.4941162411466209E-002   50849521515878.930       0.29299999999999998     
  0.37710411797680388        8.9518307020238552E-002   53009705766410.539       0.29299999999999998     
  0.36873619140303582        8.2400087878424344E-002   52965315925216.562       0.29299999999999998     
  0.36390703130850882       -1.9246486653752726E-002   52920961638877.805       0.29299999999999998     
  0.36760132967361442      -0.10777237717177002        53987474298970.914       0.29299999999999998     
  0.37512483370254013        7.9297057171963559E-002   55074526332746.141       0.29299999999999998     
  0.37772199072742901        7.7693559071494889E-002   55949239172425.734       0.29299999999999998     
  0.38066391878529560        7.6433996255918402E-002   56837229799900.094       0.29299999999999998     
  0.36133055463562908        7.4749396750487307E-002   53987667875339.344       0.29299999999999998     
  0.34370247358983974        7.4147439874920451E-002   51275048875134.930       0.29299999999999998     
  0.35244353123507532        6.5822657325632861E-002   54122864539866.070       0.29299999999999998     
  0.37677961790797010        7.5468148336012675E-002   57121596191398.805       0.29299999999999998     
  0.36076666588188971        6.6682746572311657E-002   56042455201480.180       0.29299999999999998     
  0.35111806865233453        6.4263941180069395E-002   54982828864687.852       0.29299999999999998     
  0.36385412913656390        6.7729782430228980E-002   56790486517535.953       0.29299999999999998     
  0.37322993172992530        6.7456430981852833E-002   58654901972616.688       0.29299999999999998     
  0.35314186283249810        6.1188238808705719E-002   56415445889777.594       0.29299999999999998     
  0.33623018630885404        5.7826321909773881E-002   54257902299332.961       0.29299999999999998     
  0.34651546520551002        6.1683387871369177E-002   55626056534406.664       0.29299999999999998     
  0.34965230134885777        5.8063405865647510E-002   57027170331272.289       0.29299999999999998     
  0.35846855512751691      -0.21125931551636867        58996118114801.609       0.29299999999999998     
  0.36926413097689070      -0.18265519126917518        61029982913549.164       0.29299999999999998     
  0.38256826937464561        6.9510265480484890E-002   61485664997226.266       0.29299999999999998     
  0.37173470060425551        5.7714233242357693E-002   61944599765005.977       0.29299999999999998     
  0.37441061329785796        6.0706833825928896E-002   62149649799406.844       0.29299999999999998     
  0.38053096291753491        6.7135715628021231E-002   62355348849383.195       0.29299999999999998     
  0.36386298506856879      -0.66779696484860018        62664845753798.664       0.29299999999999998     
  0.37689042454098043        6.3126237189679912E-002   62975811387974.672       0.29299999999999998     
  0.36500543857649032      -0.24730352907333675        63602066429144.344       0.29299999999999998     
  0.36738565898746789        4.9809123114531673E-002   64234274386872.539       0.29299999999999998     
  0.35995949659643367        4.7757836101682827E-002   63497126525174.734       0.29299999999999998     
  0.35506218531779460        4.8222527767663337E-002   62768072450631.695       0.29299999999999998     
  0.37563317801372281        6.8540456969945041E-002   63028193796698.625       0.29299999999999998     
  0.35032911166940361      -0.55397307871210089        63289345844014.055       0.29299999999999998     
  0.35828977801170009        4.9343458175364674E-002   63918269768175.945       0.29299999999999998     
  0.35963139526315491        4.8568761091276613E-002   64553167696585.102       0.29299999999999998     
  0.34502547541712436        4.2402754399549991E-002   63183924390507.242       0.29299999999999998     
  0.33615268829064154        4.1822268485407932E-002   61842480814220.367       0.29299999999999998     
  0.35560168193256758        4.8521436143671437E-002   64500236862022.797       0.29299999999999998     
  0.38013876275795000        5.9553204939147619E-002   67267015233359.391       0.29299999999999998     
  0.35882234940594643        4.2424888992371734E-002   66715537874353.812       0.29299999999999998     
  0.35314278362490542        4.0760814747187624E-002   66168385396913.430       0.29299999999999998     
  0.35655531921832073        4.2751179106041093E-002   66660825025666.383       0.29299999999999998     
  0.36481665871247881        4.9411637617959414E-002   67156767989420.195       0.29299999999999998     
  0.34832970325104623        6.7214538896820386E-003   66277656386213.289       0.29299999999999998     
  0.34150728481771520      -0.15027346177616607        65409555600818.680       0.29299999999999998     
  0.34717320593800588        3.9342383476324017E-002   66331937522966.469       0.29299999999999998     
  0.36142066456538308        4.9631322055008198E-002   67266749840428.688       0.29299999999999998     
  0.35828335268304212        4.2996596871459403E-002   68157494041309.391       0.29299999999999998     
  0.35606255277586596      -0.46616476726937073        69059510580702.289       0.29299999999999998     
  0.35649527340849763        3.7728789366608950E-002   69229898370035.328       0.29299999999999998     
  0.36907271519332274        5.0196789273957876E-002   69400688091506.961       0.29299999999999998     
  0.35646228476222896        3.8974452051917297E-002   69343844031014.891       0.29299999999999998     
  0.35159888434829806      -0.60828028496082709        69287044492471.344       0.29299999999999998     
  0.34758818629584687        3.8094575627257043E-002   68101489771164.055       0.29299999999999998     
  0.33996358185256148        3.7203889144924673E-002   66935347358489.375       0.29299999999999998     
  0.35037990097770316        4.4605023223384777E-002   67709933346258.836       0.29299999999999998     
  0.35352322397220298        4.4631847108894007E-002   68493086295847.703       0.29299999999999998     
  0.34296252189114063        4.0098236831617839E-002   67432001237123.312       0.29299999999999998     
  0.33990509864398599        4.2935816338891541E-002   66386645593655.906       0.29299999999999998     
  0.34164472790680794        4.1476841826108668E-002   67211162748546.484       0.29299999999999998     
  0.34619902308534312        4.2603019280610610E-002   68045466859342.055       0.29299999999999998     
  0.32694289753573047        3.1679803572348675E-002   66495919923536.797       0.29299999999999998     
  0.31787861543593721        3.0732735894934748E-002   64980149504070.023       0.29299999999999998     
  0.32134712451824393        3.1555058650571510E-002   65679667677835.938       0.29299999999999998     
  0.32580930612447995        3.3110224154487611E-002   66386383476915.344       0.29299999999999998     
  0.32542361542461939        3.4350535120715620E-002   66168272170548.914       0.29299999999999998     
  0.32225272314859782        3.2827281733210256E-002   65950846214778.797       0.29299999999999998     
  0.32188388859586409        3.2745001609178814E-002   66005053844342.305       0.29299999999999998     
  0.32456586912239566        3.5660063675507558E-002   66059304079441.820       0.29299999999999998     
  0.32069352104557680        3.2857207033682556E-002   65950524968587.469       0.29299999999999998     
  0.31682376486860209        3.0045900477695398E-002   65841917159865.594       0.29299999999999998     
  0.31437104823005074       -9.2501714658942191E-002   65625430451790.758       0.29299999999999998     
  0.31961248011536836        3.5761503518477511E-002   65409624507079.141       0.29299999999999998     
  0.30740343446855245        3.0404464589700808E-002   64075984444999.398       0.29299999999999998     
  0.29810370325400842        2.7834932803912693E-002   62768370586389.906       0.29299999999999998     
  0.29860184044388971        2.8080390950210088E-002   62923852452196.656       0.29299999999999998     
  0.29846533914844492       -4.5980114918489079E-003   63079702607152.008       0.29299999999999998     
  0.29251501638093858        2.7271858369431357E-002   61944567048724.391       0.29299999999999998     
  0.28620116099467807        2.6552185196761613E-002   60828981647198.836       0.29299999999999998     
  0.28268679658866402        2.5376500985370143E-002   60178889437253.320       0.29299999999999998     
  0.27963074100623919        2.6571436105125912E-002   59535444710715.156       0.29299999999999998     
  0.27645038781421094        2.8114807720934110E-002   58558270294716.195       0.29299999999999998     
  0.27334713109022224        2.9652555658705282E-002   57596445836209.414       0.29299999999999998     
  0.27029220863348713        3.1144890524912761E-002   56649898967557.391       0.29299999999999998     
  0.26728378622955995        3.2585133074022998E-002   55718240291383.242       0.29299999999999998     
  0.26474481356154506        3.3122693094526312E-002   55074730949758.617       0.29299999999999998     
  0.26275355115438059        3.4108604080393512E-002   54438333502301.070       0.29299999999999998     
  0.26074758129442555        3.5871084544713661E-002   53630295296181.391       0.29299999999999998     
  0.25849717683655743        3.7318623528083350E-002   52833736139563.414       0.29299999999999998     
  0.25584198749868536        3.9486610504281927E-002   51789373553958.883       0.29299999999999998     
  0.25276910917858636        4.1143022550049757E-002   50764773686780.766       0.29299999999999998     
  0.24912625568205424        4.3624925182129459E-002   49429008222891.320       0.29299999999999998     
  0.24493691756540448        4.5421263616143293E-002   48126901486069.812       0.29299999999999998     
  0.24139877864279818        4.4863424735086532E-002   47488057827378.297       0.29299999999999998     
  0.23886585818159747        4.5156151807794309E-002   46857330720245.250       0.29299999999999998     
  0.23687661996988568        4.5425513466139655E-002   46350585985050.891       0.29299999999999998     
  0.23526556273080548        4.6020877687863226E-002   45849086113031.602       0.29299999999999998     
  0.23303574569185509        4.8531623246136135E-002   44787248082612.906       0.29299999999999998     
  0.22991141655771360        5.0095737090212644E-002   43748958803483.945       0.29299999999999998     
  0.22726034428910966        4.9611338588441356E-002   43274652930245.914       0.29299999999999998     
  0.22546920960311639        4.9877550736840526E-002   42805268740080.602       0.29299999999999998     
  0.22438463435275310        4.9541453221737086E-002   42626113089135.125       0.29299999999999998     
  0.22391173137882414        4.9782841324015337E-002   42447674916587.211       0.29299999999999998     
  0.22318870585961653        5.1342770316112230E-002   41916317100803.953       0.29299999999999998     
  0.22199350539968471        5.2455930673388274E-002   41391326208560.398       0.29299999999999998     
  0.22144010628260324        5.1697984444614598E-002   41426100044072.641       0.29299999999999998     
  0.22183779904662945        5.1810476813495931E-002   41460901828099.023       0.29299999999999998     
  0.22097109174788024        5.6040334685015125E-002   40292547994463.273       0.29299999999999998     
  0.21828200998714645        5.8457726435788615E-002   39155731990662.148       0.29299999999999998     
  0.21717968140251145        5.5311557406533041E-002   39620183133873.820       0.29299999999999998     
  0.21861082509139182        5.4440524171278426E-002   40089902452456.227       0.29299999999999998     
  0.21352280421465314        7.0201253712292022E-002   35353569402234.477       0.29299999999999998     
  0.20044540645962972        7.6058789292382301E-002   31155430448952.371       0.29299999999999998     
  0.19350133265936725        6.0713868037778340E-002   33205114962037.109       0.29299999999999998     
  0.19629411401905394        5.3593212741622764E-002   35383473909335.844       0.29299999999999998     
  0.19908466678396491        5.7342477759459776E-002   35115031094150.180       0.29299999999999998     
  0.19880860562491579        5.8174451068195410E-002   34848537654706.105       0.29299999999999998     
  0.19976332182619599        5.3315585169962709E-002   36139568711249.742       0.29299999999999998     
  0.20306798530534662        5.0470310268095453E-002   37476291208928.492       0.29299999999999998     
  0.20505061550470574        5.3001416236971188E-002   37318339964980.211       0.29299999999999998     
  0.20473879406924342        5.3349252372856704E-002   37161025798916.641       0.29299999999999998     
  0.20401246852255350        5.2336872870510476E-002   37223843020166.414       0.29299999999999998     
  0.20339778503929007        5.1396255006695313E-002   37286761835058.156       0.29299999999999998     
  0.20273226626570284        5.0848307172300267E-002   37255350053398.172       0.29299999999999998     
  0.20190957470142212        5.0147873652675479E-002   37223963592160.250       0.29299999999999998     
  0.19982295398130986        5.1939762407982926E-002   36353860836042.633       0.29299999999999998     
  0.19628781553037916        5.2315675774011972E-002   35503238257632.078       0.29299999999999998     
  0.19262045483115836        5.1446679493990288E-002   34907732378962.637       0.29299999999999998     
  0.18924279943342479        5.0778876798287520E-002   34321791207133.617       0.29299999999999998     
  0.18769596166343144        4.6571267554527118E-002   34937342160539.633       0.29299999999999998     
  0.18837232075729754        4.4385813875408076E-002   35563448541482.406       0.29299999999999998     
  0.18812285340408103        4.6338858021573337E-002   35055585418350.086       0.29299999999999998     
  0.18618236287715267        4.6701498003542063E-002   34554666280069.941       0.29299999999999998     
  0.18441043855642855        4.5027673089659714E-002   34554652244351.535       0.29299999999999998     
  0.18334159276665205        4.3978194878201649E-002   34554638208638.547       0.29299999999999998     
  0.18161821036833056        4.4969645528842861E-002   33945308665349.977       0.29299999999999998     
  0.17896419505084585        4.5085479021507169E-002   33346268604440.539       0.29299999999999998     
  0.17580460864304670        4.5260664658238525E-002   32618554116321.867       0.29299999999999998     
  0.17233321239874494        4.5069465582031398E-002   31906050912808.227       0.29299999999999998     
  0.16902624735051749        4.4268601580070843E-002   31368125565184.359       0.29299999999999998     
  0.16601809915166715        4.3700345609474667E-002   30838885529425.492       0.29299999999999998     
  0.16321019849572133        4.3054370295375399E-002   30369919482054.359       0.29299999999999998     
  0.16055405706182360        4.2511314426213254E-002   29907782813189.117       0.29299999999999998     
  0.15789207633717339        4.2156127934836363E-002   29402202634051.223       0.29299999999999998     
  0.15515416009861960        4.1688700727751993E-002   28904807826435.270       0.29299999999999998     
  0.15287122198071476        4.0266900287742935E-002   28732641339229.852       0.29299999999999998     
  0.15117256925810818        3.9364760409028143E-002   28561456542636.262       0.29299999999999998     
  0.14896873549466993        4.0431885668049894E-002   27814901186096.453       0.29299999999999998     
  0.14614260144300559        4.0874964826837612E-002   27087043274161.309       0.29299999999999998     
