 HOM20_OH_O8              Loss by CS     Actual loss   Csat   molar mass
   0.0000000000000000        0.0000000000000000        22818915932.064999       0.40200000000000002     
   1.3444101701795002E-012   0.0000000000000000        22818830088.964851       0.40200000000000002     
   1007358.4558838708        993404.18622563779        22818744244.746193       0.40200000000000002     
   1860146.1038274460        1834346.3392093480        22707215196.220596       0.40200000000000002     
   2478157.0517341085        2447022.8024565876        22596210759.128174       0.40200000000000002     
   3235211.9646205031        3194465.2586429119        23066338781.171661       0.40200000000000002     
   4466811.0350479521        4402390.9386425614        23545871052.348236       0.40200000000000002     
   4816741.2571213385        4747078.2882986665        24081919610.963531       0.40200000000000002     
   5026301.3018036122        4954957.4296625853        24629700231.864006       0.40200000000000002     
   5246552.1689816080        5171900.5050977468        24081863103.740814       0.40200000000000002     
   5041416.1167848054        4975137.0939384103        23545760456.603016       0.40200000000000002     
   5317551.2652142253        5247415.0683497787        23615032891.998558       0.40200000000000002     
   5555669.7128690723        5482220.5712433457        23684501401.515430       0.40200000000000002     
   5741470.5928560738        5665387.8483965993        23707645574.944607       0.40200000000000002     
   5886466.1495108455        5808278.5882592797        23730811505.637520       0.40200000000000002     
   6000738.7307998026        5920895.9591883421        22998594193.171162       0.40200000000000002     
   6107801.4672187977        6026397.9523724914        22288141172.361111       0.40200000000000002     
   6219495.7230940145        6136398.9516029358        22507825693.110035       0.40200000000000002     
   6318659.1579504041        6234028.5029235482        22729592987.985443       0.40200000000000002     
   6399815.7909140978        6313884.7702138424        22953505158.443504       0.40200000000000002     
   6457875.2447108459        6370946.0695087910        23179538968.384289       0.40200000000000002     
   6497145.3478761278        6409477.8959493637        23270591689.579308       0.40200000000000002     
   6524729.1929734945        6436477.6416586041        23361988508.510765       0.40200000000000002     
   6545228.9056539964        6456518.2033441067        23111532425.495461       0.40200000000000002     
   6568999.6706006872        6479786.9214701653        22863660969.620281       0.40200000000000002     
   6601361.7290792614        6511464.8932960033        23293350213.554222       0.40200000000000002     
   6631825.3988787383        6541267.5500224233        23730804076.731369       0.40200000000000002     
   6657916.5586134065        6566743.3661811948        24247266188.624805       0.40200000000000002     
   6677471.4337576069        6585766.9802348614        24774534162.782444       0.40200000000000002     
   6690384.9172398904        6598244.9756960869        25214134761.647381       0.40200000000000002     
   6699344.4178218041        6606819.5034846067        25661235315.800419       0.40200000000000002     
   6728407.5742809372        6635348.4900429845        25066816975.278114       0.40200000000000002     
   6853289.1269193226        6758392.9262288809        24485658192.434887       0.40200000000000002     
   7063057.3384845704        6965153.3305535316        24011314791.605885       0.40200000000000002     
   7336460.1855687192        7234671.0533931851        23545819443.918159       0.40200000000000002     
   7938945.9711030638        7828708.9066092968        23476712971.140671       0.40200000000000002     
   9535530.7621433921        9403217.9452935457        23407801682.832886       0.40200000000000002     
   12377710.591580456        12206077.996735692        23730863509.437668       0.40200000000000002     
   16867351.036031485        16633518.188638687        24058213206.357761       0.40200000000000002     
   23225613.836854145        22903656.238471508        23270566171.132812       0.40200000000000002     
   31793049.022105627        31351800.094052315        22507762159.354149       0.40200000000000002     
   42894551.279415011        42297746.934402466        22200672134.252964       0.40200000000000002     
   56764679.950482115        55972292.716929436        21897615817.534344       0.40200000000000002     
   73876938.074375778        72841227.267142296        22070309316.346794       0.40200000000000002     
   94908666.443045154        93571612.634326935        22244312927.399296       0.40200000000000002     
   120144335.05686423        118442769.78831577        22200693036.280388       0.40200000000000002     
   149811871.46364355        147677581.52960587        22157155455.179710       0.40200000000000002     
   184090540.52184734        181450941.93762970        22026997067.248241       0.40200000000000002     
   223151458.22809809        219929286.17541885        21897574564.301239       0.40200000000000002     
   266688269.04901063        262809331.19410324        21094979297.818176       0.40200000000000002     
   314398722.93488717        309789522.72817612        20320730396.286999       0.40200000000000002     
   365879238.24646288        360469286.61931610        19826413458.611343       0.40200000000000002     
   420294924.52658403        414023917.46309662        19343678651.716774       0.40200000000000002     
   477538604.51819539        470343839.73140335        19535367497.193363       0.40200000000000002     
   536882563.60068238        528712003.18803406        19728883673.585217       0.40200000000000002     
   597709723.29640853        588518822.96321106        18927967283.992451       0.40200000000000002     
   661919954.76734066        651627982.84733582        18158388909.162075       0.40200000000000002     
   730667668.68688607        719173902.26407623        18521062411.683582       0.40200000000000002     
   802394851.03337181        789623910.41220093        18890701673.051933       0.40200000000000002     
   877503739.79442167        863367195.28414917        19229368696.878738       0.40200000000000002     
   957424827.33629918        941807410.55567169        19573874637.542061       0.40200000000000002     
   1039953024.2118802        1022769545.3207169        19381797663.990589       0.40200000000000002     
   1122098880.2685688        1103307261.7960358        19191535201.239048       0.40200000000000002     
   1204158640.8598700        1183710889.0187073        18797700845.735992       0.40200000000000002     
   1287217784.5846484        1265043688.2301178        18411650235.372566       0.40200000000000002     
   1371369807.3142827        1347392344.5666809        17855828498.107204       0.40200000000000002     
   1457131849.8108101        1431260947.4935913        17316173586.016037       0.40200000000000002     
   1549073111.8903003        1521133343.0776825        16775421144.536720       0.40200000000000002     
   1654421137.5823557        1624094028.0415039        16250940226.121964       0.40200000000000002     
   1769733607.3387053        1736754526.4665833        15947110902.776987       0.40200000000000002     
   1891991845.2580760        1856136739.3804321        15648752678.894575       0.40200000000000002     
   2004738753.6583576        1966110896.1622772        15852296423.367247       0.40200000000000002     
   2085879465.6220517        2045022512.0584717        16058387089.493156       0.40200000000000002     
   2129513217.9947610        2087128513.5603638        16527521441.141193       0.40200000000000002     
   2123505147.5670764        2080576867.8383636        17009832121.695646       0.40200000000000002     
   2084994081.2218256        2042203471.6509705        17575163669.026329       0.40200000000000002     
   2026055301.2507424        1983864512.6135559        18158555415.601562       0.40200000000000002     
   1955128402.4155715        1913824822.8794556        18521147267.073666       0.40200000000000002     
   1877534516.2035534        1837306749.2750854        18890701675.680222       0.40200000000000002     
   1797647196.6346552        1758586407.3727722        19040498605.358322       0.40200000000000002     
   1719400899.1237493        1681521724.4231262        19191438305.519512       0.40200000000000002     
   1643365223.3265243        1606704383.6293335        19806793048.544918       0.40200000000000002     
   1570432727.2219536        1534991073.9756699        20441112170.798275       0.40200000000000002     
   1501381591.2525270        1467115954.9566040        20950187940.628410       0.40200000000000002     
   1436355715.5894401        1403216396.0150604        21471452288.019516       0.40200000000000002     
   1369589524.1607914        1337654160.3581161        21854602284.823273       0.40200000000000002     
   1294106149.0848722        1263623378.3941956        22244326890.374081       0.40200000000000002     
   1213581363.8467350        1184721835.4042816        22707343353.186310       0.40200000000000002     
   1131054202.4994464        1103914586.0735321        23179626109.511620       0.40200000000000002     
   1053337174.3222378        1027886629.6703644        24677964578.616852       0.40200000000000002     
   981229949.55724192        957381513.62178040        26269264788.080723       0.40200000000000002     
   912149431.14098501        889836366.78998566        27366697899.278980       0.40200000000000002     
   845472296.94442689        824651948.50862503        28508169766.584126       0.40200000000000002     
   783832993.35486233        764403398.18647385        29724254651.195885       0.40200000000000002     
   725071309.88380647        706980504.63852310        30990163975.339989       0.40200000000000002     
   668913877.48466194        652113447.17075348        32245598318.460487       0.40200000000000002     
   616167444.99908519        600588143.78245926        33549881595.791519       0.40200000000000002     
   564656842.72382855        550280981.58378220        34669375705.331345       0.40200000000000002     
   512627866.77452153        499480899.22874451        35824756700.454025       0.40200000000000002     
   459623549.32195175        447744133.25897598        37519848952.407166       0.40200000000000002     
   407221339.00479168        396604471.37254143        39291948204.975227       0.40200000000000002     
   359700185.21507907        350231028.54819679        41779581076.251671       0.40200000000000002     
   312210266.61189282        303889415.56636429        44418324762.914665       0.40200000000000002     
   267904316.91973752        260659436.64850998        45579130306.047089       0.40200000000000002     
   226323782.23147088        220090913.36601067        46769080880.502914       0.40200000000000002     
   187412432.80612946        182124884.66720963        48540005763.013847       0.40200000000000002     
   149500344.61778066        145135779.16042709        50375322891.581230       0.40200000000000002     
   117773366.87793806        114197349.93160439        50520059488.873344       0.40200000000000002     
   96107828.371885806        93070950.388195515        50665195914.463753       0.40200000000000002     
   81767582.688612938        79067956.021627903        52529185441.311058       0.40200000000000002     
   73866683.325837240        71341804.549261093        54459025505.538544       0.40200000000000002     
   69369395.015929878        66943680.671289444        55553430986.578041       0.40200000000000002     
   66774023.131065845        64399511.069586277        56668967767.600746       0.40200000000000002     
   65188469.293034591        62856163.530116081        56454969614.378517       0.40200000000000002     
   64206276.539457150        61900879.548908710        56241748630.729858       0.40200000000000002     
   63576922.111302316        61263513.622185707        58191303253.363564       0.40200000000000002     
   63080183.934778869        60754933.265120029        60205750214.400688       0.40200000000000002     
   62299112.822812937        59978462.661992073        61469739248.515480       0.40200000000000002     
   60819662.983999446        58521391.200473785        62759222286.688538       0.40200000000000002     
   59132842.726968743        56855585.792014122        64620049954.386070       0.40200000000000002     
   57644577.665313587        55382815.360382557        66533863800.620605       0.40200000000000002     
   56015721.907000318        53767857.699317932        68890801643.501251       0.40200000000000002     
   53951629.379630268        51728081.398690939        71327900395.100677       0.40200000000000002     
   51538627.470079094        49378758.179251432        71326712254.254028       0.40200000000000002     
   48800414.447254866        46713011.101258993        71325524132.434677       0.40200000000000002     
   46100950.510396391        44106445.629936934        69606135402.436066       0.40200000000000002     
   43742895.282907344        41832095.627444744        67926631303.836891       0.40200000000000002     
   41409124.777396716        39532896.027038813        70264315426.347198       0.40200000000000002     
   38855152.214224033        37018307.774638653        72679241006.488724       0.40200000000000002     
   36319334.819716528        34531581.591420889        74263474622.703842       0.40200000000000002     
   34071882.397800028        32325436.846386909        75880877665.613968       0.40200000000000002     
   32065676.934432853        30398119.991544247        73916153350.158096       0.40200000000000002     
   30235713.990327757        28642032.451446056        72000382553.364243       0.40200000000000002     
   28451316.210166506        26857775.829438448        76093985111.717819       0.40200000000000002     
   26705409.133513525        25107726.074836493        80410838877.778381       0.40200000000000002     
   25071441.530762382        23543575.102987647        78407161920.377045       0.40200000000000002     
   23567602.912184097        22105900.720325589        76451526503.813812       0.40200000000000002     
   22151836.438212872        20726884.597418666        76738200507.912186       0.40200000000000002     
   20770644.208563786        19381252.168888807        77025907728.359772       0.40200000000000002     
   19469419.281287227        18072619.744972587        80712492825.975586       0.40200000000000002     
   18324071.289478753        16913327.917108536        84568378018.408752       0.40200000000000002     
   17316202.951566279        15935528.724201202        84488947668.818909       0.40200000000000002     
   16404113.361158215        15051339.216902018        84409589034.447372       0.40200000000000002     
   15564025.689484375        14213280.208963990        86320021849.561569       0.40200000000000002     
   14790958.988407506        13439788.875557184        88271980168.862946       0.40200000000000002     
   14173090.989701387        12822011.777751923        89846066611.598083       0.40200000000000002     
   13839567.265132360        12480904.709386826        91447114436.297638       0.40200000000000002     
   13715668.575690929        12424476.579364121        86320369020.833878       0.40200000000000002     
   13739866.760166679        12509161.287570834        81470500336.383102       0.40200000000000002     
   13641073.477954583        12356634.045682847        86562875676.355621       0.40200000000000002     
   13207835.286629792        11873678.748389125        91960473655.253693       0.40200000000000002     
   12714634.138650654        11419079.426121593        90013990739.404236       0.40200000000000002     
   12344268.359534055        11084159.298032403        88107141667.536896       0.40200000000000002     
   12118244.304563317        10829212.750954390        91362759887.742966       0.40200000000000002     
   12099550.464171862        10774153.655242324        94733840000.834000       0.40200000000000002     
   12195904.672465604        10917808.780028224        90686255049.883011       0.40200000000000002     
   12291509.660473188        11059337.656431139        86805170926.940689       0.40200000000000002     
   12343612.437755520        11085213.297689915        89264132903.501678       0.40200000000000002     
   12357345.415361429        11072048.718547642        91789974534.907135       0.40200000000000002     
   12369087.933221832        11044984.419896364        95352224412.749451       0.40200000000000002     
   12409792.275101023        11044500.670200706        99047149546.681885       0.40200000000000002     
   12494722.132198466        11120151.023301542        99877063586.225662       0.40200000000000002     
   12637513.304327223        11252381.939679682        100713658800.84253       0.40200000000000002     
   12757571.534352580        11367909.645428419        101087690165.20544       0.40200000000000002     
   12775629.401727937        11384215.323540151        101463056384.36011       0.40200000000000002     
   12727152.056826109        11333614.239891112        102028120236.10513       0.40200000000000002     
   12643097.949256223        11248267.481902719        102596207923.11102       0.40200000000000002     
   12544291.419256508        11141947.857730985        103741317462.23094       0.40200000000000002     
   12448941.775057523        11038777.309714854        104898705147.20409       0.40200000000000002     
   12377577.328540020        10987328.842881501        103549338356.02913       0.40200000000000002     
   12342192.824277963        10970918.596492827        102216661995.20067       0.40200000000000002     
   12285504.015610283        10913486.171470046        102691936407.44438       0.40200000000000002     
   12167437.761483520        10795899.293959498        103169334331.52316       0.40200000000000002     
   12000328.388515878        10622916.118642986        104320018985.04288       0.40200000000000002     
   11791249.316291355        10408883.713546693        105483032728.17282       0.40200000000000002     
   11580863.879953254        10234353.774930179        102976590154.80748       0.40200000000000002     
   11400699.501872396        10088970.423081756        100527440014.17996       0.40200000000000002     
   11176449.380749334        9819685.6090343595        105386019970.90604       0.40200000000000002     
   10863914.818078358        9460963.9242957830        110469855136.30872       0.40200000000000002     
   10585266.103266723        9203086.4843859076        109454472724.25072       0.40200000000000002     
   10429781.243715908        9065418.7292115092        108448062697.65520       0.40200000000000002     
   10340564.990485530        8971066.8791090250        109353790771.77443       0.40200000000000002     
   10281484.442694016        8905642.3908724785        110266786120.68025       0.40200000000000002     
   10236739.478077909        8882028.9067634940        108648970618.30539       0.40200000000000002     
   10195735.911104186        8862090.6795896888        107053979811.93835       0.40200000000000002     
   10104713.399753798        8757387.5302625895        108748788046.57967       0.40200000000000002     
   9915696.6185874250        8556530.6685736775        110469366249.27068       0.40200000000000002     
   9739763.5451575965        8369163.4341968894        112111545950.29051       0.40200000000000002     
   9678818.5517134219        8293405.5166211128        113777172278.83080       0.40200000000000002     
   9654554.8454475738        8268213.2988362908        114092101905.10272       0.40200000000000002     
   9593693.3687579148        8207474.7506970763        114407869147.65900       0.40200000000000002     
   9504638.1869490016        8123922.2124373913        114302761602.76668       0.40200000000000002     
   9396887.9318335019        8022169.3207337856        114197746858.91011       0.40200000000000002     
   9286194.3883036301        7940090.5585128665        112008218888.79782       0.40200000000000002     
   9185194.8837409560        7867239.8039327860        109859064854.04230       0.40200000000000002     
   9051721.3879222125        7724141.2765360475        111286092424.99236       0.40200000000000002     
   8854197.4296052493        7517867.9312523603        112730925078.77986       0.40200000000000002     
   8633076.1433844808        7325295.7084216475        110773825451.51874       0.40200000000000002     
   8408024.5883154795        7128900.9639760852        108849400625.70375       0.40200000000000002     
   8170204.7189562004        6883100.2188066244        110366973036.97940       0.40200000000000002     
   7911309.3859351380        6615947.8428692818        111904867784.07635       0.40200000000000002     
   7660034.0348773692        6403188.5390195847        109050395194.58577       0.40200000000000002     
   7439601.3360239752        6220174.7592127621        106265967641.91516       0.40200000000000002     
   7227022.7876599208        6001480.0318763256        107549991241.96950       0.40200000000000002     
   7006339.0201786682        5773870.3544081748        108848918547.68460       0.40200000000000002     
   6794991.1262614932        5573664.6354607046        108447854538.23773       0.40200000000000002     
   6609104.1127585201        5398269.9229355454        108048210924.63295       0.40200000000000002     
   6429179.9394625854        5223297.5653628409        108147833224.24380       0.40200000000000002     
   6234932.1438564342        5034249.7969628572        108247543797.48203       0.40200000000000002     
   6037905.1205757353        4845679.8941510916        108047620570.94589       0.40200000000000002     
   5848965.9252912495        4664891.2609166205        107848052227.05533       0.40200000000000002     
   5664249.9163008751        4490306.2484827340        107450374533.74033       0.40200000000000002     
   5481142.5567163946        4317195.1637551486        107054106313.92824       0.40200000000000002     
   5306312.5570236249        4173665.5731231868        104608791903.67238       0.40200000000000002     
   5148503.5370311160        4046342.7376428246        102217206589.66138       0.40200000000000002     
   5032083.9275251972        3931082.6059947908        102501262909.23994       0.40200000000000002     
   4990015.5154553056        3887634.0321171284        102786077842.93562       0.40200000000000002     
   5001446.4915950689        3920991.6129657328        100713599135.15123       0.40200000000000002     
   5064911.1446848176        4004823.5869855285        98681314027.258713       0.40200000000000002     
   5136728.2173954174        4087841.8335548341        97499113214.068146       0.40200000000000002     
   5185575.2676919904        4148155.1367734969        96330530953.984589       0.40200000000000002     
   5207146.0617189733        4188124.6761975884        94558794317.201126       0.40200000000000002     
   5204183.7672369750        4203895.9962767661        92818400408.731293       0.40200000000000002     
   5172959.6876752255        4191817.3061767817        91109101684.175507       0.40200000000000002     
   5117273.7980996519        4155570.4020065963        89430080275.692703       0.40200000000000002     
   5032992.2664488666        4086004.9430885613        88272348032.777939       0.40200000000000002     
   4921509.2243498089        3989678.8597294390        87129029191.531982       0.40200000000000002     
   4788757.7478963174        3875913.9369914234        85679694580.035751       0.40200000000000002     
   4644449.8164239191        3750600.5003663301        84253548902.245956       0.40200000000000002     
   4491212.0254948428        3621079.4299113154        82387707971.299210       0.40200000000000002     
   4341202.2831389476        3494255.7899301350        80561620390.500092       0.40200000000000002     
   4114767.2041552579        3298558.1137326956        78187701591.557495       0.40200000000000002     
   3563237.6891729184        2785936.2105410099        75881104902.445587       0.40200000000000002     
   3309266.9338698862        2550957.6261224151        74752197712.153976       0.40200000000000002     
   3231316.7105092811        2486713.1958026588        73639445496.124908       0.40200000000000002     
   3238095.4226327059        2502725.5958708674        72746746462.371231       0.40200000000000002     
   3289260.4629497738        2561755.5910384804        71864455852.945679       0.40200000000000002     
   3366794.1414508019        2656255.0480171442        70000248676.991348       0.40200000000000002     
   3464192.2813199442        2769653.7029665709        68182579304.455406       0.40200000000000002     
   3577265.2597626979        2888545.0884343088        67353979424.595764       0.40200000000000002     
   3701661.5943218414        3018138.3271171898        66535065204.360214       0.40200000000000002     
   3839521.1885976652        3155873.4500147402        66222787585.761879       0.40200000000000002     
   3995621.4931143816        3311316.1302704215        65911919334.555626       0.40200000000000002     
   4170827.9488583244        3491302.9711469710        64987151991.190369       0.40200000000000002     
   4368922.4883554457        3693535.8814666271        64074865874.826622       0.40200000000000002     
   4589138.1689302744        3907803.4343631864        64135249641.748413       0.40200000000000002     
   4829307.1720875790        4141343.2594501674        64195688118.114029       0.40200000000000002     
   5097071.7315344783        4421859.4974837601        62170073345.628273       0.40200000000000002     
   5400225.6848001862        4736370.0264486372        60205986680.796104       0.40200000000000002     
   5723738.1930584377        5044136.6575348377        61007595593.995911       0.40200000000000002     
   6050985.6980597973        5355063.0857035220        61819461155.545403       0.40200000000000002     
   6390983.9040059391        5762918.7670485079        53688356056.927429       0.40200000000000002     
   6744354.7758639269        6173529.6720170081        46590928866.971069       0.40200000000000002     
   7005503.0313507672        6397072.2878109813        50042513054.538452       0.40200000000000002     
   7078850.2848290913        6434493.3395713568        53739297293.611656       0.40200000000000002     
   7077410.8288973831        6437821.3691293597        53282202838.423409       0.40200000000000002     
   7055964.7865860611        6421783.8772024810        52828848201.597672       0.40200000000000002     
   7004545.5115887653        6352134.0203215480        55029008131.527428       0.40200000000000002     
   6921063.0028981566        6250364.1004886329        57317135656.924103       0.40200000000000002     
   6825562.9522187067        6160603.6573381126        57046238607.962418       0.40200000000000002     
   6726166.1822417974        6067136.8109760582        56776572871.855347       0.40200000000000002     
   6623960.9118736116        5967482.9193333387        56884236639.657379       0.40200000000000002     
   6514982.1257721428        5861135.9735986292        56992096701.759491       0.40200000000000002     
   6402378.4485776303        5752813.7824580967        56938245542.807121       0.40200000000000002     
   6287388.3607071377        5642149.1546007693        56884443311.831573       0.40200000000000002     
   6174512.1526164748        5546762.1997360587        55395138263.251076       0.40200000000000002     
   6071861.0777859380        5461079.4762943089        53943363972.656960       0.40200000000000002     
   5970918.6843430297        5373021.8520325422        52929513038.428185       0.40200000000000002     
   5866355.4898044784        5281133.6593273282        51933998548.700417       0.40200000000000002     
   5746482.5198158659        5155769.1135048568        52979874375.476517       0.40200000000000002     
   5614493.2533221990        5018269.6904384196        54045988051.100471       0.40200000000000002     
   5483174.9093714878        4898990.9250038862        53181038343.659767       0.40200000000000002     
   5358633.6254526842        4786346.1171339452        52329407747.261421       0.40200000000000002     
   5242989.2115838630        4674636.0137658417        52329383905.578064       0.40200000000000002     
   5132621.8781735599        4567907.9821314216        52329360063.905556       0.40200000000000002     
   5023047.8310674047        4471239.4014215469        51295442940.964348       0.40200000000000002     
   4920636.0837623449        4381499.2491129041        50281184636.825378       0.40200000000000002     
   4819399.1363204997        4294731.2110284865        49052046218.115395       0.40200000000000002     
   4710669.3614699980        4200376.5139012337        47851829304.571220       0.40200000000000002     
   4597120.8210747391        4098650.6752443910        46947844936.704399       0.40200000000000002     
   4480545.7968542473        3993766.9921647906        46060295571.733536       0.40200000000000002     
   4361573.1658038478        3885597.8757942021        45275373964.703194       0.40200000000000002     
   4240548.2437530505        3775260.0112091601        44503324576.507538       0.40200000000000002     
   4122371.9494586647        3668308.7789006829        43660360379.014900       0.40200000000000002     
   4010831.8359678895        3567632.7959270477        42832763466.280151       0.40200000000000002     
   3901541.3022581125        3464443.6978898048        42546704045.120956       0.40200000000000002     
   3792737.6004588399        3361603.7898325473        42262482482.283714       0.40200000000000002     
   3712015.5785689065        3294215.0913453549        41025398816.964447       0.40200000000000002     
   3681859.1454159571        3275741.2406378686        39823181558.192825       0.40200000000000002     
