 HOM18_OH_O7              Loss by CS     Actual loss   Csat   molar mass
   0.0000000000000000        0.0000000000000000        50463409820.733528       0.35799999999999998     
   2.0338262046386439E-018   0.0000000000000000        50463223200.835869       0.35799999999999998     
   3.5424616866706198        3.4905494571446525        50463036578.494705       0.35799999999999998     
   12.824803181728356        12.636538339377353        50220566234.337036       0.35799999999999998     
   32.782041111118538        32.346292636106682        49979216360.342285       0.35799999999999998     
   76.395062672608162        75.376403113363267        51001249128.752335       0.35799999999999998     
   173.60691987649986        170.95825022428471        52043362209.850861       0.35799999999999998     
   284.25112574438288        279.89886725610631        53207869857.741188       0.35799999999999998     
   427.60866116292721        421.18766399474407        54397409920.413475       0.35799999999999998     
   612.25808547291695        603.03410187451664        53207747125.248199       0.35799999999999998     
   781.68182024389716        770.80895388926729        52043121906.462830       0.35799999999999998     
   1054.6406805996398        1039.9095476943330        52193633904.148918       0.35799999999999998     
   1358.6551162583610        1339.6221033907932        52344564400.084045       0.35799999999999998     
   1688.4388213065181        1664.7223036903888        52394846832.332733       0.35799999999999998     
   2042.2798230686851        2013.5191831300908        52445175699.826591       0.35799999999999998     
   2422.2500214921606        2388.0774727635435        50853998041.270035       0.35799999999999998     
   2841.2593500301937        2801.1093094654498        49309294586.956429       0.35799999999999998     
   3289.0831040722933        3242.4884553129086        49787031962.556023       0.35799999999999998     
   3735.2670461463345        3682.2166398564586        50269218413.373032       0.35799999999999998     
   4175.1807769494089        4115.7288633941207        50755987471.854507       0.35799999999999998     
   4610.2271844710358        4544.4081641755183        51247287117.216660       0.35799999999999998     
   5046.8033337575489        4974.5733231269987        51445173302.616920       0.35799999999999998     
   5491.7086783581417        5412.9182254993939        51643794109.409805       0.35799999999999998     
   5951.4030421242833        5865.8435846453067        51099478920.515984       0.35799999999999998     
   6440.0229854940562        6347.2577080527553        50560682347.413498       0.35799999999999998     
   6944.7026368066727        6844.3940281142714        51494632675.172493       0.35799999999999998     
   7427.0249580873515        7319.4491070761578        52445159560.378670       0.35799999999999998     
   7882.4054344155393        7767.8914676271379        53566978251.048553       0.35799999999999998     
   8310.1049508204360        8189.0052088040393        54711850468.876938       0.35799999999999998     
   8713.0585879375649        8585.7004601719091        55666051607.831993       0.35799999999999998     
   9099.5880945748086        8966.1687901852420        56636242741.964249       0.35799999999999998     
   9527.5981484970380        9387.6921378718689        55346313946.268852       0.35799999999999998     
   10162.545369427078        10013.158581916825        54084657484.083450       0.35799999999999998     
   11003.106540812929        10841.228163048392        53054513868.120369       0.35799999999999998     
   12028.143379159230        11851.066191574908        52043250074.611954       0.35799999999999998     
   13736.946578097177        13534.622718091239        51893091193.066231       0.35799999999999998     
   17381.052796255921        17125.346713305684        51743348952.674011       0.35799999999999998     
   23515.677181685467        23170.014318207745        52445288679.126808       0.35799999999999998     
   32901.193122583267        32417.644516157918        53156379619.107056       0.35799999999999998     
   46169.187824162225        45490.631515180692        51445117844.853630       0.35799999999999998     
   64429.406536866765        63481.292830422521        49786893810.222328       0.35799999999999998     
   88477.893057718058        87172.528243630193        49119057676.067345       0.35799999999999998     
   118922.91842232470        117162.40522965603        48459840073.995132       0.35799999999999998     
   156755.92347600780        154424.94108965062        48835507222.145676       0.35799999999999998     
   202805.92853953381        199774.92148297466        49213973872.953339       0.35799999999999998     
   258001.77873084787        254124.77983759344        49119103137.523445       0.35799999999999998     
   323612.69125100819        318720.35955957696        49024408267.938751       0.35799999999999998     
   400852.67485810065        394752.87939859182        48741293036.855469       0.35799999999999998     
   491169.08895263885        483641.86199010536        48459750328.180367       0.35799999999999998     
   595363.04863358114        586172.82374525070        46713166087.771454       0.35799999999999998     
   712213.60160008050        701132.81239826232        45027199862.310471       0.35799999999999998     
   839283.04918425286        826113.15114714950        43950232024.716042       0.35799999999999998     
   974452.71579345444        959022.59930424392        42898058449.161598       0.35799999999999998     
   1115911.6117713307        1098066.4117915630        43315918074.385895       0.35799999999999998     
   1259943.6364323241        1239588.4887495190        43737690517.310158       0.35799999999999998     
   1415801.7980504245        1392692.0726720542        41991613142.959702       0.35799999999999998     
   1604916.9802567866        1578431.9925407171        40312674799.941566       0.35799999999999998     
   1826948.4617643571        1796447.2781365663        41104042989.750381       0.35799999999999998     
   2073389.0564759029        2038365.9263547212        41910340285.369263       0.35799999999999998     
   2354347.0549250059        2314095.6185326874        42648842505.829544       0.35799999999999998     
   2683042.7242119536        2636600.7929731607        43399850797.008675       0.35799999999999998     
   3064013.8119392954        3010300.6990630627        42981159083.594505       0.35799999999999998     
   3486737.2088737232        3424798.5088933110        42566353257.040489       0.35799999999999998     
   3952311.3942747046        3881135.2647632062        41707502189.184013       0.35799999999999998     
   4468842.4387668557        4387216.7176857889        40865329143.889702       0.35799999999999998     
   5042120.1693617962        4948663.1067939997        39652270816.998726       0.35799999999999998     
   5680308.0690949922        5573414.2960487008        38473882927.429939       0.35799999999999998     
   6396033.0633314177        6273781.7852408290        37292473273.253456       0.35799999999999998     
   7197238.2194747943        7057447.3988490105        36145995591.498932       0.35799999999999998     
   8060218.4835559484        7901084.2816321850        35481560542.969856       0.35799999999999998     
   8970686.9351898693        8790587.7542955875        34828881065.764610       0.35799999999999998     
   9831475.2206575051        9630788.5925408602        35274169880.727943       0.35799999999999998     
   10519783.268318931        10301480.322042227        35724931739.584824       0.35799999999999998     
   10990621.895930544        10758843.596058249        36750659263.918915       0.35799999999999998     
   11157783.277013626        10918750.484977365        37804681113.686531       0.35799999999999998     
   11121263.367368367        10879342.498753130        39039489014.769836       0.35799999999999998     
   10953579.009591449        10711756.870726824        40313038184.822899       0.35799999999999998     
   10715640.409496669        10475594.509242237        41104228116.665413       0.35799999999999998     
   10442207.912369598        10204915.127371073        41910340291.101212       0.35799999999999998     
   10166925.491749913        9932583.3339405656        42237017114.127274       0.35799999999999998     
   9925712.4932186641        9693725.1231629252        42566141989.514061       0.35799999999999998     
   9694123.3968863152        9464645.7512671947        43907475729.813942       0.35799999999999998     
   9461490.7640907690        9234866.5404754877        45289407805.829445       0.35799999999999998     
   9242792.1134526674        9018869.4782996774        46397956553.152206       0.35799999999999998     
   9042913.9647791013        8821407.7530349493        47532573380.422752       0.35799999999999998     
   8814823.9376765024        8596574.4617708921        48366263193.694054       0.35799999999999998     
   8499653.0743830875        8287021.1281861663        49214004241.108658       0.35799999999999998     
   8132149.0992534850        7926714.3074601293        50220844866.273369       0.35799999999999998     
   7744066.3399185510        7546620.5557293892        51247476508.576286       0.35799999999999998     
   7415358.8113056673        7224903.7465811968        54502197321.127441       0.35799999999999998     
   7093407.6751694195        6910063.7343972921        57955184252.137939       0.35799999999999998     
   6737198.5983905587        6561859.2391479909        60334440413.009438       0.35799999999999998     
   6351072.7776294015        6184586.5028574467        62807456834.849464       0.35799999999999998     
   6000752.3561167885        5842329.8015935421        65440276751.865875       0.35799999999999998     
   5650196.5271104267        5499962.3730890453        68179026047.708427       0.35799999999999998     
   5299767.6065301914        5157822.9351457953        70893238170.266998       0.35799999999999998     
   4998355.1625004169        4863524.8618666530        73711162186.729507       0.35799999999999998     
   4726006.1624901854        4597621.8240665793        76128361223.770355       0.35799999999999998     
   4423316.9824546538        4302255.1851719916        78621658576.076797       0.35799999999999998     
   4083784.8503344944        3971106.0191752911        82277188933.118744       0.35799999999999998     
   3722989.2239790014        3619330.3113458157        86095793509.023132       0.35799999999999998     
   3454760.5062611122        3357719.8028614968        91451363018.651596       0.35799999999999998     
   3091276.0892873937        3003372.1091989279        97126347557.252640       0.35799999999999998     
   2742999.3166375975        2663925.8934570402        99620988611.580276       0.35799999999999998     
   2381371.3653798364        2311518.6691024601        102177145288.64752       0.35799999999999998     
   2053283.9100763851        1991754.5045685470        105979269565.39212       0.35799999999999998     
   1730006.4165891486        1676699.3784193024        109917159284.54791       0.35799999999999998     
   1421369.6804807768        1376137.1155154184        110227604004.16078       0.35799999999999998     
   1169623.1500729979        1130995.5174133778        110538891156.47810       0.35799999999999998     
   997950.00843409274        963594.54051055759        114535427148.55809       0.35799999999999998     
   895173.52289211564        863253.37139612064        118670617082.28519       0.35799999999999998     
   829098.48306864325        798757.42575578019        121014557987.61957       0.35799999999999998     
   788605.38944219309        759162.33653441444        123402950453.68793       0.35799999999999998     
   759084.62264179019        730445.29844785109        122944837336.79733       0.35799999999999998     
   737737.15861674421        709684.70062535629        122488358619.95979       0.35799999999999998     
   725875.43595327251        697844.25502481312        126661024946.33069       0.35799999999999998     
   715585.47248686338        687527.84930857643        130970090219.57246       0.35799999999999998     
   699499.80290992360        671683.14459177107        133672610624.70259       0.35799999999999998     
   672046.33182467218        644778.13263050839        136428667772.29919       0.35799999999999998     
   641892.26189081394        615166.02089062706        140404190815.26248       0.35799999999999998     
   611830.90374426055        585639.89401305467        144490888863.37744       0.35799999999999998     
   579768.40916836204        554104.67808370292        149521084662.98563       0.35799999999999998     
   544563.82042029768        519504.40858934447        154719290201.96960       0.35799999999999998     
   506874.50570659759        482858.85479238257        154716756701.97043       0.35799999999999998     
   469049.41032199073        446088.56374626048        154714223241.82724       0.35799999999999998     
   434119.91097875126        412398.40863674134        151047173355.07059       0.35799999999999998     
   405459.74256253691        384803.80854599550        147463703366.61514       0.35799999999999998     
   381523.62159834336        361208.23815757781        152451095417.22873       0.35799999999999998     
   358526.63259510096        338512.86550378986        157600324033.98929       0.35799999999999998     
   335454.57987892290        315868.92738540843        160976725105.41504       0.35799999999999998     
   314194.49954863824        294983.72018826753        164422557643.87982       0.35799999999999998     
   293563.44174085115        275246.27065056935        160236601497.16367       0.35799999999999998     
   276148.73531457456        258632.27395514026        156153124768.60919       0.35799999999999998     
   261149.72893872979        243478.82821645401        164876483648.05896       0.35799999999999998     
   247257.11840528235        229361.09397714026        174066963775.67822       0.35799999999999998     
   232107.08929921730        214959.18420138489        169802252304.55911       0.35799999999999998     
   218086.79852586339        201653.66297954228        165638010359.28519       0.35799999999999998     
   206121.90495496860        190015.64629380032        166248553080.54407       0.35799999999999998     
   195258.21922688690        179443.93468047399        166861257366.26575       0.35799999999999998     
   185731.59638159556        169673.67395165563        174708859571.94730       0.35799999999999998     
   176471.55672311428        160133.48239756189        182910344241.18637       0.35799999999999998     
   167043.64410569466        151009.87455367018        182741460581.81735       0.35799999999999998     
   158402.52219301296        142655.74542436749        182572726710.79779       0.35799999999999998     
   150699.45896767435        134922.17561040446        186633984121.89532       0.35799999999999998     
   143714.74622887981        127878.52612387761        190781942276.47363       0.35799999999999998     
   138069.66274020186        122193.18401661981        194125778063.78833       0.35799999999999998     
   134649.02072627540        118668.20537220966        197525868019.46655       0.35799999999999998     
   132771.29437217189        117621.84451286122        186634722009.68262       0.35799999999999998     
   133509.17353531657        119082.50420766510        176321660351.21207       0.35799999999999998     
   132737.20130952570        117646.12342852727        187150140320.26541       0.35799999999999998     
   128702.66981583845        112979.70802162122        198615856467.53275       0.35799999999999998     
   124663.65515447859        109363.04694564082        194482440701.26944       0.35799999999999998     
   121774.21221198988        106865.45419971365        190431717190.22241       0.35799999999999998     
   120349.26400655213        105055.48707168363        197346752551.99927       0.35799999999999998     
   120250.03832130355        104510.30973951193        204502626787.03229       0.35799999999999998     
   120689.45856488153        105541.98316503083        195910184325.02197       0.35799999999999998     
   122107.82855284082        107509.37592403032        187665084836.94250       0.35799999999999998     
   123078.01117758085        108149.71139394026        192889691624.76767       0.35799999999999998     
   123047.01128639399        107796.05882569775        198253856197.26044       0.35799999999999998     
   122908.10545363587        107192.06028128881        205814812745.59195       0.35799999999999998     
   122960.11617620793        106754.19697680511        213652312004.15012       0.35799999999999998     
   123110.20832723023        106813.70756022260        215411996936.71350       0.35799999999999998     
   123653.27932704290        107258.46434623562        217185596906.31924       0.35799999999999998     
   124091.27717870506        107667.01729751937        217978470471.56552       0.35799999999999998     
   124011.99308492331        107573.68126155622        218774123601.08029       0.35799999999999998     
   123631.52490728715        107161.61450621393        219971779254.37314       0.35799999999999998     
   123132.25121114880        106632.58403812535        221175730439.61664       0.35799999999999998     
   122544.92434969165        105937.55838912632        223602223724.95706       0.35799999999999998     
   121937.99691530602        105220.79633324314        226054272490.96805       0.35799999999999998     
   121399.84019026172        104915.55318229273        223195450825.22617       0.35799999999999998     
   121179.98610225302        104920.10674863681        220371369369.46054       0.35799999999999998     
   120776.32748078294        104499.54019973287        221378597154.76834       0.35799999999999998     
   119881.52037196911        103596.38315219898        222390245539.74500       0.35799999999999998     
   118524.15063525669        102150.50947523955        224828322108.58420       0.35799999999999998     
   116704.74169975538        100253.19834338920        227292057765.92834       0.35799999999999998     
   114811.28480599487        98779.554956336971        221981813184.22305       0.35799999999999998     
   113324.02119499288        97697.866330057383        216790830759.13919       0.35799999999999998     
   111362.33396980917        95169.645319289993        227086563027.40186       0.35799999999999998     
   108596.81751836296        91817.718741345685        237851009049.69547       0.35799999999999998     
   105863.95541454683        89322.640258640051        235701736340.91641       0.35799999999999998     
   104034.98067208199        87710.342288059182        233571121561.19250       0.35799999999999998     
   102857.79622538824        86474.019153139554        235488603192.25415       0.35799999999999998     
   101978.61468534917        85522.275775764603        237421197240.76303       0.35799999999999998     
   101214.68333406176        85021.238399513066        233996479280.44495       0.35799999999999998     
   100674.10186277030        84737.919170475099        230619230853.89459       0.35799999999999998     
   99622.316056023134        83518.908704287838        234207805522.19073       0.35799999999999998     
   97804.024721220689        81545.373815986793        237849974297.30518       0.35799999999999998     
   96126.317688281633        79717.671905229799        241325288549.31641       0.35799999999999998     
   95070.526302609534        78490.723391049076        244849339797.14786       0.35799999999999998     
   94063.967596702409        77492.477739215828        245515553755.48062       0.35799999999999998     
   92673.316831188538        76121.946475649253        246183508295.18854       0.35799999999999998     
   91098.417206484461        74628.680824098177        245961173759.99414       0.35799999999999998     
   89451.162414584775        73065.078907593619        245739032060.98672       0.35799999999999998     
   87930.586476574535        71898.776619641110        241106645027.34262       0.35799999999999998     
   86735.248118571937        71046.315805468708        236558181976.65332       0.35799999999999998     
   85195.562782889872        69388.878226259258        239578505481.85211       0.35799999999999998     
   83198.763730131468        67276.759089320432        242635843921.17471       0.35799999999999998     
   81032.709878994283        65446.610363989603        238494361469.35883       0.35799999999999998     
   78866.355807199972        63616.516736172605        234420811867.46384       0.35799999999999998     
   76669.388938000891        61306.185015607625        237633252537.92709       0.35799999999999998     
   74356.893448278919        58873.193242503796        240887947203.70734       0.35799999999999998     
   72014.909431962020        56983.845865318552        234846326373.44653       0.35799999999999998     
   69890.989130956557        55303.518391383346        228950372019.01529       0.35799999999999998     
   67856.402477641692        53181.617588241585        231669581014.36087       0.35799999999999998     
   65813.718534200278        51039.386924933176        234419791270.67712       0.35799999999999998     
   63779.869056889744        49128.243738029152        233570680843.83197       0.35799999999999998     
   61859.130702693423        47328.584585436154        232724524571.85797       0.35799999999999998     
   59947.542555889464        45471.610546710668        232935457549.53064       0.35799999999999998     
   57959.882570988280        43531.275171029847        233146574128.36041       0.35799999999999998     
   55994.517021421765        41660.244831105694        232723274590.26120       0.35799999999999998     
   54127.056886041872        39882.773920828477        232300713187.39377       0.35799999999999998     
   52349.633509931089        38182.048387794755        231458640016.43762       0.35799999999999998     
   50657.159311769705        36603.801948391832        230619498744.09521       0.35799999999999998     
   49046.884679439332        35395.624303278746        225440103798.14096       0.35799999999999998     
   47589.799095481416        34303.231069198111        220372523549.54932       0.35799999999999998     
   46609.869037456461        33309.213084282586        220974520872.11963       0.35799999999999998     
   46232.469903978446        32876.669219998643        221578097483.09894       0.35799999999999998     
   46147.837302419583        33122.143924642354        217185470422.70258       0.35799999999999998     
   46294.132774763304        33533.456960129319        212876543566.13406       0.35799999999999998     
   46355.230865494050        33752.915135448333        210369306040.08240       0.35799999999999998     
   46181.341102768383        33739.762441470055        207890443804.89459       0.35799999999999998     
   45826.350669061132        33626.517330941046        204131160774.41937       0.35799999999999998     
   45324.345673356431        33366.591630812036        200437216666.78638       0.35799999999999998     
   44709.590522820079        32992.928329335758        196808126762.33905       0.35799999999999998     
   44020.902739290330        32543.061901105568        193242194640.95251       0.35799999999999998     
   43210.409824719332        31907.636207161704        190782723848.27032       0.35799999999999998     
   42286.381561935574        31158.309209170053        188353335260.74829       0.35799999999999998     
   41316.957526456819        30404.881975301541        185272928212.33005       0.35799999999999998     
   40339.812171594014        29640.256238073809        182240943293.07620       0.35799999999999998     
   39387.108292153949        28954.359752118820        178272848425.98459       0.35799999999999998     
   38506.778814821533        28333.418101782212        174387820035.40033       0.35799999999999998     
   36589.578064843670        26772.682138422038        169335032007.94861       0.35799999999999998     
   32637.993725914635        23227.937183320057        164423041677.46320       0.35799999999999998     
   31432.398269628811        22205.150249872124        162018069210.30322       0.35799999999999998     
   31542.201062734144        22453.722575439140        159646909182.50464       0.35799999999999998     
   32362.605152909691        23365.884294696152        157744220464.10516       0.35799999999999998     
   33591.268773672404        24672.586426742375        155863326702.25772       0.35799999999999998     
   35137.468336731617        26408.374943704810        151887858313.99060       0.35799999999999998     
   36972.104932128401        28419.130095046014        148009902442.03265       0.35799999999999998     
   38995.233471115600        30493.039625164820        146241524019.81628       0.35799999999999998     
   41149.528040599987        32690.430938110687        144493453670.54065       0.35799999999999998     
   43495.788696452044        35013.299869332463        143826763800.18451       0.35799999999999998     
   46131.251663211377        37616.557251095306        143163029823.93533       0.35799999999999998     
   49144.606098292199        40660.023207110353        141188246384.79501       0.35799999999999998     
   52605.830008514902        44138.139318456175        139239648438.51236       0.35799999999999998     
   56392.818425939193        47815.879394403426        139368639653.14319       0.35799999999999998     
   60464.790316577011        51768.644346005516        139497745673.45532       0.35799999999999998     
   65203.706918360534        56616.577622687910        135169579609.13927       0.35799999999999998     
   70722.296957133629        62216.131529035047        130970595895.09555       0.35799999999999998     
   76264.642852019111        67512.058563302271        132684617014.29309       0.35799999999999998     
   81467.774077573820        72473.008122561965        134420179603.50189       0.35799999999999998     
   88271.251022710800        80027.462208739016        117019558384.99571       0.35799999999999998     
   97601.104523366317        89907.005118307192        101794524320.99440       0.35799999999999998     
   104062.70499837448        95802.724245500751        109203259824.74782       0.35799999999999998     
   104941.31973914076        96239.061361149419        117128705687.95963       0.35799999999999998     
   104942.05122003559        96296.905579158105        116149266626.97885       0.35799999999999998     
   105614.21605930664        97007.254144698847        115177700193.84441       0.35799999999999998     
   105666.83750584733        96815.926039566752        119891475065.64629       0.35799999999999998     
   104850.94135508145        95770.212036676705        124790326796.99889       0.35799999999999998     
   104208.44559312258        95183.417360628955        124210515520.67953       0.35799999999999998     
   104151.39635388658        95165.766955662519        123633293255.55232       0.35799999999999998     
   104335.06568386653        95339.272636677604        123863754219.13686       0.35799999999999998     
   104483.62294152567        95477.460192133673        124094627939.55063       0.35799999999999998     
   104597.83369348643        95601.192303928081        123979360832.38715       0.35799999999999998     
   104702.30258855752        95715.149371447507        123864196606.60312       0.35799999999999998     
   104980.14875733003        96159.891256637406        120675583686.62146       0.35799999999999998     
   105772.60654407230        97100.751446052454        117565923805.43004       0.35799999999999998     
   106604.04508108906        98029.650946832728        115393443212.88017       0.35799999999999998     
   107261.81890231275        98786.181041574571        113259566685.13707       0.35799999999999998     
   107131.46386867407        98549.698770925403        115501374086.05457       0.35799999999999998     
   106489.01558792830        97812.443555271253        117785787922.91428       0.35799999999999998     
   105799.53839054929        97244.891220729332        115932477193.00941       0.35799999999999998     
   105388.01235467964        96947.198785002809        114107205189.14021       0.35799999999999998     
   105338.92020822249        96906.370557367802        114107154083.02158       0.35799999999999998     
   105441.29332400627        97011.009575068485        114107102976.92395       0.35799999999999998     
   105402.54837349495        97092.827459885739        111890463690.64435       0.35799999999999998     
   105681.72093814616        97482.224290720653        109715234545.09798       0.35799999999999998     
   106102.38071641275        98031.274597452953        107078163001.29333       0.35799999999999998     
   106287.32213484074        98347.655666589737        104502059178.59521       0.35799999999999998     
   106163.83561125718        98331.681054739747        102561055892.05843       0.35799999999999998     
   105758.11052812371        98039.279641961213        100654724109.63687       0.35799999999999998     
   105124.70259950800        97514.275605259463        98968303215.586914       0.35799999999999998     
   104293.73011754929        96795.536512361839        97309054475.475388       0.35799999999999998     
   103469.10577050084        96090.519649784546        95496841002.179932       0.35799999999999998     
   102823.87561479883        95557.350554292090        93717086574.673752       0.35799999999999998     
   102110.31402091467        94900.221700566821        93101778112.535309       0.35799999999999998     
   101229.89140662309        94080.117648299783        92490353314.460419       0.35799999999999998     
   101274.12112742917        94256.988903716672        89828287641.929794       0.35799999999999998     
   102944.35736912402        96007.383147621993        87239945236.112671       0.35799999999999998     
