 HMACROH                  Loss by CS     Actual loss   Csat   molar mass
   0.0000000000000000        0.0000000000000000        6591159208354570.0       0.12010390000000000     
   6.6910803565698654E-022   0.0000000000000000        6591137235222294.0       0.12010390000000000     
   1.0875614974808573E-002   1.0590875758370810E-002   6591115261794253.0       0.12010390000000000     
  0.13659196522339023        5.4859567253452646E-002   6562559358009359.0       0.12010390000000000     
  0.75854248869245122       0.74061806090016447        6534121913093519.0       0.12010390000000000     
   2.9142633888059195       0.91693194602333961        6654452717196818.0       0.12010390000000000     
   9.9404640010787713        9.6710193942806768        6776903220078912.0       0.12010390000000000     
   22.575728346258582        5.4196028396014526        6913449898788900.0       0.12010390000000000     
   47.124155303872755        45.868708246847518        7052627997486189.0       0.12010390000000000     
   82.651120140599744        17.799851867713187        6913435523175759.0       0.12010390000000000     
   135.41712163872302        132.08245452725714        6776875011959396.0       0.12010390000000000     
   203.90553833994801        42.128611144319621        6794540417614656.0       0.12010390000000000     
   321.16104332343764        52.190357538718672        6812249899967640.0       0.12010390000000000     
   478.61333247577215        68.415670898008102        6818148688234379.0       0.12010390000000000     
   681.08137952657432        88.071834672104160        6824052365180126.0       0.12010390000000000     
   931.82340924186155        117.64910368242272        6637130620568269.0       0.12010390000000000     
   1236.7455671376097        149.32589746856684        6455116104408640.0       0.12010390000000000     
   1605.4807772256888        169.77158801584301        6511467791006589.0       0.12010390000000000     
   2039.8959412607196        198.22467934891756        6568290247371970.0       0.12010390000000000     
   2540.9318145605139        227.96230424100941        6625598264067648.0       0.12010390000000000     
   3109.7177933291159        258.37986191434902        6683384763934420.0       0.12010390000000000     
   3745.5416406957784        294.19041948812082        6706644617970094.0       0.12010390000000000     
   4449.9165106328601        327.87404034464271        6729981953524427.0       0.12010390000000000     
   5216.8261466289932        379.74081622567610        6666005380243711.0       0.12010390000000000     
   6049.2718306416336        423.29746208226425        6602611249732286.0       0.12010390000000000     
   6969.8079026925107        418.48302267293911        6712456771704848.0       0.12010390000000000     
   7970.7178170776006        439.27276858605910        6824050472080114.0       0.12010390000000000     
   9048.0298463723393        454.87617869110545        6955498174133554.0       0.12010390000000000     
   10198.960222781285        473.26105508761248        7089367667397956.0       0.12010390000000000     
   11418.157381345303        501.28698395960964        7200731006109151.0       0.12010390000000000     
   12707.695764767861        522.03155461320421        7313767748620134.0       0.12010390000000000     
   14039.516818008231        688.06479983008467        7163436041230313.0       0.12010390000000000     
   15477.810311915931        784.85043907037470        7016064796358252.0       0.12010390000000000     
   17056.221395491571        867.32047250110190        6895484814068977.0       0.12010390000000000     
   18782.735070976774        966.20060485252179        6776890057035880.0       0.12010390000000000     
   20877.838031436062        1068.0573580259224        6759261081268485.0       0.12010390000000000     
   23530.449768208509        1293.6893294298789        6741676011758866.0       0.12010390000000000     
   26850.725221037206        1472.0063333141152        6824065617249868.0       0.12010390000000000     
   30889.019210446091        1751.1883588589262        6907418578438066.0       0.12010390000000000     
   35526.242003982712        2473.5487392789219        6706638100614223.0       0.12010390000000000     
   40914.741843260213        3043.5877216197550        6511451502925884.0       0.12010390000000000     
   47288.146644962428        3445.7800911290105        6432661682555350.0       0.12010390000000000     
   54709.946757176593        4040.2201807079837        6354785029575967.0       0.12010390000000000     
   63483.046959733008        4419.8043283531442        6399177165414271.0       0.12010390000000000     
   73783.023580800465        5094.4877492636442        6443866089589425.0       0.12010390000000000     
   85665.095071171672        6102.3570699128322        6432667049575212.0       0.12010390000000000     
   99380.201278092456        7132.3286341102794        6421486643229881.0       0.12010390000000000     
   115176.77823243575        8424.7293188199401        6388047160665228.0       0.12010390000000000     
   133372.21293719969        9838.9743329500780        6354774420377733.0       0.12010390000000000     
   153732.30620847052        12686.610032248311        6147932250896554.0       0.12010390000000000     
   176787.90354268524        15214.277547118254        5947544608562420.0       0.12010390000000000     
   203388.88632037811        17401.457720942795        5819154259425693.0       0.12010390000000000     
   233879.43357693468        20368.617798858322        5693419934573081.0       0.12010390000000000     
   269732.04121022020        21307.117601811886        5743389976342961.0       0.12010390000000000     
   311139.58671590377        23969.253596493974        5793779774081192.0       0.12010390000000000     
   356309.38861299650        32288.143297761679        5584856324574816.0       0.12010390000000000     
   406426.93150939076        38707.535205097869        5383157303959950.0       0.12010390000000000     
   465959.32424508088        37504.863786818460        5478329315929333.0       0.12010390000000000     
   534237.44526651350        40843.933258682489        5575111179323119.0       0.12010390000000000     
   610613.68410301488        45323.956400237978        5663594449280897.0       0.12010390000000000     
   695594.82320654893        50057.827047195286        5753421386836442.0       0.12010390000000000     
   786248.78454505163        61064.898058351129        5703361390848034.0       0.12010390000000000     
   883305.01698528894        68894.381573047489        5653718580874301.0       0.12010390000000000     
   986870.95026159124        80148.477870974690        5550781434552530.0       0.12010390000000000     
   1097888.0383648060        90309.425116091967        5449640144512994.0       0.12010390000000000     
   1215603.6975279988        104839.73422721773        5303594453630179.0       0.12010390000000000     
   1340758.4610621722        118350.00397262722        5161300646655285.0       0.12010390000000000     
   1475884.5424562460        134463.62957982719        5018209997441131.0       0.12010390000000000     
   1623630.4991400556        152957.57134775072        4878922491848858.0       0.12010390000000000     
   1788588.5856448337        166524.32040270418        4798000490300083.0       0.12010390000000000     
   1971137.3032541433        186908.57446742803        4718364665946993.0       0.12010390000000000     
   2180478.8490620367        186077.76140408218        4772711768547276.0       0.12010390000000000     
   2413015.5924793947        199035.54178562760        4827658025203663.0       0.12010390000000000     
   2667695.8862039563        197360.82968464494        4952437505633428.0       0.12010390000000000     
   2939153.3310849024        202309.17349202931        5080301930377011.0       0.12010390000000000     
   3226061.2856659130        202568.49881115556        5229652062115365.0       0.12010390000000000     
   3526768.9362285277        204476.33561347425        5383201047578009.0       0.12010390000000000     
   3830105.3518975740        221904.31333240867        5478351558517122.0       0.12010390000000000     
   4137431.7493375167        227900.07856790721        5575111180010496.0       0.12010390000000000     
   4442743.1078533642        249674.74024112523        5614270595080230.0       0.12010390000000000     
   4748237.3925833758        258877.75276428461        5653693284851138.0       0.12010390000000000     
   5082278.6017944366        226304.28080064058        5814050729113091.0       0.12010390000000000     
   5439365.6556425858        219576.98316551745        5978757565110068.0       0.12010390000000000     
   5799711.2958531547        227913.63128823042        6110522575047442.0       0.12010390000000000     
   6163624.1405919241        227044.03739154339        6245065165637587.0       0.12010390000000000     
   6517805.9391309731        235149.83354136348        6343721893802205.0       0.12010390000000000     
   6861888.4052903783        230187.73751974106        6443869674065100.0       0.12010390000000000     
   7207272.5609256364        216960.54654598236        6562592180477263.0       0.12010390000000000     
   7553802.2911466854        208370.85590788722        6683407029520801.0       0.12010390000000000     
   7976188.0436795149        94033.826151937246        7064873822707000.0       0.12010390000000000     
   8454302.1278204881        62453.734027147293        7467132100151184.0       0.12010390000000000     
   8912055.1685542017        101041.04543647170        7742924537607046.0       0.12010390000000000     
   9359154.4128540941        96379.858758300543        8028451408937353.0       0.12010390000000000     
   9814312.8983451221        85296.327275931835        8331213779230246.0       0.12010390000000000     
   10277681.777345082        75584.449154406786        8644886160525892.0       0.12010390000000000     
   10742779.576397203        71228.270072311163        8954524627120429.0       0.12010390000000000     
   11209577.872019105        61516.312749117613        9274760676604558.0       0.12010390000000000     
   11657794.910444122        71030.658517688513        9548495292572426.0       0.12010390000000000     
   12091549.478304258        61371.695518702269        9829951406533912.0       0.12010390000000000     
   12557895.986480575       -1527.8921499252319        10241025991289660.       0.12010390000000000     
   13044281.649520358       -24337.296204328537        10668520655344490.       0.12010390000000000     
   13598945.555653153       -118457.51807558537        11264955500890216.       0.12010390000000000     
   14149745.023076296       -146206.71141499281        11893217873689652.       0.12010390000000000     
   14534545.107311167        20749.820718884468        12168236774001044.       0.12010390000000000     
   14901447.831272915        17082.298023104668        12449333974074880.       0.12010390000000000     
   15306266.975324592       -52887.020556092262        12866172920159542.       0.12010390000000000     
   15699762.505817933       -65614.758937954903        13296344889518446.       0.12010390000000000     
   15949367.832170736        74882.501424193382        13330192324816838.       0.12010390000000000     
   16162201.628911195        80771.354258477688        13364122172872488.       0.12010390000000000     
   16475737.939847736       -69137.358852088451        13798911959044108.       0.12010390000000000     
   16826571.514684327       -74290.775988638401        14247214459692618.       0.12010390000000000     
   17081096.644993104       -10238.139965236187        14500638074728160.       0.12010390000000000     
   17318717.963543888       -18375.741703987122        14758370357202608.       0.12010390000000000     
   17455312.450552568        73113.459106445312        14708973621441232.       0.12010390000000000     
   17547802.144938044        76652.434337675571        14659735061093886.       0.12010390000000000     
   17773782.516984481       -95455.979222059250        15109159897593250.       0.12010390000000000     
   18028525.149997164       -107127.90786069632        15571746275819682.       0.12010390000000000     
   18193300.884412184       -54119.724624395370        15861098889933196.       0.12010390000000000     
   18334542.179702617       -61616.556365728378        16155590062549750.       0.12010390000000000     
   18500277.202167045       -106840.05060321093        16579354852559038.       0.12010390000000000     
   18648483.337989699       -108226.06924754381        17013738723420976.       0.12010390000000000     
   18804307.247480381       -140124.42797356844        17546751540390482.       0.12010390000000000     
   18938605.265144881       -143617.09617489576        18095712640500924.       0.12010390000000000     
   18885196.022484720       -1079.4791862964630        18095445535815740.       0.12010390000000000     
   18812658.607522767       -4842.1575622558594        18095178434901252.       0.12010390000000000     
   18646039.965036314        84984.221093893051        17708107826559824.       0.12010390000000000     
   18440881.836868521        89601.650337517262        17328963132651658.       0.12010390000000000     
   18461100.571897630       -157195.53891181946        17856405247185710.       0.12010390000000000     
   18514281.397190351       -155793.57648181915        18399180258090108.       0.12010390000000000     
   18491891.880762298       -109419.53949868679        18754131434829168.       0.12010390000000000     
   18456650.325442210       -109897.59283936024        19115625567645588.       0.12010390000000000     
   18219811.695775166        67006.501202285290        18676387763569400.       0.12010390000000000     
   17953555.322271626        71475.276978075504        18246811595991640.       0.12010390000000000     
   18016703.087918244       -240909.05799013376        19163189859728708.       0.12010390000000000     
   18101606.200777259       -235982.79650199413        20123482367172300.       0.12010390000000000     
   17848583.907160528        52894.528758645058        19678510588889752.       0.12010390000000000     
   17571526.050419305        57002.506669282913        19242956875726900.       0.12010390000000000     
   17391182.425447524       -47197.353110313416        19306882770246244.       0.12010390000000000     
   17237367.217296772       -48751.940194785595        19371011716354620.       0.12010390000000000     
   17262506.594264645       -202233.44545787573        20190362840267676.       0.12010390000000000     
   17276774.588047430       -197690.05131536722        21042793202572008.       0.12010390000000000     
   17094367.529775288       -33474.063642144203        21025278670902340.       0.12010390000000000     
   16909125.702023476       -32643.153089046478        21007778079119192.       0.12010390000000000     
   16817317.148206417       -107521.69778406620        21428560856572600.       0.12010390000000000     
   16722656.050212605       -106107.80888831615        21857395509900132.       0.12010390000000000     
   16607206.368756749       -91340.935820043087        22202426562547372.       0.12010390000000000     
   16491641.495649217       -88342.698810279369        22552661668252480.       0.12010390000000000     
   16155157.502315301        130528.13532495499        21428637225756228.       0.12010390000000000     
   15779359.570639076        143855.55437487364        20358297242680672.       0.12010390000000000     
   15766833.863028755       -216041.21631449461        21481974214922032.       0.12010390000000000     
   15819022.060941292       -211095.45308351517        22664812465532188.       0.12010390000000000     
   15589474.860156022        28425.834877312183        22239193753054260.       0.12010390000000000     
   15351705.646486476        31633.927295207977        21821223472621228.       0.12010390000000000     
   15305472.115804400       -131499.67548358440        22534226336948172.       0.12010390000000000     
   15274613.700732550       -129534.72039461136        23269472643070536.       0.12010390000000000     
   15013164.357473578        86485.127077579498        22386308742935332.       0.12010390000000000     
   14727855.344928859        95428.358345508575        21535247709178464.       0.12010390000000000     
   14642441.202170422       -100723.77720797062        22074950787969280.       0.12010390000000000     
   14604347.764127798       -100109.29650354385        22627572380009780.       0.12010390000000000     
   14595208.987748832       -123190.04094839096        23404018363278892.       0.12010390000000000     
   14582522.780113982       -119840.49392241240        24205899516622304.       0.12010390000000000     
   14479579.820331316       -42226.569827735424        24385536526180096.       0.12010390000000000     
   14379705.537986483       -40295.419104754925        24566447653652652.       0.12010390000000000     
   14269457.367070545       -27913.625303387642        24647275324580484.       0.12010390000000000     
   14162838.144304551       -26659.939089655876        24728357206677132.       0.12010390000000000     
   14065448.759343814       -30403.499125003815        24850350792163160.       0.12010390000000000     
   13970997.974384859       -29611.136113464832        24972919631672756.       0.12010390000000000     
   13896003.095841436       -42171.329489082098        25219750455407828.       0.12010390000000000     
   13823876.920172181       -41005.117435157299        25468912634419712.       0.12010390000000000     
   13690166.085593406        14709.938826441765        25178390695416304.       0.12010390000000000     
   13555045.324960554        16217.894940376282        24891038577739804.       0.12010390000000000     
   13466893.091473643       -23857.038499861956        24993566089435056.       0.12010390000000000     
   13387497.050530367       -23585.781787455082        25096497279409900.       0.12010390000000000     
   13328472.670812152       -38217.727951824665        25344372568029036.       0.12010390000000000     
   13270888.249536321       -37943.973522007465        25594587400267000.       0.12010390000000000     
   13130348.925277704        38907.999031245708        25054946486146080.       0.12010390000000000     
   12979166.518185658        42252.876307666302        24526193280006940.       0.12010390000000000     
   13004364.011911027       -118240.99677336216        25573727799371028.       0.12010390000000000     
   13044175.450433116       -114373.91735613346        26663955306589656.       0.12010390000000000     
   12937895.776746921        7125.1804842352867        26446671954040092.       0.12010390000000000     
   12830011.065244611        8436.0387306809425        26231081874920632.       0.12010390000000000     
   12768542.306249065       -28395.187692135572        26425114374249584.       0.12010390000000000     
   12713366.523049574       -27764.796003878117        26620518502773552.       0.12010390000000000     
   12607124.797238484        19784.845103114843        26274137900943512.       0.12010390000000000     
   12496685.717095718        21675.754115432501        25932068415709304.       0.12010390000000000     
   12457476.217818122       -41935.146148025990        26295526126668480.       0.12010390000000000     
   12428473.352808515       -41876.244871765375        26663850743761520.       0.12010390000000000     
   12397147.997845411       -39471.751476526260        27014783298248372.       0.12010390000000000     
   12366393.613003744       -39996.849061042070        27370128615754616.       0.12010390000000000     
   12307971.229697909       -13837.437696665525        27437248946680684.       0.12010390000000000     
   12250889.163903620       -13413.388722896576        27504526606413512.       0.12010390000000000     
   12186694.817729371       -5868.5813318192959        27482134647986664.       0.12010390000000000     
   12123988.066538174       -5076.0140754282475        27459760116670804.       0.12010390000000000     
   12028111.408049336        29405.181498140097        26992719736135060.       0.12010390000000000     
   11924959.825300749        31868.701399296522        26533278695751852.       0.12010390000000000     
   11888536.486185158       -31674.146225154400        26838458256998128.       0.12010390000000000     
   11866916.597553771       -32711.361216604710        27146991646115344.       0.12010390000000000     
   11781313.461490067        26200.330976247787        26728958074345328.       0.12010390000000000     
   11687281.084057940        28266.236413091421        26317082468679728.       0.12010390000000000     
   11657097.187116973       -33545.879349648952        26641949790633664.       0.12010390000000000     
   11640147.155593215       -33608.613857269287        26970648720067968.       0.12010390000000000     
   11542962.739127690        41110.316222548485        26360138953779684.       0.12010390000000000     
   11432394.512542453        44612.315470427275        25762853595957764.       0.12010390000000000     
   11394178.701792723       -27817.707571297884        26038507254897684.       0.12010390000000000     
   11376044.994023416       -29174.105962216854        26316979188413860.       0.12010390000000000     
   11322332.509140112        1299.6270075440407        26231037260135792.       0.12010390000000000     
   11268170.870749403        1569.6682446599007        26145363673082580.       0.12010390000000000     
   11225188.964883946       -7144.8894147276878        26166723573638944.       0.12010390000000000     
   11184199.102817014       -7014.0003241300583        26188100156159800.       0.12010390000000000     
   11137398.639950730       -1450.0817158818245        26145237089354004.       0.12010390000000000     
   11091318.181519656       -2903.7477642595768        26102441095288836.       0.12010390000000000     
   11043774.498529891        2232.2530910372734        26017135052853964.       0.12010390000000000     
   10996567.073374286        2693.8206647932529        25932095568859656.       0.12010390000000000     
   10917545.238487700        37688.491327345371        25406529707351284.       0.12010390000000000     
   10827522.657912483        40612.883923798800        24891156090201484.       0.12010390000000000     
   10782668.465715714       -5896.6965081095695        24952439982568880.       0.12010390000000000     
   10754857.781969344       -8144.7339451014996        25013868118347232.       0.12010390000000000     
   10688287.336306315        33845.605646699667        24566434757252404.       0.12010390000000000     
   10610619.676799169        36959.758394658566        24126659095738508.       0.12010390000000000     
   10546963.907633148        22540.420032382011        23870363366418912.       0.12010390000000000     
   10489973.562303884        22516.128546595573        23616671880232524.       0.12010390000000000     
   10423803.336211748        34913.864505738020        23231368725119552.       0.12010390000000000     
   10354732.181517694        36488.735807687044        22852080121186512.       0.12010390000000000     
   10286097.855686223        37526.536315977573        22478778713112148.       0.12010390000000000     
   10218680.185328007        38295.690610796213        22111312094838052.       0.12010390000000000     
   10162803.632238006        28467.683697819710        21857476225070964.       0.12010390000000000     
   10112250.345854577        27823.273950785398        21606428034472684.       0.12010390000000000     
   10057478.859953983        36091.174907982349        21287644811133280.       0.12010390000000000     
   10000947.581610899        37021.197193682194        20973361803568548.       0.12010390000000000     
   9934772.4522766545        48808.287562370300        20561264266128660.       0.12010390000000000     
   9864546.4211299568        50290.281957000494        20156916090541328.       0.12010390000000000     
   9781009.5970033780        66047.191856056452        19629695194408472.       0.12010390000000000     
   9691789.2219631448        68776.852808892727        19115676293628520.       0.12010390000000000     
   9629613.6496469472        40842.338609218597        18863456113721940.       0.12010390000000000     
   9579383.2001050804        39233.803736954927        18614420271103680.       0.12010390000000000     
   9536529.2417201642        33093.658777683973        18414322860846308.       0.12010390000000000     
   9497346.7408448141        32696.419445663691        18216283451137940.       0.12010390000000000     
   9433013.4036668446        61643.067382097244        17796926304093098.       0.12010390000000000     
   9356243.1964001264        64928.055934995413        17386811228548680.       0.12010390000000000     
   9304937.8111177236        37818.655511409044        17199445096720300.       0.12010390000000000     
   9266169.3177200276        35943.037007123232        17014010958372898.       0.12010390000000000     
   9244427.4732394442        19975.162885397673        16943230788373450.       0.12010390000000000     
   9231814.7048823275        19139.201221942902        16872732288384780.       0.12010390000000000     
   9202955.0023326091        38258.999038159847        16662789380091378.       0.12010390000000000     
   9166526.8176033422        40405.672161251307        16455346273412318.       0.12010390000000000     
   9159549.8712174296        10243.676177322865        16469087177915994.       0.12010390000000000     
   9167494.6634462364        7609.7745015621185        16482839056437106.       0.12010390000000000     
   9112757.0292596184        76284.234600931406        16021127044644896.       0.12010390000000000     
   9026250.9686346557        83805.519583225250        15571800472046246.       0.12010390000000000     
   9029836.9269566406       -11767.266203999519        15755384211788006.       0.12010390000000000     
   9076479.6530523617       -18925.592087000608        15941037065299552.       0.12010390000000000     
   8807398.2852362879        309198.84847953916        14068408341236130.       0.12010390000000000     
   8379515.5921215545        348089.75133323669        12407302190169278.       0.12010390000000000     
   8388777.6815960258       -125837.16028600931        13218473426448934.       0.12010390000000000     
   8615819.0003277007       -168181.76850837469        14080236402651096.       0.12010390000000000     
   8622836.4758101422        29486.662656396627        13974057657951316.       0.12010390000000000     
   8610336.9833004326        31899.025866001844        13868645104745874.       0.12010390000000000     
   8738561.1641904190       -93023.049397438765        14379272899002412.       0.12010390000000000     
   8895291.2431530394       -95565.182332247496        14907856315860812.       0.12010390000000000     
   8909722.3287009522        19852.981064170599        14845403294588910.       0.12010390000000000     
   8911271.4174768757        21732.858844786882        14783200581013578.       0.12010390000000000     
   8924509.7414773908        8080.8894063532352        14808038977392754.       0.12010390000000000     
   8943715.3745430503        5780.3947891891003        14832917290496996.       0.12010390000000000     
   8959484.0738585200        12830.687971383333        14820496997110552.       0.12010390000000000     
   8971966.3578076903        13211.832450389862        14808086652211682.       0.12010390000000000     
   8929542.2125819307        70163.062107950449        14464018801291740.       0.12010390000000000     
   8857768.5993307158        76502.486536175013        14127605916411284.       0.12010390000000000     
   8795611.5382569861        62327.168235301971        13892060236249600.       0.12010390000000000     
   8738904.7153369542        61935.623821824789        13660274045977948.       0.12010390000000000     
   8776730.7070482187       -35548.580366075039        13903772624514232.       0.12010390000000000     
   8855979.3656838387       -41787.065344959497        14151420082809106.       0.12010390000000000     
   8842717.3731690366        46476.594420105219        13950544102092606.       0.12010390000000000     
   8804492.1552423332        51394.413896203041        13752397444383696.       0.12010390000000000     
   8796599.8769384045        16784.571606606245        13752391892086292.       0.12010390000000000     
   8805547.8390991036        13597.694116771221        13752386339790902.       0.12010390000000000     
   8773161.2926355470        57476.534467786551        13511332745866208.       0.12010390000000000     
   8718073.0737050958        62781.657713741064        13274324205975694.       0.12010390000000000     
   8647400.2696030196        75385.045308142900        12986371292402212.       0.12010390000000000     
   8568322.6782146804        77594.456367462873        12704399760523288.       0.12010390000000000     
   8498861.7946756948        65468.028809726238        12491491832300940.       0.12010390000000000     
   8434669.6824617144        64793.842788100243        12281999952011168.       0.12010390000000000     
   8374717.3928691130        60423.338953465223        12096348482265332.       0.12010390000000000     
   8316412.3923592819        59630.034413814545        11913383623717062.       0.12010390000000000     
   8253920.6631279448        64432.926913857460        11713199416673608.       0.12010390000000000     
   8188384.9256832656        65032.293401688337        11516235886856016.       0.12010390000000000     
   8149608.1278275847        36569.689989238977        11448054866062866.       0.12010390000000000     
   8126189.0457740789        33250.548772931099        11380260162557000.       0.12010390000000000     
   8054380.8793009706        85399.492756187916        11084571224323810.       0.12010390000000000     
   7953542.1881103246        91397.859975159168        10796241592659848.       0.12010390000000000     
