 HOM19_OH_O13             Loss by CS     Actual loss   Csat   molar mass
   0.0000000000000000        0.0000000000000000        1223.5349768342894       0.46800000000000003     
   9.4405020003277507E-018   0.0000000000000000        1223.5288772865158       0.46800000000000003     
   113.07131819024534        111.59405258944571        1223.5227776666975       0.46800000000000003     
   849.53006265872773        838.42634422742412        1215.6044453349227       0.46800000000000003     
   2548.6697886451684        2518.4592784809065        1207.7359098758632       0.46800000000000003     
   5938.4062551665629        5867.9147746290546        1241.1464464432715       0.46800000000000003     
   12646.643075242722        12474.657094186754        1275.4542401835315       0.46800000000000003     
   19481.144520583977        19215.739075388527        1314.0752310775122       0.46800000000000003     
   27465.572172206161        27097.910603255965        1353.8313920541316       0.46800000000000003     
   37886.409557584666        37378.542075316887        1314.0711450050121       0.46800000000000003     
   45956.895294258946        45386.773827531375        1275.4463012802739       0.46800000000000003     
   59929.902664362206        59184.823526995257        1280.4212638914298       0.46800000000000003     
   75611.034024780674        74669.753376554698        1285.4150771554657       0.46800000000000003     
   93220.969705751471        92058.906987552531        1287.0798781882340       0.46800000000000003     
   112165.99016776841        110765.84038244747        1288.7467737105299       0.46800000000000003     
   131668.89959418692        130023.76913667470        1236.3182727851699       0.46800000000000003     
   150677.59362525225        148793.15038147382        1185.9643778372831       0.46800000000000003     
   169929.91344044192        167801.37392470613        1201.4797271438322       0.46800000000000003     
   190575.82541844851        188184.94024334662        1217.1922101053942       0.46800000000000003     
   212132.95417917529        209467.45581405610        1233.1073282172783       0.46800000000000003     
   233967.89637655023        231023.41409967095        1249.2245447842065       0.46800000000000003     
   255593.98609069752        252372.55723206699        1255.7314947444959       0.46800000000000003     
   276685.81037611357        273193.35058888048        1262.2713685681995       0.46800000000000003     
   296810.04099303682        293058.63773334399        1244.3699752595005       0.46800000000000003     
   315464.87108338997        311472.42267483473        1226.7153332830055       0.46800000000000003     
   334197.97953265125        329961.36305322498        1257.3591947655104       0.46800000000000003     
   354634.47135364899        350131.36359342933        1288.7462390816117       0.46800000000000003     
   376406.07719993382        371618.40415217355        1326.0448798667462       0.46800000000000003     
   399218.11192984815        394131.71918707713        1364.3914025351462       0.46800000000000003     
   422484.62757126743        417092.96650198102        1396.5659517700924       0.46800000000000003     
   445841.60288256797        440142.56249320507        1429.4771081172655       0.46800000000000003     
   467229.68142365111        461250.64282104373        1385.7632094426540       0.46800000000000003     
   488416.04488259827        482158.68213217705        1343.3491328756943       0.46800000000000003     
   512004.59951526579        505436.97505911440        1308.9721865818290       0.46800000000000003     
   537840.91276402329        530933.07173406333        1275.4505355699660       0.46800000000000003     
   572738.77841546608        565371.04897432029        1270.4922291879957       0.46800000000000003     
   656858.95617148466        648394.43577016145        1265.5526519542734       0.46800000000000003     
   804643.26630307059        794252.09840151668        1288.7505162193377       0.46800000000000003     
   1025767.9491867572        1012488.3901494741        1312.3612800287481       0.46800000000000003     
   1303167.9578868807        1286256.1490697414        1255.7296699440644       0.46800000000000003     
   1609484.0667446093        1588535.4907494187        1201.4752328873601       0.46800000000000003     
   1940321.5783961029        1914976.6474061310        1179.8006296411834       0.46800000000000003     
   2294565.4284890792        2264472.5232929885        1158.5061136381626       0.46800000000000003     
   2675101.6254597530        2639852.4221501648        1170.6289078603620       0.46800000000000003     
   3098169.3334163302        3057135.1578067839        1182.8749136972222       0.46800000000000003     
   3553607.7417176832        3506281.1440183818        1179.8021016183920       0.46800000000000003     
   4028206.5114478115        3974234.3832536936        1176.7370453955980       0.46800000000000003     
   4517402.5375894215        4456478.4527498484        1167.5855518459239       0.46800000000000003     
   5018403.3088906612        4950242.3954156041        1158.5032214339903       0.46800000000000003     
   5508606.2285986077        5433229.3918640018        1102.5726522371431       0.46800000000000003     
   5957280.1992373001        5875105.7552494407        1049.2692289982742       0.46800000000000003     
   6378016.0515587265        6289276.9800039530        1015.5801623900343       0.46800000000000003     
   6781738.3705755649        6686519.6609255075        982.94302733808968       0.46800000000000003     
   7197068.0233248556        7095037.7766179442        995.87154830944598       0.46800000000000003     
   7655925.9854667345        7546303.6580526233        1008.9652320718741       0.46800000000000003     
   8099784.5430249544        7982586.8518613577        955.04854479051608       0.46800000000000003     
   8496874.7849365808        8372541.5875889063        903.93562837286822       0.46800000000000003     
   8944307.5393293705        8811907.4135949612        927.93725267570107       0.46800000000000003     
   9518226.9078803118        9375681.2312985659        952.55765356206325       0.46800000000000003     
   10201585.927288853        10046955.538195372        975.25313591332417       0.46800000000000003     
   11002923.850605574        10834066.207615256        998.47366926994800       0.46800000000000003     
   11870325.726330897        11685782.971245527        985.51067238392829       0.46800000000000003     
   12725565.344232414        12525036.456847906        972.71125895149430       0.46800000000000003     
   13565981.236116895        13349195.213001132        946.34830721922845       0.46800000000000003     
   14393948.915245505        14160577.671782017        920.68014136414695       0.46800000000000003     
   15207705.844487820        14957405.382594466        884.03108806233774       0.46800000000000003     
   16003373.814972363        15735855.594609737        848.80120024873611       0.46800000000000003     
   16816582.678539623        16530951.047060728        813.85606959170457       0.46800000000000003     
   17717486.374653611        17411569.194690347        780.31057449602326       0.46800000000000003     
   18694173.507273454        18365973.928504467        761.03757576301473       0.46800000000000003     
   19739990.754424859        19387485.291705608        742.22747674096354       0.46800000000000003     
   20810923.265957173        20433044.925858498        755.04744975600681       0.46800000000000003     
   21769084.521454118        21367251.003644705        768.08249278940116       0.46800000000000003     
   22598790.540175702        22174941.131012201        797.95737219448949       0.46800000000000003     
   23165339.762410376        22724109.567564011        828.96015552372762       0.46800000000000003     
   23565956.780287161        23110366.861507177        865.66477008974960       0.46800000000000003     
   23878621.086752843        23410336.328714371        903.94661222077241       0.46800000000000003     
   24102832.960903700        23623413.555119991        927.94288640328352       0.46800000000000003     
   24226597.094970923        23737994.500073195        952.55765373767770       0.46800000000000003     
   24259998.998014294        23763907.256622314        962.57998747256966       0.46800000000000003     
   24227626.284268156        23725426.902080297        972.70475101734769       0.46800000000000003     
   24238500.531052798        23729930.363494158        1014.2485613850819       0.46800000000000003     
   24377754.705676556        23860527.536172152        1057.5142697721528       0.46800000000000003     
   24583996.135419466        24056719.381064177        1092.5552948268830       0.46800000000000003     
   24815198.810940512        24277382.618921518        1128.7233777215004       0.46800000000000003     
   24986288.205264475        24439226.643127441        1155.4914602427527       0.46800000000000003     
   24917591.681873258        24366759.372835875        1182.8758976358331       0.46800000000000003     
   24663014.569071937        24112953.434314251        1215.6135369693741       0.46800000000000003     
   24278305.628791597        23732363.142529845        1249.2307682294290       0.46800000000000003     
   24032582.270586118        23489171.468164325        1357.3481639156705       0.46800000000000003     
   24141242.208571926        23593051.274643183        1474.5340132849140       0.46800000000000003     
   24403049.252559099        23846186.953412175        1556.7156979002987       0.46800000000000003     
   24499268.535956100        23937461.889921427        1643.3399011348138       0.46800000000000003     
   24578448.430638172        24012242.953272343        1736.8752760825939       0.46800000000000003     
   24668919.572401199        24098209.888450861        1835.5738928012161       0.46800000000000003     
   24734894.928654671        24160343.448877811        1934.7601037976267       0.46800000000000003     
   24632448.255162075        24058133.358562350        2039.1443966338140       0.46800000000000003     
   24667778.622956950        24090516.991522908        2129.8006501128507       0.46800000000000003     
   24608562.302062768        24030731.631490111        2224.3667460081924       0.46800000000000003     
   24535646.040950451        23958242.518239975        2364.9066371475028       0.46800000000000003     
   24662210.359909795        24080839.073145151        2514.0555362584587       0.46800000000000003     
   24505251.777595993        23927405.406613588        2727.1329545036033       0.46800000000000003     
   24459909.969886504        23883163.983825207        2957.7074780631647       0.46800000000000003     
   24332089.434360594        23757187.368885756        3060.5755147773625       0.46800000000000003     
   23311725.224087574        22759779.788859606        3166.9146468858244       0.46800000000000003     
   22251977.880569477        21724459.513002992        3326.8043651328326       0.46800000000000003     
   21106196.556632213        20605349.245155811        3494.5221448514658       0.46800000000000003     
   19248294.576210968        18790332.480141521        3507.8344196283083       0.46800000000000003     
   17363779.063619193        16949507.416572809        3521.1959346469962       0.46800000000000003     
   15259268.134180719        14894939.088530779        3693.8972757342540       0.46800000000000003     
   13599011.381140087        13274153.533998013        3874.8124868009686       0.46800000000000003     
   12746101.085839696        12441144.361634195        3978.3444336815314       0.46800000000000003     
   12641482.878183890        12338525.973073840        4084.5605410840726       0.46800000000000003     
   12862055.621333344        12552901.714129865        4064.1314686680807       0.46800000000000003     
   13144383.242115095        12827392.958344817        4043.8016308066567       0.46800000000000003     
   13539372.502146309        13212458.130741715        4230.6095612505742       0.46800000000000003     
   14116665.364202520        13775532.605594397        4425.7861522307412       0.46800000000000003     
   14656636.480693802        14301876.498983860        4549.3460920901598       0.46800000000000003     
   14957921.554937884        14595277.554390311        4676.2528656263839       0.46800000000000003     
   15102371.803305205        14735824.363957047        4860.8871736632300       0.46800000000000003     
   15219303.989876051        14849537.350469351        5052.5917879005574       0.46800000000000003     
   15268589.746289942        14897383.504396796        5291.1573603021079       0.46800000000000003     
   15180225.594819011        14810936.677007794        5540.6448555331190       0.46800000000000003     
   14879045.744024692        14516182.670074344        5540.5225398183102       0.46800000000000003     
   14277768.629145026        13928645.389126420        5540.4002267252718       0.46800000000000003     
   13499100.758970547        13167758.111458421        5364.0935028578160       0.46800000000000003     
   12628230.426521638        12317002.399620175        5193.2391799117040       0.46800000000000003     
   11839814.606281158        11547769.898891807        5431.4180419655449       0.46800000000000003     
   11282129.002992265        11003809.909374237        5680.1888933311420       0.46800000000000003     
   10820858.537731683        10553753.880950570        5844.8598443015071       0.46800000000000003     
   10435785.615758568        10178041.419480026        6014.1618259724464       0.46800000000000003     
   10063874.854505880        9814593.6479873657        5808.6592672855522       0.46800000000000003     
   9463323.3295885641        9228141.0568686724        5609.9811335177674       0.46800000000000003     
   8959555.5619129781        8737185.1690645218        6036.5571171932243       0.46800000000000003     
   8800462.8873407561        8582476.5697792172        6494.5557440941693       0.46800000000000003     
   8613370.1010222621        8399512.8446625471        6280.9526354883365       0.46800000000000003     
   8139549.9104177253        7936874.8961966038        6074.1767025332128       0.46800000000000003     
   7671827.3232074473        7480515.2732554078        6104.3811969646149       0.46800000000000003     
   7263209.4971192498        7081893.8690387607        6134.7314909986999       0.46800000000000003     
   6933635.2051986391        6760798.1952527165        6526.8650752642270       0.46800000000000003     
   6768845.9268983137        6600414.3601769507        6943.2881846922292       0.46800000000000003     
   6584416.1572041474        6420430.0091346800        6934.6464967814100       0.46800000000000003     
   6283223.1626286432        6126559.0918764174        6926.0152509413565       0.46800000000000003     
   5976035.8085743608        5827019.2753400803        7134.5281760129019       0.46800000000000003     
   5700803.4626151454        5558667.5985013843        7349.1299557001139       0.46800000000000003     
   5502096.9711765368        5364906.9464576244        7523.3178180622026       0.46800000000000003     
   5274401.5074184686        5142876.7570222020        7701.5108592483302       0.46800000000000003     
   5021085.3625843963        4895464.4013893306        7134.5662054492132       0.46800000000000003     
   4683353.6264204746        4565685.7208636403        6608.2265035628980       0.46800000000000003     
   4431058.8747191699        4319886.6729056835        7161.1427432007413       0.46800000000000003     
   4371677.9222304709        4262271.8263523877        7758.8627423157841       0.46800000000000003     
   4346162.0781334527        4237227.0636674464        7541.9592436460971       0.46800000000000003     
   4192926.2984316330        4087614.5525947511        7330.9470757656363       0.46800000000000003     
   4034308.2508338890        3933035.9539842010        7692.0968719365319       0.46800000000000003     
   3991377.9011159413        3891290.7226366997        8070.4935779411135       0.46800000000000003     
   3948155.9385949755        3848908.3702574968        7616.7012110396672       0.46800000000000003     
   3838216.9957025303        3741414.9327391982        7187.7203208634719       0.46800000000000003     
   3756245.7912028348        3661476.6691823006        7458.8045657988114       0.46800000000000003     
   3764503.6982122581        3669571.6320043206        7739.8031976008870       0.46800000000000003     
   3842396.4837701148        3745613.9046095908        8140.3875329867351       0.46800000000000003     
   3992781.8675110838        3892335.7989749610        8561.0679701283789       0.46800000000000003     
   4139544.9975439142        4035373.7496386468        8656.2680267678443       0.46800000000000003     
   4238309.9416188374        4131599.6309032142        8752.4953881505917       0.46800000000000003     
   4295254.8609317960        4187037.7030907869        8795.6018000992844       0.46800000000000003     
   4320133.9174320530        4211212.6675667763        8838.9142668045351       0.46800000000000003     
   4329822.2857994270        4220585.7960056961        8904.2137701523552       0.46800000000000003     
   4333813.1067465097        4224410.5091175735        8969.9814583438820       0.46800000000000003     
   4334052.9457533881        4224606.4848714471        9102.9112287151947       0.46800000000000003     
   4343980.4618907366        4234253.2301935256        9237.7523930522966       0.46800000000000003     
   4349619.3984101545        4239618.9959001243        9080.5919051733053       0.46800000000000003     
   4319757.7774360161        4210360.0864516795        8926.0281296556386       0.46800000000000003     
   4287308.3069293480        4178650.3715001643        8981.0756652370947       0.46800000000000003     
   4277827.6130724512        4169354.7948329151        9036.4526817444821       0.46800000000000003     
   4279205.4445330333        4170673.9786812067        9170.2718481981956       0.46800000000000003     
   4291281.0226937355        4182425.8719450831        9306.0138193690054       0.46800000000000003     
   4264313.2359389346        4155987.7416690290        9014.0847586487107       0.46800000000000003     
   4172421.8819081369        4066239.7256549299        8731.0534290578889       0.46800000000000003     
   4115527.5030288761        4010946.3725701272        9294.6722032350681       0.46800000000000003     
   4199362.2557268487        4092878.1848049760        9893.5418608170639       0.46800000000000003     
   4267684.5056176754        4159405.9085799754        9773.1996158170696       0.46800000000000003     
   4237596.4007065613        4129987.0619630516        9654.2787468470215       0.46800000000000003     
   4170098.2311740080        4064175.6594337225        9761.2866101118216       0.46800000000000003     
   4119027.9934751517        4014396.6490487158        9869.4453839308153       0.46800000000000003     
   4073053.8669357989        3969496.7131354213        9677.9901394650806       0.46800000000000003     
   3994750.2835853100        3893069.7333958149        9490.1420391049578       0.46800000000000003     
   3931291.2716927407        3831235.6468383372        9689.7760200736684       0.46800000000000003     
   3917833.0964652812        3818162.5428206027        9893.4838314175340       0.46800000000000003     
   3937443.3403901281        3837315.4722980261        10088.875350180339       0.46800000000000003     
   3962684.9373712642        3861960.7303905785        10288.010362142712       0.46800000000000003     
   3984190.1339589693        3882909.8493238389        10325.769167755112       0.46800000000000003     
   3980112.0813439689        3878922.0496664941        10363.662471237416       0.46800000000000003     
   3958664.3493912932        3857991.3186573088        10351.045370865566       0.46800000000000003     
   3922270.9441147959        3822494.1428912580        10338.443180657621       0.46800000000000003     
   3859441.5096444222        3761172.5170395374        10076.553560728851       0.46800000000000003     
   3756545.6859200937        3660786.9266797006        9821.1081744369822       0.46800000000000003     
   3660759.8547116220        3567447.7273172736        9990.5430998705215       0.46800000000000003     
   3613650.8034414565        3521584.0186581910        10162.813944872214       0.46800000000000003     
   3566968.1558468733        3476027.1336469948        9929.6383805859823       0.46800000000000003     
   3478955.4016758874        3390171.9137369841        9701.6593509515860       0.46800000000000003     
   3396515.2211321699        3309859.4529279321        9881.3319118349609       0.46800000000000003     
   3354879.9169901670        3269342.4876608402        10064.232604139279       0.46800000000000003     
   3307746.4876761809        3223333.0140639544        9725.4094808768969       0.46800000000000003     
   3197698.8039054670        3115986.0994239300        9397.6696520541282       0.46800000000000003     
   3086723.3478117604        3007857.2817418128        9548.4622590441704       0.46800000000000003     
   3031349.6029501334        2953951.9576217681        9701.6024042906138       0.46800000000000003     
   2988830.4945871332        2912513.6533739269        9654.2541870321966       0.46800000000000003     
   2934372.7864272152        2859437.9387173355        9607.1303066286509       0.46800000000000003     
   2880797.7938775108        2807237.7161241770        9618.8719471062632       0.46800000000000003     
   2847100.0446675974        2774412.4339734018        9630.6275168546745       0.46800000000000003     
   2804265.9440242709        2732678.2243760824        9607.0607371143342       0.46800000000000003     
   2765723.0373440403        2695127.2731275409        9583.5499399241053       0.46800000000000003     
   2724137.2006341792        2654604.2638210207        9536.7424493299386       0.46800000000000003     
   2670348.1892167786        2602191.3832743615        9490.1569018130067       0.46800000000000003     
   2616474.3232740457        2549645.9712323844        9203.9304485203575       0.46800000000000003     
   2538006.7586780214        2473122.9682143927        8926.0911584397454       0.46800000000000003     
   2467756.0536802011        2404677.4854319990        8958.9813767679625       0.46800000000000003     
   2428512.8441872364        2366467.4975762069        8991.9892280900840       0.46800000000000003     
   2399171.6978422455        2337847.5815599561        8752.4885159418282       0.46800000000000003     
   2373491.3321843562        2312779.8222388029        8519.1849435627610       0.46800000000000003     
   2363344.3100348357        2302867.5456063896        8384.1854760509741       0.46800000000000003     
   2365972.8306930414        2305409.5390629768        8251.2636465672676       0.46800000000000003     
   2377858.1313971314        2316955.1581755728        8050.7356459684161       0.46800000000000003     
   2388069.2462131931        2326864.9362394214        7854.9418712634333       0.46800000000000003     
   2394371.3033216256        2332967.2511371821        7663.8056027201674       0.46800000000000003     
   2409115.2572741029        2347293.7558442056        7477.1876060478398       0.46800000000000003     
   2411126.1324116834        2349226.1506817639        7349.1705461185984       0.46800000000000003     
   2405986.4218051452        2344196.2356852591        7223.2823243207831       0.46800000000000003     
   2437001.8028904502        2374379.0217746645        7064.4710293287035       0.46800000000000003     
   2424515.5140669942        2362176.6616789997        6909.0516325228709       0.46800000000000003     
   2408152.1785816904        2346181.6768091917        6707.0055488474654       0.46800000000000003     
   2405730.9630672242        2343766.9608341157        6510.7006195352187       0.46800000000000003     
   2398246.1865505627        2336397.3004901409        6257.6638844749468       0.46800000000000003     
   2434145.0511901947        2371283.3841506690        6014.1856952214148       0.46800000000000003     
   2336179.3029814763        2275796.4555786848        5895.8917717359191       0.46800000000000003     
   2257588.0198281123        2199200.6951100230        5779.8581563658709       0.46800000000000003     
   2132652.4499374097        2077469.5730502456        5687.1820337177996       0.46800000000000003     
   2068793.9437126955        2015238.7165087163        5595.9493491279400       0.46800000000000003     
   1953032.2618233939        1902412.9029950798        5404.3821732313536       0.46800000000000003     
   1897676.7618643690        1848423.1890066415        5219.1886591429093       0.46800000000000003     
   1803556.4419510544        1756706.5016556233        5135.2957153587113       0.46800000000000003     
   1718681.4913496238        1674007.0657788590        5052.7127010812037       0.46800000000000003     
   1600619.8404313333        1559002.0145526379        5021.3079970701365       0.46800000000000003     
   1574719.5474047177        1533763.9778118730        4990.0928519715571       0.46800000000000003     
   1500883.7057233639        1461820.3663043901        4897.5179838521117       0.46800000000000003     
   1440215.3498539706        1402696.9763260633        4806.6115830544722       0.46800000000000003     
   1408730.5107442648        1372022.9988675043        4812.6156917961353       0.46800000000000003     
   1403405.9307723199        1366834.4745651409        4818.6270825500487       0.46800000000000003     
   1395175.3037142414        1358759.6297580227        4618.1643859976029       0.46800000000000003     
   1370240.3388874056        1334399.7787315473        4425.8091894578547       0.46800000000000003     
   1386996.5760129006        1350719.3655855134        4504.0729091407984       0.46800000000000003     
   1443499.1041109823        1405770.8049031049        4583.6797887775438       0.46800000000000003     
   1480954.5517146369        1441994.1147020236        3802.3106573971959       0.46800000000000003     
   1447093.7628104296        1408668.8162126914        3150.9375769223711       0.46800000000000003     
   1421239.3404799588        1383585.6931060478        3463.9588924115910       0.46800000000000003     
   1459858.4164824500        1421395.2180544958        3807.0926356844693       0.46800000000000003     
   1503816.0944811043        1464172.3200027570        3764.2369395772048       0.46800000000000003     
   1521229.0030817918        1481089.0566452891        3721.8498637206062       0.46800000000000003     
   1558781.0454643560        1517746.2655439153        3928.6498390602760       0.46800000000000003     
   1684235.1091602328        1640011.1009758338        4146.5900766164550       0.46800000000000003     
   1773499.3568041069        1726908.5050805360        4120.6373716154412       0.46800000000000003     
   1809740.7719117049        1762164.3036682084        4094.8424246857167       0.46800000000000003     
   1792056.6744182722        1744928.5664400756        4105.1362610812212       0.46800000000000003     
   1820135.2761853766        1772260.3709613681        4115.4552237109774       0.46800000000000003     
   1839949.1170518557        1791529.7926737666        4110.3024930751963       0.46800000000000003     
   1831484.5226820989        1783265.4836351126        4105.1560273069472       0.46800000000000003     
   1812780.4735785569        1764975.9977355301        3963.3283774640904       0.46800000000000003     
   1773129.4395094961        1726276.3840414882        3826.2636537413387       0.46800000000000003     
   1745803.1612058771        1699594.3196915388        3731.2514910589866       0.46800000000000003     
   1674864.1402560598        1630464.3249306902        3638.5320621866726       0.46800000000000003     
   1677651.4720477161        1633206.7347115353        3735.9571899900793       0.46800000000000003     
   1702964.1829928849        1657899.7040969282        3835.9135858676100       0.46800000000000003     
   1721018.5080638879        1675430.9187000841        3754.7682038447301       0.46800000000000003     
   1684184.5586915233        1639511.1191731691        3675.2907664410527       0.46800000000000003     
   1691066.0269966908        1646182.0450441465        3675.2885472975413       0.46800000000000003     
   1666071.5809209177        1621835.9537042975        3675.2863281553691       0.46800000000000003     
   1616109.4585132194        1573146.5726564378        3579.3617941268421       0.46800000000000003     
   1599171.4557557669        1556590.4609399736        3485.8703711477146       0.46800000000000003     
   1549695.7462966498        1508356.4864538312        3373.3923896698057       0.46800000000000003     
   1519722.8368526893        1479105.7262700424        3264.4422272946554       0.46800000000000003     
   1470087.4555041490        1430732.4887584820        3182.9665207238613       0.46800000000000003     
   1439151.0676364815        1400563.9113287032        3103.4670937412625       0.46800000000000003     
   1415980.7500809594        1377960.0092261583        3033.5740108745567       0.46800000000000003     
   1395993.0044002561        1358456.7911307216        2965.2106076578407       0.46800000000000003     
   1362784.4432641694        1326085.7784267962        2891.0074048793203       0.46800000000000003     
   1330747.6104996002        1294856.9680868015        2818.6089201153941       0.46800000000000003     
   1305428.2853495490        1270188.6481926963        2793.6895451594037       0.46800000000000003     
   1288784.2101338997        1253971.0457807034        2768.9841941049576       0.46800000000000003     
   1261616.3210393274        1227473.9875821471        2662.0855168592334       0.46800000000000003     
   1201308.5838171449        1168723.7929156721        2559.1994738078261       0.46800000000000003     
