 H2SO4                    Loss by CS     Actual loss   Csat   molar mass
   0.0000000000000000        0.0000000000000000        0.0000000000000000        9.8078498840332040E-002
   3.7699353980642147E-009   0.0000000000000000        0.0000000000000000        9.8078498840332040E-002
   1186992743.0525706        1155907965.6389771        0.0000000000000000        9.8078498840332040E-002
   1556420966.9190013        1515636172.4752274        0.0000000000000000        9.8078498840332040E-002
   1657421013.7062812        1617910259.2367020        0.0000000000000000        9.8078498840332040E-002
   1547380165.7080758        1510438347.2758179        0.0000000000000000        9.8078498840332040E-002
   1275482944.0114017        1240737844.6518631        0.0000000000000000        9.8078498840332040E-002
   1380667335.8209980        1342984711.2070923        0.0000000000000000        9.8078498840332040E-002
   2084512586.7019634        2028559136.2879486        0.0000000000000000        9.8078498840332040E-002
   2161709018.6161623        2103595751.5468445        0.0000000000000000        9.8078498840332040E-002
   1380921523.6598210        1346451110.1200790        0.0000000000000000        9.8078498840332040E-002
   1482794213.8690858        1445709728.9233246        0.0000000000000000        9.8078498840332040E-002
   2412512183.5135393        2352111214.3143768        0.0000000000000000        9.8078498840332040E-002
   2790651584.4471207        2720671702.7020721        0.0000000000000000        9.8078498840332040E-002
   2472665454.2378407        2410558219.0785217        0.0000000000000000        9.8078498840332040E-002
   2394156657.7352886        2333978697.4354858        0.0000000000000000        9.8078498840332040E-002
   2667453219.5109086        2600355995.1298218        0.0000000000000000        9.8078498840332040E-002
   2861538750.6798725        2789440536.5584412        0.0000000000000000        9.8078498840332040E-002
   2920423667.3230343        2846719958.7999420        0.0000000000000000        9.8078498840332040E-002
   2396958808.9258013        2336375336.8944855        0.0000000000000000        9.8078498840332040E-002
   1403835116.5312183        1368299573.5810165        0.0000000000000000        9.8078498840332040E-002
   1108906731.6041987        1080792658.5554581        0.0000000000000000        9.8078498840332040E-002
   1475670577.3210187        1438199032.4788666        0.0000000000000000        9.8078498840332040E-002
   1917554761.7089202        1868801699.5454559        0.0000000000000000        9.8078498840332040E-002
   2318746109.3728409        2259718912.8241272        0.0000000000000000        9.8078498840332040E-002
   2169158302.2006125        2113849986.4480286        0.0000000000000000        9.8078498840332040E-002
   1578353082.5111935        1538044961.6368790        0.0000000000000000        9.8078498840332040E-002
   1439680343.7551963        1402845856.6929169        0.0000000000000000        9.8078498840332040E-002
   1720577733.3058195        1676475696.2947388        0.0000000000000000        9.8078498840332040E-002
   2009547902.7325439        1957944493.4671021        0.0000000000000000        9.8078498840332040E-002
   2246460516.6150093        2188667872.8186646        0.0000000000000000        9.8078498840332040E-002
   2201292283.9034514        2144605194.2745972        0.0000000000000000        9.8078498840332040E-002
   1926049270.9618328        1876398262.5762177        0.0000000000000000        9.8078498840332040E-002
   1802093224.4351687        1755592785.8048630        0.0000000000000000        9.8078498840332040E-002
   1837925035.8350177        1790451753.7411194        0.0000000000000000        9.8078498840332040E-002
   2189341305.3125806        2132696129.4377136        0.0000000000000000        9.8078498840332040E-002
   2841317948.0486560        2767669892.2405243        0.0000000000000000        9.8078498840332040E-002
   2840824464.6462450        2767010140.1399841        0.0000000000000000        9.8078498840332040E-002
   1995879108.2794926        1943876199.4504547        0.0000000000000000        9.8078498840332040E-002
   1934693113.9573739        1884172445.4292603        0.0000000000000000        9.8078498840332040E-002
   2891819429.4377351        2816098705.7725372        0.0000000000000000        9.8078498840332040E-002
   5036932291.1258316        4904580306.1794434        0.0000000000000000        9.8078498840332040E-002
   8287612329.1315994        8068982534.2315063        0.0000000000000000        9.8078498840332040E-002
   8578120541.5334568        8350828163.7749634        0.0000000000000000        9.8078498840332040E-002
   5422138474.5818939        5277773598.3052368        0.0000000000000000        9.8078498840332040E-002
   4400708355.3524332        4282902022.3637085        0.0000000000000000        9.8078498840332040E-002
   6413582661.9991684        6240868853.3593445        0.0000000000000000        9.8078498840332040E-002
   7231752984.4931602        7035747485.9200439        0.0000000000000000        9.8078498840332040E-002
   6085354045.1550531        5919267452.6856995        0.0000000000000000        9.8078498840332040E-002
   4715659939.4565620        4586037989.8599243        0.0000000000000000        9.8078498840332040E-002
   3588503547.7075844        3489099398.9071960        0.0000000000000000        9.8078498840332040E-002
   6530859216.6723766        6348480108.2830811        0.0000000000000000        9.8078498840332040E-002
   13435279566.726601        13056854577.499451        0.0000000000000000        9.8078498840332040E-002
   15574544490.529955        15131616912.303955        0.0000000000000000        9.8078498840332040E-002
   12350310939.084976        11995568531.397278        0.0000000000000000        9.8078498840332040E-002
   8615549026.2749367        8365483426.0934448        0.0000000000000000        9.8078498840332040E-002
   6084142565.0273857        5905557300.8175049        0.0000000000000000        9.8078498840332040E-002
   8248398829.4152641        8003519022.9629822        0.0000000000000000        9.8078498840332040E-002
   12584081591.484085        12206177512.159302        0.0000000000000000        9.8078498840332040E-002
   10377565421.544659        10062071927.283386        0.0000000000000000        9.8078498840332040E-002
   5480239377.8066683        5311511639.1625977        0.0000000000000000        9.8078498840332040E-002
   3130241870.1081347        3032617369.5841370        0.0000000000000000        9.8078498840332040E-002
   1778775439.3306506        1722548955.5578384        0.0000000000000000        9.8078498840332040E-002
   3315256797.9672108        3209009540.1886902        0.0000000000000000        9.8078498840332040E-002
   5899052398.8732100        5707286076.3856812        0.0000000000000000        9.8078498840332040E-002
   5245156128.4000807        5072144438.3793945        0.0000000000000000        9.8078498840332040E-002
   3461165736.4375954        3345265478.8681641        0.0000000000000000        9.8078498840332040E-002
   2822709784.8831158        2726693932.8149719        0.0000000000000000        9.8078498840332040E-002
   2620451017.2682619        2529862013.3959198        0.0000000000000000        9.8078498840332040E-002
   4391694569.8702631        4237307346.4967957        0.0000000000000000        9.8078498840332040E-002
   6461230839.0192852        6230167798.6069031        0.0000000000000000        9.8078498840332040E-002
   5971448698.6413870        5754201251.6816406        0.0000000000000000        9.8078498840332040E-002
   5102869101.1584110        4914045881.7834320        0.0000000000000000        9.8078498840332040E-002
   4293913062.6203613        4132530094.4093475        0.0000000000000000        9.8078498840332040E-002
   3306958342.0802455        3180782329.0274048        0.0000000000000000        9.8078498840332040E-002
   4218944404.9469471        4055574814.4271698        0.0000000000000000        9.8078498840332040E-002
   5892778142.1124992        5661328325.5607605        0.0000000000000000        9.8078498840332040E-002
   8541555376.8469105        8201333848.8917847        0.0000000000000000        9.8078498840332040E-002
   12362730647.584015        11863502534.502625        0.0000000000000000        9.8078498840332040E-002
   12737888008.000740        12216518319.366943        0.0000000000000000        9.8078498840332040E-002
   11175274520.171783        10711762859.622711        0.0000000000000000        9.8078498840332040E-002
   11680826727.372299        11190464278.833588        0.0000000000000000        9.8078498840332040E-002
   13323497955.412155        12757955450.930603        0.0000000000000000        9.8078498840332040E-002
   15178554131.291010        14527464203.888977        0.0000000000000000        9.8078498840332040E-002
   17190114949.088379        16445233764.176941        0.0000000000000000        9.8078498840332040E-002
   14051045994.678061        13436007614.075256        0.0000000000000000        9.8078498840332040E-002
   8056063892.7500544        7700051829.9524841        0.0000000000000000        9.8078498840332040E-002
   7334983171.9624434        7008042229.5521545        0.0000000000000000        9.8078498840332040E-002
   9729081638.0172081        9291977630.2981262        0.0000000000000000        9.8078498840332040E-002
   14211209456.069775        13569413021.375000        0.0000000000000000        9.8078498840332040E-002
   19900758973.398853        18998497867.491516        0.0000000000000000        9.8078498840332040E-002
   19439052934.348351        18553393745.452393        0.0000000000000000        9.8078498840332040E-002
   14736590273.546867        14061881865.810669        0.0000000000000000        9.8078498840332040E-002
   16199122382.550676        15454093774.944458        0.0000000000000000        9.8078498840332040E-002
   22622024926.934761        21577218643.816650        0.0000000000000000        9.8078498840332040E-002
   24282683354.512230        23156575990.294861        0.0000000000000000        9.8078498840332040E-002
   21708568441.254402        20698003945.865234        0.0000000000000000        9.8078498840332040E-002
   24385335682.246834        23245676331.557678        0.0000000000000000        9.8078498840332040E-002
   32047403606.880146        30544168165.090332        0.0000000000000000        9.8078498840332040E-002
   35325342443.241150        33664176912.470947        0.0000000000000000        9.8078498840332040E-002
   34089842118.974899        32483574337.941772        0.0000000000000000        9.8078498840332040E-002
   48596033276.133392        46305096627.840210        0.0000000000000000        9.8078498840332040E-002
   79726991323.285187        75967888725.251709        0.0000000000000000        9.8078498840332040E-002
   141439897763.04700        134756668435.80908        0.0000000000000000        9.8078498840332040E-002
   233019228936.08911        221984417847.21191        0.0000000000000000        9.8078498840332040E-002
   292768291285.97589        278885221979.31055        0.0000000000000000        9.8078498840332040E-002
   311976076566.28595        297166171616.59082        0.0000000000000000        9.8078498840332040E-002
   316199004319.65967        301141061793.65332        0.0000000000000000        9.8078498840332040E-002
   310338789006.66125        295510719282.07520        0.0000000000000000        9.8078498840332040E-002
   299180295391.10931        284866042744.65430        0.0000000000000000        9.8078498840332040E-002
   287032690010.02191        273283953813.75000        0.0000000000000000        9.8078498840332040E-002
   279070229075.18628        265677047276.94434        0.0000000000000000        9.8078498840332040E-002
   275684707816.57251        262426930502.62207        0.0000000000000000        9.8078498840332040E-002
   265398590301.31427        252595168066.86816        0.0000000000000000        9.8078498840332040E-002
   245493441734.98022        233608462453.28223        0.0000000000000000        9.8078498840332040E-002
   237539938522.73364        226025214511.97266        0.0000000000000000        9.8078498840332040E-002
   246265879180.88574        234317711960.81348        0.0000000000000000        9.8078498840332040E-002
   251480150792.61578        239248276956.59473        0.0000000000000000        9.8078498840332040E-002
   247756867405.95364        235675390268.13867        0.0000000000000000        9.8078498840332040E-002
   242886975008.65613        231030195530.44922        0.0000000000000000        9.8078498840332040E-002
   239409364817.01752        227710506829.34277        0.0000000000000000        9.8078498840332040E-002
   232090814314.29675        220734634156.62988        0.0000000000000000        9.8078498840332040E-002
   220049134318.29437        209268045928.28076        0.0000000000000000        9.8078498840332040E-002
   211536164599.82468        201137819308.29590        0.0000000000000000        9.8078498840332040E-002
   207694739143.89337        197449455495.15820        0.0000000000000000        9.8078498840332040E-002
   200187063114.94965        190274862679.83301        0.0000000000000000        9.8078498840332040E-002
   187318445184.38351        178006047960.50537        0.0000000000000000        9.8078498840332040E-002
   170896310637.81531        162385686567.20312        0.0000000000000000        9.8078498840332040E-002
   152701371318.29950        145089206743.04004        0.0000000000000000        9.8078498840332040E-002
   140817694359.87665        133794528490.02148        0.0000000000000000        9.8078498840332040E-002
   136012515307.57234        129226074789.62158        0.0000000000000000        9.8078498840332040E-002
   130806785423.26378        124259708666.22949        0.0000000000000000        9.8078498840332040E-002
   123085152811.82269        116902779698.83594        0.0000000000000000        9.8078498840332040E-002
   112968698068.89610        107300713628.81006        0.0000000000000000        9.8078498840332040E-002
   101359914683.11890        96283468405.746338        0.0000000000000000        9.8078498840332040E-002
   98710831458.814377        93753478788.838135        0.0000000000000000        9.8078498840332040E-002
   105183374511.80762        99883702076.197266        0.0000000000000000        9.8078498840332040E-002
   102257329784.12250        97094145272.586426        0.0000000000000000        9.8078498840332040E-002
   87684920974.169525        83249924011.641602        0.0000000000000000        9.8078498840332040E-002
   81171855622.572037        77073313360.999756        0.0000000000000000        9.8078498840332040E-002
   86225635273.551239        81880714371.994141        0.0000000000000000        9.8078498840332040E-002
   95351043249.981857        90541526741.063232        0.0000000000000000        9.8078498840332040E-002
   105547820612.06357        100217270624.21753        0.0000000000000000        9.8078498840332040E-002
   108671068885.05309        103178138289.12036        0.0000000000000000        9.8078498840332040E-002
   104217106005.15057        98945807963.319580        0.0000000000000000        9.8078498840332040E-002
   90616884619.380341        86035250232.289551        0.0000000000000000        9.8078498840332040E-002
   68917407496.440002        65434118742.885498        0.0000000000000000        9.8078498840332040E-002
   67014447559.720825        63616668352.597900        0.0000000000000000        9.8078498840332040E-002
   87831498540.526062        83359997613.503174        0.0000000000000000        9.8078498840332040E-002
   99079373388.143372        94033973946.027832        0.0000000000000000        9.8078498840332040E-002
   95062042126.710281        90224971611.200928        0.0000000000000000        9.8078498840332040E-002
   91403976292.470978        86743237958.101562        0.0000000000000000        9.8078498840332040E-002
   91605317780.440063        86921941361.810791        0.0000000000000000        9.8078498840332040E-002
   94379602965.111847        89561655894.933838        0.0000000000000000        9.8078498840332040E-002
   99405199645.725082        94340874336.991943        0.0000000000000000        9.8078498840332040E-002
   101796834093.05937        96596168467.118408        0.0000000000000000        9.8078498840332040E-002
   100387791502.97533        95240487505.805908        0.0000000000000000        9.8078498840332040E-002
   95987685179.591446        91062501058.429932        0.0000000000000000        9.8078498840332040E-002
   89748740570.164734        85144305160.690918        0.0000000000000000        9.8078498840332040E-002
   89177503338.266449        84607659249.071289        0.0000000000000000        9.8078498840332040E-002
   94875638872.598892        90019714490.048828        0.0000000000000000        9.8078498840332040E-002
   92541809832.115387        87805249950.191895        0.0000000000000000        9.8078498840332040E-002
   80541993006.200577        76418768172.321045        0.0000000000000000        9.8078498840332040E-002
   72504039848.582031        68788553552.135986        0.0000000000000000        9.8078498840332040E-002
   70498681325.034836        66882174155.042969        0.0000000000000000        9.8078498840332040E-002
   72960515842.205063        69214511257.050293        0.0000000000000000        9.8078498840332040E-002
   78497166149.332764        74463640395.126709        0.0000000000000000        9.8078498840332040E-002
   77925103056.167786        73919575454.163086        0.0000000000000000        9.8078498840332040E-002
   70679376725.486816        67045285779.420410        0.0000000000000000        9.8078498840332040E-002
   68166335368.961609        64656980019.709229        0.0000000000000000        9.8078498840332040E-002
   71708358834.646439        68011170858.713135        0.0000000000000000        9.8078498840332040E-002
   73082061135.119629        69309950725.889893        0.0000000000000000        9.8078498840332040E-002
   71032658466.930450        67363235827.604980        0.0000000000000000        9.8078498840332040E-002
   71209176027.402557        67528282579.622314        0.0000000000000000        9.8078498840332040E-002
   74263637410.963943        70422608610.312744        0.0000000000000000        9.8078498840332040E-002
   70143191538.864929        66509006872.633789        0.0000000000000000        9.8078498840332040E-002
   58444413222.812469        55409973585.063843        0.0000000000000000        9.8078498840332040E-002
   53851307699.908226        51056960942.269775        0.0000000000000000        9.8078498840332040E-002
   57959618935.771500        54955776398.075928        0.0000000000000000        9.8078498840332040E-002
   65160832992.141869        61782163960.903564        0.0000000000000000        9.8078498840332040E-002
   73439203193.327118        69628315985.387451        0.0000000000000000        9.8078498840332040E-002
   74335156478.141861        70477739958.061279        0.0000000000000000        9.8078498840332040E-002
   67578896499.022034        64072741183.427734        0.0000000000000000        9.8078498840332040E-002
   55154514875.902054        52290064758.467651        0.0000000000000000        9.8078498840332040E-002
   38885421362.008163        36863411673.750122        0.0000000000000000        9.8078498840332040E-002
   36274893579.629570        34387616566.089966        0.0000000000000000        9.8078498840332040E-002
   47872429260.525276        45381225979.400024        0.0000000000000000        9.8078498840332040E-002
   52407260862.718002        49683241533.953979        0.0000000000000000        9.8078498840332040E-002
   46803740465.556709        44373852466.630981        0.0000000000000000        9.8078498840332040E-002
   42475598827.869781        40270571421.727539        0.0000000000000000        9.8078498840332040E-002
   41664355849.718307        39501508449.092285        0.0000000000000000        9.8078498840332040E-002
   40308796543.140350        38216030138.388794        0.0000000000000000        9.8078498840332040E-002
   37684442605.118927        35727631252.846191        0.0000000000000000        9.8078498840332040E-002
   38158407009.318336        36175852847.270752        0.0000000000000000        9.8078498840332040E-002
   41829648491.170296        39654605267.623779        0.0000000000000000        9.8078498840332040E-002
   38468268380.446716        36467812985.325195        0.0000000000000000        9.8078498840332040E-002
   27858435514.689754        26410202319.603760        0.0000000000000000        9.8078498840332040E-002
   23376336160.628658        22159992498.452209        0.0000000000000000        9.8078498840332040E-002
   26104070868.068680        24744173217.890076        0.0000000000000000        9.8078498840332040E-002
   35123416939.743561        33293642762.301880        0.0000000000000000        9.8078498840332040E-002
   48420110564.576729        45898579468.920776        0.0000000000000000        9.8078498840332040E-002
   53202462414.877464        50429946178.571899        0.0000000000000000        9.8078498840332040E-002
   49034673284.203300        46476534127.972778        0.0000000000000000        9.8078498840332040E-002
   44260009535.032196        41951397042.717041        0.0000000000000000        9.8078498840332040E-002
   40848690553.566498        38719592800.073975        0.0000000000000000        9.8078498840332040E-002
   35499970308.079285        33649910436.806641        0.0000000000000000        9.8078498840332040E-002
   28055907883.750313        26593911832.164368        0.0000000000000000        9.8078498840332040E-002
   23522665380.384861        22296780897.616516        0.0000000000000000        9.8078498840332040E-002
   22236739310.695793        21077847376.437561        0.0000000000000000        9.8078498840332040E-002
   20616407409.130913        19542135268.966797        0.0000000000000000        9.8078498840332040E-002
   18016865063.880611        17078223393.708252        0.0000000000000000        9.8078498840332040E-002
   15748467630.949423        14927999774.763000        0.0000000000000000        9.8078498840332040E-002
   14040506708.377619        13309035106.535675        0.0000000000000000        9.8078498840332040E-002
   16145229508.828249        15303740529.716736        0.0000000000000000        9.8078498840332040E-002
   21500682289.442562        20379322309.387634        0.0000000000000000        9.8078498840332040E-002
   21932236853.323818        20788623284.959656        0.0000000000000000        9.8078498840332040E-002
   17294139929.887260        16392877557.619812        0.0000000000000000        9.8078498840332040E-002
   13957540708.047132        13230008381.770813        0.0000000000000000        9.8078498840332040E-002
   12791713715.959589        12124633409.092072        0.0000000000000000        9.8078498840332040E-002
   12161300817.650520        11526750749.254517        0.0000000000000000        9.8078498840332040E-002
   11591736729.155186        10986631792.439087        0.0000000000000000        9.8078498840332040E-002
   10810659463.107069        10246130131.429138        0.0000000000000000        9.8078498840332040E-002
   9845179284.5311699        9330849478.7691956        0.0000000000000000        9.8078498840332040E-002
   7874844938.4392834        7463281882.9862671        0.0000000000000000        9.8078498840332040E-002
   5156571248.4208603        4886959417.0740204        0.0000000000000000        9.8078498840332040E-002
   5210624824.4319410        4938080898.1846466        0.0000000000000000        9.8078498840332040E-002
   7677748849.6224155        7276035357.6697388        0.0000000000000000        9.8078498840332040E-002
   7717057155.3928471        7313164838.1450195        0.0000000000000000        9.8078498840332040E-002
   5316483121.7100801        5038141056.1174316        0.0000000000000000        9.8078498840332040E-002
   3817077259.6345048        3617131704.4626770        0.0000000000000000        9.8078498840332040E-002
   3537430709.9928660        3352025399.0876923        0.0000000000000000        9.8078498840332040E-002
   3611615794.2028170        3422138650.7522812        0.0000000000000000        9.8078498840332040E-002
   3900768917.1367788        3695895774.5413208        0.0000000000000000        9.8078498840332040E-002
   4415041019.6166430        4182972726.4375916        0.0000000000000000        9.8078498840332040E-002
   4819088604.2053442        4565639666.4011383        0.0000000000000000        9.8078498840332040E-002
   4760660053.7483892        4510264751.9762726        0.0000000000000000        9.8078498840332040E-002
   4265557843.5733452        4041189768.4179230        0.0000000000000000        9.8078498840332040E-002
   3782974165.2562628        3583796031.2932281        0.0000000000000000        9.8078498840332040E-002
   3398285731.6016383        3219151019.8552170        0.0000000000000000        9.8078498840332040E-002
   2858488441.4555626        2707701686.6153793        0.0000000000000000        9.8078498840332040E-002
   2140227237.1168792        2027270152.4956207        0.0000000000000000        9.8078498840332040E-002
   1932675348.2361400        1830665853.1363220        0.0000000000000000        9.8078498840332040E-002
   2268307574.5587163        2148577808.1047974        0.0000000000000000        9.8078498840332040E-002
   2838975652.4467235        2689023374.0967255        0.0000000000000000        9.8078498840332040E-002
   3531284733.3938437        3344604786.2108154        0.0000000000000000        9.8078498840332040E-002
   4225781826.3096247        4002348624.2088165        0.0000000000000000        9.8078498840332040E-002
   4903004831.9114904        4643766955.7958374        0.0000000000000000        9.8078498840332040E-002
   4980209777.5996056        4716516453.6256256        0.0000000000000000        9.8078498840332040E-002
   4472152741.3610954        4234902966.2748718        0.0000000000000000        9.8078498840332040E-002
   4072641575.0294571        3856574210.1303406        0.0000000000000000        9.8078498840332040E-002
   3899021146.2405019        3692293060.1570435        0.0000000000000000        9.8078498840332040E-002
   3745943658.9927521        3546239113.4625778        0.0000000000000000        9.8078498840332040E-002
   3555772174.9443703        3364617622.5540390        0.0000000000000000        9.8078498840332040E-002
   3247658356.6058035        3073223228.0951385        0.0000000000000000        9.8078498840332040E-002
   2876609123.9911089        2722747531.6481934        0.0000000000000000        9.8078498840332040E-002
   3899311844.7205281        3690641898.2699738        0.0000000000000000        9.8078498840332040E-002
   6049993294.2624531        5725946874.1087799        0.0000000000000000        9.8078498840332040E-002
   7029315003.2449665        6653249886.6823273        0.0000000000000000        9.8078498840332040E-002
   6900724298.1096859        6532032578.3041992        0.0000000000000000        9.8078498840332040E-002
   6641789166.1995430        6286738475.2640381        0.0000000000000000        9.8078498840332040E-002
   6415351349.9643803        6072144946.6535645        0.0000000000000000        9.8078498840332040E-002
   6985480964.9555988        6611633629.4354095        0.0000000000000000        9.8078498840332040E-002
   8232584635.1985931        7791907488.6359558        0.0000000000000000        9.8078498840332040E-002
   8552950737.6178722        8094712825.3459778        0.0000000000000000        9.8078498840332040E-002
   7952496388.4962950        7526048614.0466919        0.0000000000000000        9.8078498840332040E-002
   7060655265.2674303        6681563571.6603851        0.0000000000000000        9.8078498840332040E-002
   6071867621.0773993        5745331675.6118927        0.0000000000000000        9.8078498840332040E-002
   5644115542.2427444        5339975188.7873688        0.0000000000000000        9.8078498840332040E-002
   5730706521.0533676        5421323881.7915802        0.0000000000000000        9.8078498840332040E-002
   5746820437.2765532        5436814631.2046356        0.0000000000000000        9.8078498840332040E-002
   5622634411.3138447        5319716853.7496338        0.0000000000000000        9.8078498840332040E-002
   6013298924.0216599        5689014416.6321564        0.0000000000000000        9.8078498840332040E-002
   6882842699.4117556        6511154400.3846130        0.0000000000000000        9.8078498840332040E-002
   6548687486.1302614        6194917451.3517609        0.0000000000000000        9.8078498840332040E-002
   5036637634.0602236        4764530801.4589081        0.0000000000000000        9.8078498840332040E-002
   3911657179.0848231        3700104409.0094147        0.0000000000000000        9.8078498840332040E-002
   3355825571.9368310        3174075883.7716064        0.0000000000000000        9.8078498840332040E-002
   3265864693.8221998        3088751492.6553497        0.0000000000000000        9.8078498840332040E-002
   3501262782.7526836        3311113467.1688309        0.0000000000000000        9.8078498840332040E-002
   3351803107.0471239        3169511245.9933014        0.0000000000000000        9.8078498840332040E-002
   2786744093.4971933        2634978459.6143341        0.0000000000000000        9.8078498840332040E-002
   2527009906.2063107        2389185590.7600784        0.0000000000000000        9.8078498840332040E-002
   2629679342.5223632        2486050608.2471085        0.0000000000000000        9.8078498840332040E-002
   3342379249.0116429        3159513083.2950897        0.0000000000000000        9.8078498840332040E-002
   4515710130.5659828        4268224479.2899780        0.0000000000000000        9.8078498840332040E-002
   4967869105.4584942        4695425079.3327637        0.0000000000000000        9.8078498840332040E-002
   4707033281.7062302        4448789828.1983032        0.0000000000000000        9.8078498840332040E-002
   4331427231.1158295        4093445827.0028687        0.0000000000000000        9.8078498840332040E-002
   3979298820.1403337        3760247044.7207413        0.0000000000000000        9.8078498840332040E-002
