 HOM18_O17                Loss by CS     Actual loss   Csat   molar mass
   0.0000000000000000        0.0000000000000000       0.23287284831776586       0.51400000000000001     
   4.7799889888999899E-021   0.0000000000000000       0.23287143723358650       0.51400000000000001     
  0.96705971589656348       0.95483957386630891       0.23287002613426336       0.51400000000000001     
   28.134560667984168        27.778888761490634       0.23103946262779340       0.51400000000000001     
   160.38065534851259        158.54137098427236       0.22922295519576097       0.51400000000000001     
   504.33580213187065        498.54365599409357       0.23695342683798426       0.51400000000000001     
   1240.5082684882445        1224.1945212911669       0.24493831053394258       0.51400000000000001     
   2062.4193194719246        2035.2480279571027       0.25398256504950217       0.51400000000000001     
   2997.4820366071244        2958.6756477369636       0.26335267986648869       0.51400000000000001     
   4234.9960286206506        4180.0908483222011       0.25398160511025747       0.51400000000000001     
   5204.5554614818157        5142.0820333822048       0.24493645740454983       0.51400000000000001     
   6835.3854489944215        6753.1572329162154       0.24609821921275077       0.51400000000000001     
   8638.4339595826677        8534.3772363086464       0.24726536189729792       0.51400000000000001     
   10641.609159060672        10513.250125163933       0.24765467285727491       0.51400000000000001     
   12755.164764356221        12601.099558910355       0.24804458236417851       0.51400000000000001     
   14863.176343033556        14683.480038726470       0.23583348922299682       0.51400000000000001     
   16780.369859026316        16577.297152727842       0.22421016586281226       0.51400000000000001     
   18570.161844061971        18345.077822409337       0.22778048924343808       0.51400000000000001     
   20498.615407259749        20249.767513440689       0.23140631734179773       0.51400000000000001     
   22539.500541239402        22265.447451181244       0.23508920372879999       0.51400000000000001     
   24606.794458465949        24307.133973557036       0.23882931249529224       0.51400000000000001     
   26644.697687031017        26319.735514028464       0.24034225122116451       0.51400000000000001     
   28608.846428798748        28259.407448977232       0.24186454861589129       0.51400000000000001     
   30476.999648666173        30104.249888102990       0.23770167601644859       0.51400000000000001     
   32151.265392325473        31757.515931325499       0.23360880604264608       0.51400000000000001     
   33800.755188986448        33386.110174986068       0.24072097432349046       0.51400000000000001     
   35748.960552227189        35309.691508874763       0.24804445728978050       0.51400000000000001     
   37929.158163918961        37462.308215019293       0.25679734421005601       0.51400000000000001     
   40290.022949554179        39793.277512602508       0.26585162252158195       0.51400000000000001     
   42754.634556602658        42226.636567898560       0.27349109039699931       0.51400000000000001     
   45237.509077693794        44677.934572546743       0.28134479939631252       0.51400000000000001     
   47519.831567554349        46931.368695026264       0.27092183120206842       0.51400000000000001     
   49389.478746512847        48777.150339492131       0.26087628783408062       0.51400000000000001     
   51298.052867912862        50661.273363146000       0.25278421084089181       0.51400000000000001     
   53397.204164917748        52733.513039399870       0.24493744578845383       0.51400000000000001     
   55938.574703362945        55242.188054499216       0.24378054412186623       0.51400000000000001     
   60682.499090139419        59925.738293895498       0.24262897966248642       0.51400000000000001     
   68931.724535918838        68070.241024545394       0.24804545791018598       0.51400000000000001     
   81295.896025462076        80277.370642820373       0.25357996375307057       0.51400000000000001     
   96914.448970921148        95697.274245179258       0.24034182669731252       0.51400000000000001     
   113657.63353156805        112225.94855223969       0.22777945359936447       0.51400000000000001     
   131968.13562306858        130299.84130794927       0.22279457588918372       0.51400000000000001     
   152835.72207993554        150895.81951659173       0.21791629641925103       0.51400000000000001     
   176757.62476662197        174503.48363142461       0.22069111410065198       0.51400000000000001     
   205567.48885301818        202932.42312047631       0.22350042899222017       0.51400000000000001     
   238769.33658936745        235691.71776165068       0.22279491375917845       0.51400000000000001     
   275092.98253900645        271525.66266044974       0.22209157369425886       0.51400000000000001     
   314148.27478096180        310047.70442301407       0.21999392761110428       0.51400000000000001     
   355252.48070343421        350582.43365065381       0.21791563515899268       0.51400000000000001     
   395956.86044527445        390712.80880076438       0.20519531875585081       0.51400000000000001     
   431280.36955414957        425522.24992883578       0.19320118390370430       0.51400000000000001     
   462238.32825626683        456013.37468663603       0.18568764654835562       0.51400000000000001     
   490320.38275866874        483656.74837903678       0.17845975597200345       0.51400000000000001     
   517814.51930244127        510708.88291583955       0.18131684322715369       0.51400000000000001     
   549354.29573964479        541740.26288709044       0.18421858897474119       0.51400000000000001     
   577339.10519244953        569252.81706712395       0.17232298655869846       0.51400000000000001     
   593955.39866801235        585542.07424737513       0.16117876646222007       0.51400000000000001     
   611244.00137909094        602485.09720611572       0.16639541674255015       0.51400000000000001     
   642265.99349680112        632954.62174887955       0.17177685203817919       0.51400000000000001     
   684379.49213010387        674337.21687774360       0.17676418950515874       0.51400000000000001     
   736483.92905768496        725542.05486994237       0.18189285901390365       0.51400000000000001     
   793937.22519977344        781987.75027251244       0.17902654153912342       0.51400000000000001     
   848677.52983633312        835730.06420701742       0.17620435591004305       0.51400000000000001     
   899746.66553869518        885826.02613857388       0.17041677729096888       0.51400000000000001     
   944902.40056850121        930069.32303050160       0.16481501155415193       0.51400000000000001     
   983825.80349583132        968146.98192781210       0.15687515394969029       0.51400000000000001     
   1014873.8449000084        998446.28459868580       0.14930931501249312       0.51400000000000001     
   1040421.1377255765        1023308.3564603105       0.14187120053572980       0.51400000000000001     
   1063581.7912294655        1045797.3285369501       0.13479543902405047       0.51400000000000001     
   1086605.2570830972        1068129.7379744425       0.13075955926663066       0.51400000000000001     
   1111744.7629785393        1092516.3632651865       0.12684179359101463       0.51400000000000001     
   1142868.7259036535        1122768.6469078660       0.12950964606768023       0.51400000000000001     
   1183135.1681364051        1161980.6866823658       0.13223228196239561       0.51400000000000001     
   1229581.2624743113        1207242.1909847111       0.13850968498995359       0.51400000000000001     
   1278805.0909843922        1255209.4720444828       0.14507784918853323       0.51400000000000001     
   1327689.9396745104        1302824.0629929304       0.15292259729780100       0.51400000000000001     
   1377563.6623224760        1351391.0053001642       0.16118114699312047       0.51400000000000001     
   1423250.5548165401        1395823.1636413932       0.16639664465583001       0.51400000000000001     
   1460180.9747303927        1431648.0362654030       0.17177685207667456       0.51400000000000001     
   1488071.1597921166        1458586.6347173601       0.17397614067304160       0.51400000000000001     
   1505202.1247515746        1474969.0167911798       0.17620292297971923       0.51400000000000001     
   1527913.9661484582        1496847.9791688621       0.18539175556847523       0.51400000000000001     
   1569310.8403623058        1537044.1581491679       0.19504804058090924       0.51400000000000001     
   1620457.3210697053        1586775.2272227705       0.20293151681708566       0.51400000000000001     
   1675832.6894508989        1640632.9392683804       0.21112589967036216       0.51400000000000001     
   1732621.4215635736        1695855.1776016951       0.21722723316072362       0.51400000000000001     
   1777102.9629299513        1739026.6396833509       0.22350065496707297       0.51400000000000001     
   1805993.6820411121        1766952.2149013430       0.23104156296561668       0.51400000000000001     
   1820641.8158952370        1780958.0295229852       0.23883075870607284       0.51400000000000001     
   1844398.4214330772        1803973.7564044148       0.26418443108001316       0.51400000000000001     
   1900341.3236187473        1858513.2648992687       0.29216011693612820       0.51400000000000001     
   1950855.5449732393        1907703.8931997418       0.31206964545309152       0.51400000000000001     
   1986122.0871693972        1941973.8767658174       0.33330199918564329       0.51400000000000001     
   2024479.6880691266        1979272.1966132373       0.35650058235186227       0.51400000000000001     
   2067134.0013199612        2020777.0810936689       0.38127334479410169       0.51400000000000001     
   2110050.5079266205        2062539.3312194496       0.40645952657976880       0.51400000000000001     
   2151592.3508636989        2102964.0282874256       0.43326780128874709       0.51400000000000001     
   2190510.7689957554        2140819.5643380135       0.45679225325573264       0.51400000000000001     
   2215460.3739653630        2165032.0987483561       0.48156229092272734       0.51400000000000001     
   2238435.4371447014        2187370.7565567940       0.51879358865843728       0.51400000000000001     
   2260604.3855606071        2208946.4249750525       0.55883035373810497       0.51400000000000001     
   2285554.4268679535        2233311.5960248560       0.61691643100078319       0.51400000000000001     
   2312853.9622382950        2259991.1823222041       0.68088299577806544       0.51400000000000001     
   2304787.4017968494        2252001.2287609130       0.70977482139996717       0.51400000000000001     
   2248417.8517816411        2196814.6432931274       0.73986237110401731       0.51400000000000001     
   2176385.4961341117        2126372.6052284986       0.78551119587306861       0.51400000000000001     
   2091965.9093496511        2043845.8764562458       0.83390571438015015       0.51400000000000001     
   1996710.1651927289        1950659.4071752280       0.83776875220903546       0.51400000000000001     
   1946407.4904231939        1901391.2869306356       0.84164925814621361       0.51400000000000001     
   1965768.7226063281        1920271.3623259813       0.89208837216745263       0.51400000000000001     
   1998519.5149317349        1952240.3172938079       0.94547427145058383       0.51400000000000001     
   2053104.3241326709        2005486.8484071493       0.97626960147103015       0.51400000000000001     
   2177218.3326459560        2126637.8871946186        1.0080433680224878       0.51400000000000001     
   2345533.8902935321        2290880.8024536967        1.0019181730942119       0.51400000000000001     
   2518908.7079119007        2460019.0745465010       0.99582931721813228       0.51400000000000001     
   2724030.1434761891        2660267.2659901977        1.0520238256094188       0.51400000000000001     
   2993216.1878150259        2923095.2604686171        1.1113097765860589       0.51400000000000001     
   3273169.3469885248        3196364.3534443676        1.1491358434865926       0.51400000000000001     
   3527449.1094966587        3444541.7567790747        1.1882177186826250       0.51400000000000001     
   3760664.6231464921        3672179.2420611978        1.2454854935489312       0.51400000000000001     
   3977193.5875712261        3883517.1879825592        1.3054444599088266       0.51400000000000001     
   4159535.4719078019        4061501.1709687710        1.3807462883879504       0.51400000000000001     
   4302584.4209279325        4201116.0889756680        1.4602822200086611       0.51400000000000001     
   4377148.8128605969        4273663.1721031964        1.4602430336889900       0.51400000000000001     
   4338258.1404964197        4235417.8045077324        1.4602038483957707       0.51400000000000001     
   4222499.8061050745        4122017.8960033357        1.4039162107234053       0.51400000000000001     
   4022992.0253622397        3926864.3859928250        1.3497484725843378       0.51400000000000001     
   3797573.3725718460        3706755.4400255084        1.4253638632142798       0.51400000000000001     
   3644349.4452239755        3557187.2303359509        1.5051086737711430       0.51400000000000001     
   3505431.9837856102        3421540.6161590517        1.5583126682560269       0.51400000000000001     
   3346670.0614713980        3266533.1967512965        1.6133508465852229       0.51400000000000001     
   3168253.4637033492        3092165.8175625801        1.5465884717827503       0.51400000000000001     
   2945213.8275882108        2874245.6702098399        1.4825254241016799       0.51400000000000001     
   2723665.0784541317        2658122.9934630543        1.6206565602210732       0.51400000000000001     
   2573696.1979925791        2511888.1682890058        1.7713221290500840       0.51400000000000001     
   2444146.5760566718        2385308.9873023927        1.7007588187899629       0.51400000000000001     
   2275599.5306023438        2220659.7213098407        1.6329418391357904       0.51400000000000001     
   2107110.9435355915        2056162.6770769656        1.6428174860273852       0.51400000000000001     
   1964873.6314232370        1917313.2411133498        1.6527514208820724       0.51400000000000001     
   1846070.4880511267        1801451.5621510297        1.7820394920384786       0.51400000000000001     
   1841272.1294198872        1796848.6745885164        1.9211806574156944       0.51400000000000001     
   1971878.0966301840        1924261.1421038359        1.9182744694379099       0.51400000000000001     
   1947178.3498022447        1900103.2490291893        1.9153725724375432       0.51400000000000001     
   1862059.2143347515        1817038.4634589851        1.9856926734479141       0.51400000000000001     
   1789370.9676808401        1746113.1257285923        2.0585303449393999       0.51400000000000001     
   1721871.7569270588        1680243.0777198076        2.1179899555905690       0.51400000000000001     
   1656320.9829948414        1616273.3254248202        2.1791246408918989       0.51400000000000001     
   1528950.6260692547        1491858.8521067202        1.9857055395726486       0.51400000000000001     
   1336115.5013773020        1303562.6274612173        1.8090785773053770       0.51400000000000001     
   1182317.2727339834        1153552.6239542663        1.9947005302805918       0.51400000000000001     
   1105260.6787909167        1078439.2529013604        2.1988663044436638       0.51400000000000001     
   1131182.1454164283        1103688.6808697060        2.1243709921174569       0.51400000000000001     
   1092544.8745474815        1065934.7132653445        2.0523409326787485       0.51400000000000001     
   1012621.9550201674        987972.06804133207        2.1758871796591697       0.51400000000000001     
   1012157.7612647078        987545.84519791603        2.3066816316228933       0.51400000000000001     
   1058452.3256078342        1032650.1889075264        2.1499895686498536       0.51400000000000001     
   996294.45386646083        971926.36347915232        2.0037030738317947       0.51400000000000001     
   925831.13390288677        903178.22496742010        2.0959331531829486       0.51400000000000001     
   900287.20463883737        878269.94776122272        2.1923021260239777       0.51400000000000001     
   903413.59336205968        881346.07051344961        2.3309876822810907       0.51400000000000001     
   957704.43917279120        934339.97688283771        2.4782227619388544       0.51400000000000001     
   1068572.6326001610        1042494.9404459372        2.5117619264483770       0.51400000000000001     
   1112147.1437319203        1084992.1846993864        2.5457439318480839       0.51400000000000001     
   1112997.7078027870        1085803.2826349512        2.5609928523001044       0.51400000000000001     
   1095345.6881556015        1068563.2354203686        2.5763309030109256       0.51400000000000001     
   1077296.3111625605        1050937.7675093785        2.5994857554421218       0.51400000000000001     
   1062902.3808017334        1036880.1692208648        2.6228436613196773       0.51400000000000001     
   1053198.2109697654        1027404.4761894345        2.6701673203800853       0.51400000000000001     
   1057414.2297674906        1031509.9566698149        2.7183239195442739       0.51400000000000001     
   1068433.3531600472        1042227.4260711595        2.6622110578615681       0.51400000000000001     
   1044721.7860793774        1019061.0795610920        2.6072291856253296       0.51400000000000001     
   1022368.1785458537        997237.21130104363        2.6267875038379302       0.51400000000000001     
   1011591.2490296498        986712.23671511561        2.6464889840983599       0.51400000000000001     
   1006560.2534688087        981799.40062670410        2.6942051198507162       0.51400000000000001     
   1005264.2953340687        980531.21570540965        2.7427605018638110       0.51400000000000001     
   1004349.1507707310        979602.63541642576        2.6385280053716573       0.51400000000000001     
   996279.92258358141        971687.25861994177        2.5381648489592807       0.51400000000000001     
   985783.85028684523        961486.15848194063        2.7386976853462248       0.51400000000000001     
   991716.10317562846        967324.70417382568        2.9546633786758569       0.51400000000000001     
   1017539.2139704538        992497.88819156587        2.9110330235237116       0.51400000000000001     
   1023987.3831143115        998764.79950817674        2.8680316369864149       0.51400000000000001     
   1019380.0549043801        994264.25949777663        2.9067202110657950       0.51400000000000001     
   1019543.5006989952        994422.04941549152        2.9459179361026671       0.51400000000000001     
   1022391.6049434759        997176.63948929310        2.8765965277899990       0.51400000000000001     
   1021299.2568130381        996082.31423607469        2.8088679496804767       0.51400000000000001     
   1018068.6314422549        992933.75595317036        2.8808554392229961       0.51400000000000001     
   1020377.8498868131        995196.64292392135        2.9546423122833567       0.51400000000000001     
   1028525.2075353247        1003153.4073673561        3.0257254423067597       0.51400000000000001     
   1043199.7705320797        1017477.5468293056        3.0984765063317274       0.51400000000000001     
   1059548.2111820476        1033420.1977080554        3.1123055932718131       0.51400000000000001     
   1071720.8657856621        1045288.9151444212        3.1261949065878030       0.51400000000000001     
   1081118.9747301287        1054447.4199972227        3.1215690492175545       0.51400000000000001     
   1087858.8635626547        1061012.8195777014        3.1169498719297639       0.51400000000000001     
   1091531.9481538648        1064569.7980632931        3.0212339587685371       0.51400000000000001     
   1086284.9550358651        1059420.9530339912        2.9283885820467113       0.51400000000000001     
   1075777.2597321442        1049174.3554571792        2.9899148549173513       0.51400000000000001     
   1070847.3985851810        1044379.1193023548        3.0527020159249805       0.51400000000000001     
   1070299.9527998962        1043826.1355026364        2.9677726434828631       0.51400000000000001     
   1065417.8343484679        1039038.4983492792        2.8851506960142901       0.51400000000000001     
   1058457.2920656353        1032257.3646929786        2.9502313923517072       0.51400000000000001     
   1057340.5557945466        1031185.3566112593        3.0167439628196333       0.51400000000000001     
   1058665.4580998365        1032452.6841179132        2.8937386328441961       0.51400000000000001     
   1052378.2973534812        1026286.0914021209        2.7756327331865482       0.51400000000000001     
   1042240.3978034914        1016402.9158305824        2.8298646196083381       0.51400000000000001     
   1038556.8748017610        1012828.4459652826        2.8851301098086277       0.51400000000000001     
   1039957.4342505666        1014192.3689719364        2.8680227679828780       0.51400000000000001     
   1043026.1276051413        1017181.7561874539        2.8510144342559554       0.51400000000000001     
   1048305.8007479536        1022332.6876725629        2.8552506433938589       0.51400000000000001     
   1056338.4800334652        1030170.4193508253        2.8594929951459069       0.51400000000000001     
   1066743.9992038086        1040320.1947720945        2.8509893379359763       0.51400000000000001     
   1078626.6326456282        1051911.2124468014        2.8425103617592118       0.51400000000000001     
   1091910.8661353597        1064866.6133152694        2.8256429827886751       0.51400000000000001     
   1105328.4894876515        1077952.8503231108        2.8088732970735255       0.51400000000000001     
   1120093.5875420715        1092332.2721661851        2.7062305625214078       0.51400000000000001     
   1133382.9963560281        1105265.7741049454        2.6072515648324637       0.51400000000000001     
   1147825.3232960925        1119353.6721836925        2.6189343173611990       0.51400000000000001     
   1180241.8089687624        1150980.0217440501        2.6306681548897930       0.51400000000000001     
   1234935.8652009107        1204303.2226507366        2.5457415020885477       0.51400000000000001     
   1306502.3494952393        1274070.3498515040        2.4634926910064219       0.51400000000000001     
   1393098.7016118364        1358502.2472937554        2.4161205161348698       0.51400000000000001     
   1489042.6381220603        1452051.0735768229        2.3696378042225685       0.51400000000000001     
   1587530.1235237848        1548068.0729332268        2.2998188974882687       0.51400000000000001     
   1682032.0611969128        1640192.7913189828        2.2320091307318846       0.51400000000000001     
   1770480.2541092073        1726412.4153082371        2.1661629833128364       0.51400000000000001     
   1848959.6994938769        1802908.0711525232        2.1022140607456090       0.51400000000000001     
   1915756.4415675264        1868019.4735001028        2.0585441655253689       0.51400000000000001     
   1973272.6735188151        1924083.9587647170        2.0157601126535774       0.51400000000000001     
   2019574.6773903440        1969201.6837302893        1.9620160974510765       0.51400000000000001     
   2050738.3621656806        1999556.6431056112        1.9096715346593121       0.51400000000000001     
   2065904.0362995686        2014298.8464039564        1.8420026459779044       0.51400000000000001     
   2063638.1215356612        2012041.6759716272        1.7766761296772580       0.51400000000000001     
   2042917.8109439209        1991773.5876207352        1.6930963556058976       0.51400000000000001     
   1993977.8621534146        1943988.0325488150        1.6133586300100988       0.51400000000000001     
   1920247.9353132090        1872064.6409126669        1.5748668508687056       0.51400000000000001     
   1836634.9543098733        1790520.4441118538        1.5372719642847434       0.51400000000000001     
   1749626.7634604527        1705674.6981572211        1.5073614191700941       0.51400000000000001     
   1665903.9110522859        1624034.8931907639        1.4780191933226476       0.51400000000000001     
   1585926.3433314327        1546018.2989057973        1.4167440890238008       0.51400000000000001     
   1504565.3357703497        1466650.4531553537        1.3579510900394600       0.51400000000000001     
   1428846.6974953362        1392808.9651963711        1.3314645019584099       0.51400000000000001     
   1365586.3525029668        1331120.9129407257        1.3054824345994340       0.51400000000000001     
   1311561.9163588569        1278449.7341386899        1.2956258858672747       0.51400000000000001     
   1267551.9430030652        1235541.6542321220        1.2858419926905296       0.51400000000000001     
   1230535.6689550125        1199437.1865906715        1.2569036577766819       0.51400000000000001     
   1197801.6318804245        1167502.2759671509        1.2286013986487490       0.51400000000000001     
   1174880.0083632674        1145152.5860727951        1.2304671487494274       0.51400000000000001     
   1167657.2473900402        1138110.1490545347        1.2323356645091572       0.51400000000000001     
   1166298.0705990435        1136736.8170749694        1.1703001831563422       0.51400000000000001     
   1157684.1552429008        1128278.0597091988        1.1113168080917286       0.51400000000000001     
   1156470.6809382376        1127096.5463113263        1.1352500823786251       0.51400000000000001     
   1179475.1759033683        1149537.9815930352        1.1596862463534048       0.51400000000000001     
   1183163.4804399461        1152933.0708718374       0.92401386640127703       0.51400000000000001     
   1108155.4345312174        1079573.4569865465       0.73532772870981866       0.51400000000000001     
   1035776.0066082755        1009121.1961732656       0.82504869513343482       0.51400000000000001     
   1051846.2396210302        1024928.7018197998       0.92542662546062071       0.51400000000000001     
   1086745.0587492795        1058918.3448586166       0.91277929006875980       0.51400000000000001     
   1090246.5369665495        1062303.8688477427       0.90030074743155530       0.51400000000000001     
   1091576.8032224816        1063665.9793093204       0.96146621959531031       0.51400000000000001     
   1113117.7481791272        1084729.6406245902        1.0266819063262986       0.51400000000000001     
   1130036.0444423691        1101201.9518497661        1.0188763116902049       0.51400000000000001     
   1122796.3364287980        1094126.4139834419        1.0111286595517754       0.51400000000000001     
   1108702.5468752808        1080382.2789013609        1.0142192112535218       0.51400000000000001     
   1094533.2191741329        1066569.7520907447        1.0173189839762993       0.51400000000000001     
   1079832.8825918136        1052231.4914468303        1.0157709157803403       0.51400000000000001     
   1063612.7954311389        1036413.0932820812        1.0142251473398480       0.51400000000000001     
   1041919.8892152808        1015230.7127442807       0.97179228446582078       0.51400000000000001     
   1008380.2892480318        982497.35506974906       0.93109423415809200       0.51400000000000001     
   971886.05268306006        946897.01542641222       0.90306590809256471       0.51400000000000001     
   937193.63221059833        913058.62060221285       0.87586185308157216       0.51400000000000001     
   909897.70248515857        886480.94628003985       0.90445048963172381       0.51400000000000001     
   899896.65885475010        876763.59041981399       0.93394940323405395       0.51400000000000001     
   889480.44803628477        866591.93808573484       0.90998910139207323       0.51400000000000001     
   866653.60010538367        844321.20580680668       0.88662925904051137       0.51400000000000001     
   843610.31402769138        821857.88231073692       0.88662860830287515       0.51400000000000001     
   826974.42096954887        805643.50240553170       0.88662795756568735       0.51400000000000001     
   810356.55323158705        789427.57225629315       0.85857890598552578       0.51400000000000001     
   788940.94660952408        768531.72328593582       0.83139678904883241       0.51400000000000001     
   766174.06048072525        746316.83077989146       0.79890243355185042       0.51400000000000001     
   741984.34725353820        722716.70285894722       0.76764911615993614       0.51400000000000001     
   718070.21909648320        699392.44990256429       0.74442321356036223       0.51400000000000001     
   695731.08858830272        677605.52053749561       0.72188386889881107       0.51400000000000001     
   674016.00510180416        656430.34490708634       0.70217053205266677       0.51400000000000001     
   652850.02503398957        635792.45631434768       0.68298312082983148       0.51400000000000001     
   631568.33147707907        615041.40356875584       0.66226439045398378       0.51400000000000001     
   609776.48879145738        593794.99867303297       0.64215974181713065       0.51400000000000001     
   589851.96772428800        574378.39253782108       0.63526534272270319       0.51400000000000001     
   574499.49874898314        559418.53208799288       0.62844323101768340       0.51400000000000001     
   559497.49624395953        544782.68104571849       0.59907659996409324       0.51400000000000001     
   542526.34547841980        528224.61374900863       0.57105129323021131       0.51400000000000001     
