 HOM20_O8                 Loss by CS     Actual loss   Csat   molar mass
   0.0000000000000000        0.0000000000000000        4864455084.7662449       0.39800000000000002     
   7.6800772280592642E-012   0.0000000000000000        4864436065.3767920       0.39800000000000002     
   4190039.5871581668        4131633.1888551712        4864417045.7422810       0.39800000000000002     
   7257409.9165756125        7156185.8915687203        4839709064.6721554       0.39800000000000002     
   9731094.7895655204        9608063.8787692785        4815122045.2541208       0.39800000000000002     
   13332526.881495556        13163684.434201002        4919285724.2386961       0.39800000000000002     
   19215553.677584831        18936692.898068666        5025619122.3931417       0.39800000000000002     
   21841235.387320094        21523635.385180950        5144585485.0669270       0.39800000000000002     
   23816545.761685722        23476368.681169510        5266263231.2974377       0.39800000000000002     
   26220056.349096224        25844949.469165802        5144572938.7700119       0.39800000000000002     
   26516645.499642413        26165820.212256670        5025594588.5608797       0.39800000000000002     
   29601305.576995663        29208734.930739403        5040962416.7758398       0.39800000000000002     
   32390076.485358164        31959866.482339382        5056375524.3942165       0.39800000000000002     
   34901654.038448848        34437376.665970802        5061510960.5029964       0.39800000000000002     
   37141108.644466467        36646272.638462067        5066651421.8181076       0.39800000000000002     
   39247822.659033149        38724363.715272903        4904270737.3124647       0.39800000000000002     
   41509338.272295699        40955124.783873558        4746910878.0908260       0.39800000000000002     
   43821349.989394724        43235265.327098370        4795548518.6062250       0.39800000000000002     
   45833921.459145702        45219864.686494827        4844666225.5908413       0.39800000000000002     
   47543408.519788846        46905348.630811691        4894278116.8295059       0.39800000000000002     
   48955110.689021349        48296960.857334614        4944379410.6652470       0.39800000000000002     
   50139195.976956785        49464016.503867626        4964567050.6189632       0.39800000000000002     
   51194609.481388927        50504078.904005527        4984834107.1079206       0.39800000000000002     
   52199166.361595765        51494073.226590633        4929303459.6248283       0.39800000000000002     
   53283412.797233269        52562642.703111649        4874369174.1079273       0.39800000000000002     
   54326061.710848279        53589817.949843884        4969613414.1532278       0.39800000000000002     
   55069755.877184011        54322048.879867554        5066649773.3310261       0.39800000000000002     
   55547198.622046404        54791554.319951534        5181302329.5729704       0.39800000000000002     
   55792747.841008320        55032293.618052959        5298452888.7861023       0.39800000000000002     
   55874379.613025725        55111371.843821526        5396200253.0129385       0.39800000000000002     
   55863813.917060107        55099503.179058075        5495684060.5126019       0.39800000000000002     
   56098238.381676368        55329815.324842930        5363435887.5918179       0.39800000000000002     
   57302735.667324476        56516909.138751984        5234256958.4070835       0.39800000000000002     
   59349936.927264720        58535071.822038651        5128910003.4110956       0.39800000000000002     
   62023983.469242863        61171385.452144623        5025607673.9181232       0.39800000000000002     
   66109132.653331429        65199012.818236351        5010278434.5575590       0.39800000000000002     
   74038577.268985838        73017778.136343956        4994994258.6805792       0.39800000000000002     
   86522409.593928769        85327286.788395882        5066662961.5517483       0.39800000000000002     
   104063740.87269479        102623248.55021477        5139322054.4990349       0.39800000000000002     
   127614582.32199238        125844603.42529869        4964561392.3926706       0.39800000000000002     
   159229483.52103186        157015399.86640739        4795534449.6721478       0.39800000000000002     
   199579537.34284985        196795281.23301315        4727550675.5165586       0.39800000000000002     
   248608758.01236376        245127332.62675858        4660496143.7132978       0.39800000000000002     
   306932552.67140144        302614693.50576782        4698702030.8613853       0.39800000000000002     
   375486541.43850577        370177628.41888046        4737209657.3672256       0.39800000000000002     
   455999828.18562561        449517533.44371414        4727555301.5668716       0.39800000000000002     
   550679864.47994804        542804868.41366577        4717919907.4615231       0.39800000000000002     
   660934004.48306584        651420937.47010803        4689118726.6130018       0.39800000000000002     
   788350374.32908523        776923568.79747772        4660487018.4568243       0.39800000000000002     
   936988853.51277590        923307618.88822174        4483081668.3553667       0.39800000000000002     
   1114879246.5868316        1098470652.7692413        4312193371.8804712       0.39800000000000002     
   1321956320.9424875        1302333116.7430115        4203223540.5789275       0.39800000000000002     
   1555104772.4008126        1531811195.5467682        4096910024.1204309       0.39800000000000002     
   1808620946.1457050        1781267810.9819183        4139113638.4418893       0.39800000000000002     
   2070362715.7019093        2038737848.5428925        4181736098.3385005       0.39800000000000002     
   2351507172.7828150        2315212419.1183167        4005440706.1317844       0.39800000000000002     
   2673261594.9029202        2631537296.6040955        3836319495.2504101       0.39800000000000002     
   3017616294.9552040        2969971007.3667908        3915985582.0276608       0.39800000000000002     
   3349729059.5271516        3296220844.7384644        3997244956.2326026       0.39800000000000002     
   3672561076.6445551        3613185381.2791748        4071750529.8547029       0.39800000000000002     
   3992794733.3832321        3927436275.5716248        4147593621.5894213       0.39800000000000002     
   4323273827.6733990        4251586382.8031006        4105301278.5982304       0.39800000000000002     
   4678468655.9819107        4599840210.7744751        4063424713.4941416       0.39800000000000002     
   5058364011.4382334        4972157924.9331055        3976794250.3699288       0.39800000000000002     
   5466284757.9042053        5371775093.7479858        3891945214.0226827       0.39800000000000002     
   5902100075.3980808        5798518343.9741821        3769905875.0978827       0.39800000000000002     
   6369050926.6587048        6255535510.2600098        3651559085.4337173       0.39800000000000002     
   6875789498.6192112        6751284658.7537842        3533117067.1037869       0.39800000000000002     
   7456670407.5649624        7319425721.3079224        3418382389.4764981       0.39800000000000002     
   8100988859.0060415        7949397027.1553955        3351983436.7562685       0.39800000000000002     
   8788084962.4825935        8620831359.9856567        3286828543.6693482       0.39800000000000002     
   9453832369.6143036        9270895177.6630249        3331272792.7369971       0.39800000000000002     
   9973453579.2573814        9777270995.6821899        3376296043.2510991       0.39800000000000002     
   10311667428.086067        10105580844.275818        3478869031.0209298       0.39800000000000002     
   10400574178.292362        10189482995.896423        3584442380.6455736       0.39800000000000002     
   10289311309.642038        10077347794.204468        3708338002.6412172       0.39800000000000002     
   10030623786.173134        9821010247.1096802        3836356056.3526516       0.39800000000000002     
   9683205581.3859787        9477967483.7128906        3916004228.8781004       0.39800000000000002     
   9294218640.0022469        9094476305.2208862        3997244956.8105865       0.39800000000000002     
   8883224194.9168625        8689656332.7783813        4030193338.0102549       0.39800000000000002     
   8461560206.2591419        8274661833.5803833        4063403390.9963202       0.39800000000000002     
   8014129118.8667107        7834940151.1647339        4198900501.4383330       0.39800000000000002     
   7530548970.4405422        7360272671.1546631        4338746856.1769209       0.39800000000000002     
   7040726332.1880074        6879782194.6123657        4451105016.3489838       0.39800000000000002     
   6564763219.4805384        6413112516.4687500        4566264653.4821930       0.39800000000000002     
   6106216222.6876020        5963703426.2269287        4650981874.6792536       0.39800000000000002     
   5662139361.0755491        5528699086.1910095        4737212747.9006290       0.39800000000000002     
   5229310673.0695648        5104955812.6788025        4839737453.6422558       0.39800000000000002     
   4806528881.9627190        4691266426.4939880        4944398729.5617065       0.39800000000000002     
   4373215902.3478613        4267724101.7508240        5276989262.6363668       0.39800000000000002     
   3922512574.0708704        3827442563.3706055        5631085220.1954746       0.39800000000000002     
   3497572553.7471585        3412341265.5379944        5875781377.8346024       0.39800000000000002     
   3122903649.2142849        3046383481.0874023        6130706739.7287178       0.39800000000000002     
   2786210604.3246260        2717579712.9043121        6402737373.8452129       0.39800000000000002     
   2479111709.7193713        2417734357.9616547        6686378829.9997768       0.39800000000000002     
   2198166197.5206633        2143470584.8514862        6968123994.7992325       0.39800000000000002     
   1940939174.9909930        1892405670.1085358        7261289208.4347906       0.39800000000000002     
   1706900138.2749488        1664003408.7214432        7513277761.7670565       0.39800000000000002     
   1495082129.1539171        1457319746.2671432        7773680017.4735641       0.39800000000000002     
   1299028082.8218124        1266070148.0824432        8156319244.5945826       0.39800000000000002     
   1116455258.4662416        1087998679.3325272        8557069206.7791519       0.39800000000000002     
   946333781.98572290        922104324.95735931        9120827498.3825779       0.39800000000000002     
   789557964.83086681        769228303.78759003        9720275700.4613838       0.39800000000000002     
   652617940.87259507        635677159.82938004        9984427265.3568687       0.39800000000000002     
   534377772.02038729        520367960.23678207        10255485926.006777       0.39800000000000002     
   429426670.52027935        418025575.55441475        10659385450.949263       0.39800000000000002     
   336171645.05374682        327091982.60424042        11078583277.781532       0.39800000000000002     
   259676201.97654602        252511877.17041588        11111667880.346575       0.39800000000000002     
   202452571.93071842        196724132.98822308        11144847623.229132       0.39800000000000002     
   159019891.77713022        154368666.42564869        11571304566.407925       0.39800000000000002     
   127558776.27831998        123681905.87507439        12013455020.738485       0.39800000000000002     
   104551719.23722577        101244258.40386868        12264472540.259682       0.39800000000000002     
   87340079.570828050        84455890.976175785        12520537165.361095       0.39800000000000002     
   74364080.649389789        71812449.310923100        12471399702.631023       0.39800000000000002     
   64446101.381332591        62150349.615017891        12422447980.161232       0.39800000000000002     
   56059407.317684673        53955559.497472525        12870299416.792210       0.39800000000000002     
   48637278.986573584        46700464.355487823        13333678490.910213       0.39800000000000002     
   42313542.377445213        40525322.558895826        13624744309.677065       0.39800000000000002     
   36954984.654297188        35290822.892042637        13921923572.364895       0.39800000000000002     
   32290453.490524773        30725750.954613686        14351199711.767878       0.39800000000000002     
   28195775.953093223        26715512.776427507        14793206977.011091       0.39800000000000002     
   24580992.414274119        23167414.004706740        15338243103.684309       0.39800000000000002     
   21360269.056694195        20002436.001600862        15902588369.203913       0.39800000000000002     
   18639341.470334534        17356103.861640573        15902313051.022297       0.39800000000000002     
   16392280.400803365        15171823.227074265        15902037737.430473       0.39800000000000002     
   14550774.725861402        13404627.191810369        15503808684.689751       0.39800000000000002     
   13054313.095468622        11973076.722966135        15115190907.254547       0.39800000000000002     
   11661187.207567627        10591457.261905313        15656205088.313972       0.39800000000000002     
   10332375.920308730        9270957.5714471340        16215839642.401299       0.39800000000000002     
   9173531.7338080127        8126377.5257937908        16583369043.935331       0.39800000000000002     
   8202771.9253505692        7164580.7199617028        16958911929.062487       0.39800000000000002     
   7443252.8528257217        6453427.9153899550        16502766671.285875       0.39800000000000002     
   6868726.3958759503        5921967.0873316228        16058446046.031372       0.39800000000000002     
   6315509.7742690342        5336558.6176848412        17008416733.276953       0.39800000000000002     
   5739131.9971610801        4725002.2072238028        18012375850.992504       0.39800000000000002     
   5260950.1907278150        4287691.1285234690        17546115131.007580       0.39800000000000002     
   4904490.3255060334        3968667.5674845874        17091485755.956484       0.39800000000000002     
   4602356.9540608823        3674854.6557342112        17158100923.500542       0.39800000000000002     
   4320231.7640207810        3399985.6814508140        17224966030.277554       0.39800000000000002     
   4040729.4937405819        3086108.0000812113        18082611386.399376       0.39800000000000002     
   3765796.4172801338        2774083.9295921624        18981293228.495594       0.39800000000000002     
   3529540.7524628281        2548119.8101750761        18962764057.026218       0.39800000000000002     
   3335247.4389612027        2363188.0943348706        18944252299.659637       0.39800000000000002     
   3170798.9332064232        2181711.9545819163        19390082216.712101       0.39800000000000002     
   3032959.6618509619        2017370.0443678945        19846004033.464893       0.39800000000000002     
   2920592.9868264566        1853199.3915583789        20213955318.570343       0.39800000000000002     
   2850135.7021777779        1779106.7826338112        20588469339.236008       0.39800000000000002     
   2778342.8793279361        1813437.7300766259        19390163270.218609       0.39800000000000002     
   2742038.7472009510        1839946.5450945199        18259147430.436577       0.39800000000000002     
   2701195.8998673121        1739336.4630079418        19446784032.515697       0.39800000000000002     
   2727357.0410252083        1246203.7479476035        20708608209.761505       0.39800000000000002     
   2636851.7583795474        1645811.7764416635        20253223557.480953       0.39800000000000002     
   2553517.5420775488        1590732.0127200931        19807486992.772778       0.39800000000000002     
   2577060.7311271126        1570571.9054571539        20568730804.670616       0.39800000000000002     
   2634448.0025267834        1597866.3223408610        21358098190.116009       0.39800000000000002     
   2507320.7648694976        1524394.8479461223        20410458117.193878       0.39800000000000002     
   2448396.7657856620        1516010.2690173239        19503361671.238049       0.39800000000000002     
   2417481.1202193680        1326733.3814163506        20077895340.709419       0.39800000000000002     
   2492473.2270666291        1507988.7217319310        20668704224.970165       0.39800000000000002     
   2564488.8804380773       -510113.31906642020        21503019446.692253       0.39800000000000002     
   2646502.1237207348       -182926.24175077677        22369705478.776619       0.39800000000000002     
   2659070.3094491684        1584682.3512359709        22564547907.983711       0.39800000000000002     
   2648664.3675241629        1568029.0568090677        22761023413.341572       0.39800000000000002     
   2615365.7664565658        1071765.4040896893        22848885994.769047       0.39800000000000002     
   2615306.9473155672        1533492.2517509460        22937075008.807835       0.39800000000000002     
   2587868.5308956290        1089645.2718859166        23069856028.794411       0.39800000000000002     
   2653976.1078571645        1564692.0579582155        23203376783.840954       0.39800000000000002     
   2638201.1221033856        1539404.7439251244        23472606442.349224       0.39800000000000002     
   2687678.2437666999        1577386.2549779266        23744841735.144089       0.39800000000000002     
   2593469.3272362459        1504047.0868742913        23427461542.009583       0.39800000000000002     
   2537729.1733872471        1468187.8451914638        23114166792.928303       0.39800000000000002     
   2568058.1103962879        1495711.2787538618        23225879242.533943       0.39800000000000002     
   2558669.9771195976        1484119.7588917017        23338111309.440029       0.39800000000000002     
   2643653.7060735836        1556655.7761420608        23608711034.308582       0.39800000000000002     
   2603609.8957581092        1507312.2388488650        23882329525.761387       0.39800000000000002     
   2511686.1309435349        1448374.6973342746        23292796377.261047       0.39800000000000002     
   2428874.5240815934        1398056.9302158803        22717284104.881882       0.39800000000000002     
   2563203.6467744671       -211246.47276349366        23859501089.299698       0.39800000000000002     
   2712514.2328425488        1568287.1686050743        25056894414.470337       0.39800000000000002     
   2686554.0698315948        1556509.0274646282        24817565221.083572       0.39800000000000002     
   2688475.5306593161        1572228.5753730834        24580437072.128971       0.39800000000000002     
   2711816.7625120911        1587565.5306474715        24793838880.907551       0.39800000000000002     
   2624404.3264715429       -3908514.1561873108        25009023382.857201       0.39800000000000002     
   2582176.4166782014        1473736.0955992192        24627767666.703510       0.39800000000000002     
   2550269.7488306100        1462849.7367342263        24252109522.266533       0.39800000000000002     
   2550214.2592703826       -2744499.9824444801        24651284288.968025       0.39800000000000002     
   2602112.0607569767        1480449.5550141186        25056779161.180630       0.39800000000000002     
   2709504.4159430643        1568858.4947904348        25444029578.096073       0.39800000000000002     
   2697528.9130685283        1540824.9831831157        25837037204.011120       0.39800000000000002     
   2698293.9518672526        1540099.4333862662        25911370997.637459       0.39800000000000002     
   2780584.6882735994        1618773.4849547297        25985910605.840321       0.39800000000000002     
   2807662.8863368994        1648353.1390489936        25961098154.009422       0.39800000000000002     
   2910785.7819670695        1751911.5010649115        25936308506.395069       0.39800000000000002     
   2594528.1315489621        1469971.9295562059        25419656901.503014       0.39800000000000002     
   2562332.8169060801        1464208.8314790726        24912918575.639938       0.39800000000000002     
   2626953.8057808583        1513984.5643629134        25249347234.282421       0.39800000000000002     
   2781594.5065510948        1650451.5055554658        25590146572.724068       0.39800000000000002     
   2715203.1737568341        1608524.9411598295        25128558162.327942       0.39800000000000002     
   2494970.6102983840        1416922.2363436818        24674989105.723606       0.39800000000000002     
   2617664.8168666111        1522007.6856106520        25032640787.172928       0.39800000000000002     
   2798092.4136894913        1682394.3921877891        25395279438.943607       0.39800000000000002     
   2525087.6267140908        1448531.9916889518        24722346993.037483       0.39800000000000002     
   2436039.7582174810        1393358.6211006045        24066595068.321022       0.39800000000000002     
   2498206.5626495052        1442099.3224030882        24368908522.369358       0.39800000000000002     
   2516804.0592186740        1447397.3648577631        24674875523.722450       0.39800000000000002     
   2610298.8606542158        1543822.3147260398        24580388034.989914       0.39800000000000002     
   2574087.5024897773        1514093.0752226263        24486248860.960052       0.39800000000000002     
   2478094.0188130205       -7859748.5869195014        24509714391.117489       0.39800000000000002     
   2512416.4226697702        1454233.4161452204        24533201565.682079       0.39800000000000002     
   2497254.0478281337        1442641.5524466336        24486109808.664410       0.39800000000000002     
   2506983.5795903876        1455177.9460496902        24439105064.592018       0.39800000000000002     
   2508574.1074199835        1461876.2573013008        24345449430.928967       0.39800000000000002     
   2474830.6686156178        1434103.7325330079        24252139307.791916       0.39800000000000002     
   2450496.1565824291        1436867.7588525712        23676638553.897762       0.39800000000000002     
   2459341.9262995189        1471529.5164708644        23114294787.256554       0.39800000000000002     
   2501336.2501875740        1510438.6497618407        23181059308.294788       0.39800000000000002     
   2585053.9131249976        1589406.7853695750        23248009446.164246       0.39800000000000002     
   2713153.9418720291        1736088.3824757785        22761009398.477024       0.39800000000000002     
   2898969.1509920051        1938743.7879094183        22283837099.594383       0.39800000000000002     
   3131940.5558378301        2178407.4818431735        22006438541.488514       0.39800000000000002     
   3405161.1430645958        2456866.3926818222        21732365600.496952       0.39800000000000002     
   3722082.0940761343        2783944.7441183329        21317082172.679611       0.39800000000000002     
   4088734.2460563220        3159050.5048745871        20909443340.722260       0.39800000000000002     
   4505474.9326327592        3582501.3533598781        20509380401.560516       0.39800000000000002     
   4970377.2610138552        4052405.6552509665        20116691393.470451       0.39800000000000002     
   5483408.4982739491        4563693.7697689533        19846089993.671276       0.39800000000000002     
   6044718.2801634911        5121634.6675650179        19578994549.344627       0.39800000000000002     
   6666567.6095198663        5741614.9029825926        19240607949.328117       0.39800000000000002     
   7357000.9769254327        6427968.2359219193        18907855270.945286       0.39800000000000002     
   8131317.5066805352        7200235.6696801782        18472846764.789177       0.39800000000000002     
   9005983.8668855857        8069601.7545862794        18047481739.855343       0.39800000000000002     
   9989930.8107251097        9050480.2826605439        17495074430.757725       0.39800000000000002     
   11090000.591723766        10143476.999955833        16958964713.207905       0.39800000000000002     
   12260788.818208603        11293706.049098372        16696811456.117603       0.39800000000000002     
   13461994.418853648        12473047.459582090        16438562122.173271       0.39800000000000002     
   14710348.447935188        13696122.349924266        16231493980.573175       0.39800000000000002     
   16017962.617325231        14976645.412973046        16026938387.446289       0.39800000000000002     
   17450720.188670501        16388109.530768514        15595055732.771177       0.39800000000000002     
   19052080.567401573        17962921.815519452        15174390115.646711       0.39800000000000002     
   20728526.069496896        19601390.951279163        14982771865.988787       0.39800000000000002     
   22424116.384510867        21258197.728135705        14793484607.421568       0.39800000000000002     
   24133026.977376536        22923282.417031169        14721327536.263929       0.39800000000000002     
   25844390.930460498        24590705.533759832        14649509422.787186       0.39800000000000002     
   27656337.224576801        26361412.607692599        14435944755.454348       0.39800000000000002     
   29629948.592314482        28289093.880892754        14225379642.277315       0.39800000000000002     
   31626539.615835492        30230307.447532415        14239313215.354097       0.39800000000000002     
   33569714.729565933        32119575.552058935        14253259929.642429       0.39800000000000002     
   35811252.160811320        34317190.464010477        13786115906.904428       0.39800000000000002     
   38558611.054252416        37005507.659099340        13333732921.016945       0.39800000000000002     
   41206496.769868679        39573217.283559084        13518296332.206244       0.39800000000000002     
   43423479.340993196        41722230.568359852        13705318545.295155       0.39800000000000002     
   47011170.406914316        45277723.076889038        11836809827.936426       0.39800000000000002     
   53022193.218839273        51173301.449640512        10214887259.886257       0.39800000000000002     
   57547594.120420963        55545144.068307877        11002522175.828419       0.39800000000000002     
   58340946.407263577        56291413.063535213        11848483007.983381       0.39800000000000002     
   58480824.329289377        56431066.699594498        11743755476.398468       0.39800000000000002     
   59224637.023787886        57157289.815462589        11639919712.230764       0.39800000000000002     
   59500003.526243567        57409289.813719511        12144164150.741465       0.39800000000000002     
   58890936.740106359        56800917.615945578        12669411522.073946       0.39800000000000002     
   58426971.152115948        56352099.487282991        12607182466.931036       0.39800000000000002     
   58476310.348998055        56402044.023795366        12545247811.461742       0.39800000000000002     
   58610879.164232977        56531996.109211683        12569973773.755184       0.39800000000000002     
   58636770.178261667        56556455.485262871        12594746663.586618       0.39800000000000002     
   58604727.562126055        56525647.315061331        12582378102.869566       0.39800000000000002     
   58517356.834714904        56441055.644893169        12570021239.669617       0.39800000000000002     
   58697706.613451876        56627814.193020821        12228153714.226652       0.39800000000000002     
   59265350.791555732        57190165.639797211        11895249232.305851       0.39800000000000002     
   59864775.753663070        57779903.644995689        11662972839.268568       0.39800000000000002     
   60340953.237904519        58249704.814519405        11435067673.046856       0.39800000000000002     
   60170090.592672527        58076013.519021511        11674506673.130091       0.39800000000000002     
   59203380.668470025        57129197.884473324        11918770357.601355       0.39800000000000002     
   58363903.992563866        56319864.624391556        11720581866.271940       0.39800000000000002     
   58000633.877413779        55972844.981865168        11525569110.214067       0.39800000000000002     
   57609896.824995995        55592789.664032936        11525563652.505386       0.39800000000000002     
   56988152.780598879        54988524.103114128        11525558194.799286       0.39800000000000002     
   56510057.317579076        54531542.213785172        11288972106.095171       0.39800000000000002     
   56324568.737219281        54358370.676157475        11057066699.893204       0.39800000000000002     
   56305331.532898724        54348191.123108149        10776276936.128313       0.39800000000000002     
   56387318.475111514        54435940.437732458        10502361149.245312       0.39800000000000002     
   56415166.062281281        54468856.602531433        10296230186.435087       0.39800000000000002     
   56326918.871033110        54388860.654126167        10093998698.686962       0.39800000000000002     
   56137427.840467975        54209756.475501060        9915278972.1409073       0.39800000000000002     
   55856975.759786353        53942197.753810406        9739609028.8944378       0.39800000000000002     
   55532233.046402007        53632042.973619699        9547940307.6961346       0.39800000000000002     
   55172523.169050887        53287746.436350346        9359907315.0520267       0.39800000000000002     
   54626639.641674198        52759003.141721010        9294946687.7726460       0.39800000000000002     
   53846880.911098957        52003349.801339388        9230420434.1111679       0.39800000000000002     
   53358333.046995588        51536748.990216017        8949768134.7319183       0.39800000000000002     
   53475993.001093179        51658117.132477999        8677344661.3672562       0.39800000000000002     
