 HOM19_O13                Loss by CS     Actual loss   Csat   molar mass
   0.0000000000000000        0.0000000000000000        1998.4066253203312       0.46400000000000002     
   1.9249698665270401E-010   0.0000000000000000        1998.3961520620878       0.46400000000000002     
   381809389.06481081        376792979.30410385        1998.3856786828314       0.46400000000000002     
   870222516.93816686        858784235.90358734        1984.7917337388865       0.46400000000000002     
   1056154485.0633137        1043564179.2641602        1971.2877763084828       0.46400000000000002     
   1207574855.7294724        1193158838.6493530        2028.6576000872337       0.46400000000000002     
   1442470577.0500512        1422743836.8545227        2087.6505902444533       0.46400000000000002     
   1356588475.4960618        1338002971.1849213        2154.1575640804872       0.46400000000000002     
   1229505094.1214657        1212953940.6392822        2222.7241246681747       0.46400000000000002     
   1132606054.7854607        1117337952.2361908        2154.1505223348822       0.46400000000000002     
   954871864.79081225        942958572.53941345        2087.6369296277649       0.46400000000000002     
   896567770.11092091        885357591.96704102        2096.1982930190438       0.46400000000000002     
   843397522.79680276        832838172.91838837        2104.7938121924753       0.46400000000000002     
   797054721.81704414        787062194.93466187        2107.6597046542583       0.46400000000000002     
   754981069.43167734        745502977.27828979        2110.5293931820001       0.46400000000000002     
   714810046.40919220        705827900.97014618        2020.3621100211137       0.46400000000000002     
   676049765.53628504        667546493.04433441        1933.9471337012144       0.46400000000000002     
   644190584.70681906        636075378.70887756        1960.5541519679650       0.46400000000000002     
   621130307.74394119        613293355.99973297        1987.5171955144392       0.46400000000000002     
   603669470.92102695        596040897.98461914        2014.8461693121287       0.46400000000000002     
   589929824.09829414        582463151.54486847        2042.5406219564959       0.46400000000000002     
   578688858.10059381        571353564.96414948        2053.7268177460996       0.46400000000000002     
   569499167.62564993        562269598.33128357        2064.9726092083097       0.46400000000000002     
   561535838.57358956        554397979.65131378        2034.1970035683264       0.46400000000000002     
   554316885.25531483        547261475.25632477        2003.8678362537571       0.46400000000000002     
   550418894.40562367        543401357.51070404        2056.5254868555689       0.46400000000000002     
   550666608.01687634        543634324.56771088        2110.5284727467765       0.46400000000000002     
   553459165.19827437        546379221.71128082        2174.7903011916460       0.46400000000000002     
   558043482.59410310        550892855.01525879        2240.9542294660819       0.46400000000000002     
   563471992.18680286        556239955.60092926        2296.5426472819245       0.46400000000000002     
   569284542.76039267        561965954.93938446        2353.4717007168342       0.46400000000000002     
   573061630.60999346        565686329.82666779        2277.8711977608250       0.46400000000000002     
   577482902.35663939        570042117.44044495        2204.6354555432081       0.46400000000000002     
   585455135.44074869        577902352.57787323        2145.3640928046138       0.46400000000000002     
   596634619.58206820        588927774.93899536        2087.6442156472813       0.46400000000000002     
   614668655.69133472        606716255.36679840        2079.1132182335768       0.46400000000000002     
   657377106.86610532        648857386.87969971        2070.6161428590344       0.46400000000000002     
   730136393.37560034        720653392.87049103        2110.5358364123449       0.46400000000000002     
   832447745.08258891        821609160.43813324        2151.2039198712987       0.46400000000000002     
   951510142.42820430        939091190.39712524        2053.7236802866773       0.46400000000000002     
   1077053811.9410272        1062954825.0239258        1960.5464422784676       0.46400000000000002     
   1212561924.1534061        1196632331.7760773        1923.3819636751448       0.46400000000000002     
   1358937728.4923716        1341013221.8328400        1886.9032862013153       0.46400000000000002     
   1518941368.6801600        1498811807.2665558        1907.6661237768765       0.46400000000000002     
   1699186270.7878354        1676552020.3594208        1928.6511858087244       0.46400000000000002     
   1893387164.5573685        1868026522.2558594        1923.3844864274849       0.46400000000000002     
   2096546128.4652483        2068294223.7391663        1918.1317811126512       0.46400000000000002     
   2306240320.1015911        2274958588.5410156        1902.4526946061924       0.46400000000000002     
   2519706069.8515539        2485286435.5763550        1886.8983340174793       0.46400000000000002     
   2722084975.4103575        2684623457.8348389        1791.2514942520363       0.46400000000000002     
   2901884875.3563018        2861626384.8376465        1700.3285237857576       0.46400000000000002     
   3068927624.4633951        3025983334.8104858        1642.9843099948907       0.46400000000000002     
   3226667712.7501245        3181103278.2288513        1587.5235919025938       0.46400000000000002     
   3390097807.8666348        3341761159.0703125        1609.4820764205228       0.46400000000000002     
   3568509523.7190599        3517119405.3154602        1631.7359873888538       0.46400000000000002     
   3719464450.7480650        3665336856.8519897        1540.1968105176063       0.46400000000000002     
   3824295690.5667114        3768013176.7076416        1453.6620918091060       0.46400000000000002     
   3943075070.2994685        3884370551.7898254        1494.2666896188409       0.46400000000000002     
   4108466363.6062832        4046583107.0553894        1535.9740915195127       0.46400000000000002     
   4303003682.3053932        4237405033.0672607        1574.4696841403936       0.46400000000000002     
   4520012845.5931740        4450246021.3196411        1613.9034301762606       0.46400000000000002     
   4733795852.2935514        4659777100.0278320        1591.8834437209559       0.46400000000000002     
   4925082773.4011660        4847025637.1962280        1570.1559018220535       0.46400000000000002     
   5093298430.0975857        5011436859.0647583        1525.4500764577676       0.46400000000000002     
   5237113445.7469482        5151712622.9165649        1481.9837711661696       0.46400000000000002     
   5355126397.5624275        5266477688.3053589        1420.0305644189211       0.46400000000000002     
   5445673992.8837595        5354115125.1544189        1360.6003780196879       0.46400000000000002     
   5519932655.7059402        5425632656.9933472        1301.7754105733934       0.46400000000000002     
   5596613531.6601372        5499419638.8952637        1245.4282071145399       0.46400000000000002     
   5685655279.0524216        5585256910.8710327        1213.1106840619186       0.46400000000000002     
   5788412925.5407724        5684445962.2819214        1181.6098045080628       0.46400000000000002     
   5918077800.5966320        5809994085.0941772        1203.0747644035155       0.46400000000000002     
   6058208475.9322796        5945729568.8156128        1224.9189940056915       0.46400000000000002     
   6198775487.2901287        6081837698.0910034        1275.0548171089054       0.46400000000000002     
   6314354138.2901039        6193383570.7297974        1327.1853343776345       0.46400000000000002     
   6405019910.8953323        6280472350.3088379        1389.0324916702680       0.46400000000000002     
   6479185434.5154581        6351380286.3522339        1453.6806611330010       0.46400000000000002     
   6521220736.1012449        6390752320.0753784        1494.2762268214606       0.46400000000000002     
   6527097133.4544220        6394689117.5916138        1535.9740918171858       0.46400000000000002     
   6493276490.2423286        6359719056.3189087        1552.9680266260598       0.46400000000000002     
   6417417289.1433439        6283615869.1241455        1570.1448580432111       0.46400000000000002     
   6348998510.5775547        6215003967.7525635        1640.7196933917337       0.46400000000000002     
   6307691925.2218924        6173076047.4943237        1714.3774167491019       0.46400000000000002     
   6267219743.4960880        6132012230.2302246        1774.1467196367382       0.46400000000000002     
   6218630802.2229500        6083064357.4138794        1835.9416124979966       0.46400000000000002     
   6157652029.5545616        6022041755.9410400        1881.7417827504673       0.46400000000000002     
   6062374342.9459667        5927570977.4281921        1928.6528723597658       0.46400000000000002     
   5934384036.4664021        5801250783.3666382        1984.8073393738093       0.46400000000000002     
   5779950141.4628582        5649212676.0357666        2042.5513193498984       0.46400000000000002     
   5661350897.1414089        5532586594.3955078        2228.7944402644262       0.46400000000000002     
   5587948617.5923042        5460312978.6037292        2431.5190217498102       0.46400000000000002     
   5473424409.4295683        5347789466.1620178        2574.1865364979403       0.46400000000000002     
   5322429129.2475996        5199659331.5693359        2724.9848307404800       0.46400000000000002     
   5175163373.5365753        5055243330.3921509        2888.2723348617342       0.46400000000000002     
   5026080711.6981268        4909119234.2117920        3061.0629673348608       0.46400000000000002     
   4864162585.8488770        4750511029.7816162        3235.1881449031307       0.46400000000000002     
   4690812348.7184601        4580800592.5831299        3418.9336768245594       0.46400000000000002     
   4506625965.8455973        4400543634.2637634        3578.9069644250230       0.46400000000000002     
   4301522738.0797091        4199924590.3835449        3746.1521015757476       0.46400000000000002     
   4099766016.6807003        4002717279.8302612        3995.3747238593928       0.46400000000000002     
   3893593919.3617344        3801268634.3567200        4260.6956191673926       0.46400000000000002     
   3685787591.8694639        3598363564.3156128        4641.1316507163174       0.46400000000000002     
   3470572562.1452546        3388257947.3245544        5054.5270720189264       0.46400000000000002     
   3208679027.9764338        3132420736.3778381        5239.5004954694277       0.46400000000000002     
   2915718400.5581169        2846277730.3135071        5431.0509757009531       0.46400000000000002     
   2619429538.4344063        2556966643.0925140        5719.6814248154906       0.46400000000000002     
   2320505621.1323051        2265116531.9887390        6023.2083324387713       0.46400000000000002     
   2028785835.5557866        1980232325.9904022        6047.3327037238978       0.46400000000000002     
   1794740136.6085415        1751668564.7468719        6071.5510305790913       0.46400000000000002     
   1619371168.7224326        1580479676.5412369        6384.9980765968858       0.46400000000000002     
   1465028444.9341240        1429825425.7665558        6714.1599447555491       0.46400000000000002     
   1345250908.1803246        1312875720.7270432        6902.8861185470960       0.46400000000000002     
   1267660246.6918371        1237101595.9487915        7096.7671683730214       0.46400000000000002     
   1208092760.5048850        1178883923.3072052        7059.4567597868763       0.46400000000000002     
   1156885283.6568003        1128821452.7629013        7022.3371367849086       0.46400000000000002     
   1121909963.3875299        1094661355.0815125        7363.7783871636275       0.46400000000000002     
   1098363570.5777512        1071665002.6812286        7721.3424580667524       0.46400000000000002     
   1071486294.1853439        1045398480.6805267        7948.1254866405843       0.46400000000000002     
   1042683378.5812631        1017255352.1897354        8181.3804479509554       0.46400000000000002     
   1015909020.9044628        991106798.00536346        8521.3169247446658       0.46400000000000002     
   990421397.85716474        966216487.35165405        8874.9722411563380       0.46400000000000002     
   965013466.54352009        941414131.16715240        9316.0360657946730       0.46400000000000002     
   940172214.30252779        917166007.01071167        9778.3847785685975       0.46400000000000002     
   911354060.65558934        888997486.71815491        9778.1578380176270       0.46400000000000002     
   879637066.83151579        858001250.92522430        9777.9309025880375       0.46400000000000002     
   847472163.30807436        826547858.55446625        9451.0875067533998       0.46400000000000002     
   813292019.26808345        793129830.32393265        9134.8772490942847       0.46400000000000002     
   787349775.92166603        767814171.26648712        9575.8319527917247       0.46400000000000002     
   773888519.56936848        754684837.21221924        10037.456285378736       0.46400000000000002     
   760226437.72611904        741350138.95425797        10343.597073788767       0.46400000000000002     
   743179887.76300526        724716482.67761993        10658.809050129003       0.46400000000000002     
   720097933.63705337        702155903.89962769        10276.257964510591       0.46400000000000002     
   691980604.11421645        674681951.23797989        9907.0702315604231       0.46400000000000002     
   669395745.17618763        652683691.19372940        10700.539720954039       0.46400000000000002     
   653500448.27495253        637217813.66670990        11555.663710257733       0.46400000000000002     
   631252652.22552586        615487047.88816452        11156.448971731288       0.46400000000000002     
   603538687.21193767        588421774.25344086        10770.656720015939       0.46400000000000002     
   578906648.38047171        564385163.95355988        10826.969287651345       0.46400000000000002     
   557933432.17501652        543923092.06751251        10883.568080985455       0.46400000000000002     
   547381457.64713931        533656073.92141342        11616.107645599575       0.46400000000000002     
   595582025.62106276        580674413.41048050        12396.496640693596       0.46400000000000002     
   636327943.89862037        620386440.69413757        12380.276942596000       0.46400000000000002     
   617349759.75067723        601865965.11162567        12364.077878430993       0.46400000000000002     
   601216812.40491700        586136458.45685577        12755.700405315587       0.46400000000000002     
   584664194.91339600        570000846.08119202        13159.372393473759       0.46400000000000002     
   577952400.54142118        563456488.42758179        13487.470479858672       0.46400000000000002     
   549068170.15978885        535295445.01655579        13823.516163959206       0.46400000000000002     
   489922116.11381865        477592393.48762894        12755.771885128343       0.46400000000000002     
   426932534.40983498        416142449.81334305        11768.385543528701       0.46400000000000002     
   392562830.99300510        382655388.62643051        12805.729699268484       0.46400000000000002     
   388612935.82595003        378829914.81868935        13931.758655821744       0.46400000000000002     
   407302441.56631243        397033106.59881401        13522.606489973838       0.46400000000000002     
   379511715.15313101        369923229.34466362        13125.146178705418       0.46400000000000002     
   360300791.55237204        351202668.35200119        13805.752713749378       0.46400000000000002     
   381146485.31679934        371532308.39215279        14520.622305440118       0.46400000000000002     
   378632526.75545430        369058159.74817657        13663.527405338560       0.46400000000000002     
   344016524.23972160        335288755.73807335        12855.698981815825       0.46400000000000002     
   325560867.88594669        317298320.46432877        13365.908190247912       0.46400000000000002     
   320968745.82565391        312826641.93313789        13895.782249092588       0.46400000000000002     
   324398820.25382626        316179375.40694809        14652.857151970098       0.46400000000000002     
   357644695.42554009        348594106.02555275        15449.971718230829       0.46400000000000002     
   389326862.69124758        379471384.17876244        15630.641536755322       0.46400000000000002     
   384327688.04198647        374593855.99607658        15813.364594048080       0.46400000000000002     
   380323483.66054386        370684539.60134888        15895.251482234689       0.46400000000000002     
   368360802.07012379        359018399.25781250        15977.550542318138       0.46400000000000002     
   362003739.00203967        352816583.27427292        16101.666786916552       0.46400000000000002     
   356343304.27089584        347294379.05640984        16226.720133514622       0.46400000000000002     
   355056677.52768755        346037300.39948463        16479.621507840959       0.46400000000000002     
   357248031.83405018        348170492.20430183        16736.353002471147       0.46400000000000002     
   356347571.85516948        347282115.39080811        16437.145263852930       0.46400000000000002     
   345622753.94669980        336817839.82208633        16143.140258495017       0.46400000000000002     
   341022613.10409486        332328312.29180145        16247.819754891585       0.46400000000000002     
   339751862.07357192        331085538.68597031        16353.159019301054       0.46400000000000002     
   339932760.60899919        331259920.74212456        16607.848877926954       0.46400000000000002     
   340919492.77820218        332220079.06513786        16866.393180566978       0.46400000000000002     
   341206804.99162865        332487602.16225624        16310.606311469101       0.46400000000000002     
   340391608.89381146        331677535.65154076        15772.640178726751       0.46400000000000002     
   341196869.88362324        332474964.18738365        16844.783642710921       0.46400000000000002     
   346664386.69874644        337821616.31707191        17987.641865408234       0.46400000000000002     
   355604914.85355979        346528865.62953186        17757.693490475311       0.46400000000000002     
   354191480.98733032        345143570.28236580        17530.603728006092       0.46400000000000002     
   354019743.91798198        344973880.09966469        17734.938148775513       0.46400000000000002     
   355189967.97541952        346113674.55967140        17941.587087218006       0.46400000000000002     
   356250316.51022971        347138665.12196732        17575.871299791783       0.46400000000000002     
   356834089.20675331        347697214.71923447        17217.406416937047       0.46400000000000002     
   358401918.96918750        349225779.53632355        17598.373918225796       0.46400000000000002     
   361807560.38741559        352548174.43148994        17987.530948867865       0.46400000000000002     
   366460046.55271178        357085482.05340004        18361.187416601224       0.46400000000000002     
   371552041.98932713        362051508.74866486        18742.384952213997       0.46400000000000002     
   375555547.09045416        365951736.39712906        18814.708312063685       0.46400000000000002     
   378534388.84778947        368853106.68649101        18887.302933087627       0.46400000000000002     
   381070525.46304560        371321625.87759399        18863.130033420213       0.46400000000000002     
   383275164.61036116        373466969.02588081        18838.987208978713       0.46400000000000002     
   384416597.29020303        374570097.89749718        18337.612827471592       0.46400000000000002     
   383821741.42439598        373979173.73601913        17849.219226620688       0.46400000000000002     
   383703020.71906000        373864009.65750122        18173.095124931682       0.46400000000000002     
   385397538.48210847        375519849.00680923        18502.680956096527       0.46400000000000002     
   387340328.99770194        377405873.53117943        18056.642682819373       0.46400000000000002     
   388825256.93167543        378842976.50410271        17621.064018939938       0.46400000000000002     
   391553192.00239468        381503633.64163780        17964.304684291292       0.46400000000000002     
   395989836.01068586        385833062.37196732        18314.041310709847       0.46400000000000002     
   399659984.65145826        389399590.65928268        17666.416925880050       0.46400000000000002     
   401564497.76176333        391241576.98832321        17041.077372133324       0.46400000000000002     
   404137235.26932210        393749592.67668724        17328.658507585133       0.46400000000000002     
   408340355.49021947        397851938.19117355        17620.955281254104       0.46400000000000002     
   412887334.22013044        402281440.18713570        17530.556843661008       0.46400000000000002     
   417643911.30066061        406914595.06472015        17440.609298863779       0.46400000000000002     
   422960938.92759573        412095992.30025101        17463.019001631663       0.46400000000000002     
   428962681.34152758        417945368.73487473        17485.456695428969       0.46400000000000002     
   435412029.04463917        424230043.78786469        17440.476524999336       0.46400000000000002     
   442086823.98423982        430734693.70967674        17395.608845113689       0.46400000000000002     
   448572176.68763250        437053715.64726257        17306.298904266696       0.46400000000000002     
   454480328.98136967        442810683.57437515        17217.434764691450       0.46400000000000002     
   460344795.17500186        448516287.70650101        16671.939368487027       0.46400000000000002     
   466009445.55384743        454024339.11931610        16143.260096393029       0.46400000000000002     
   475029842.44801462        462814521.18108749        16205.800847149556       0.46400000000000002     
   494697226.35437244        481982318.16844177        16268.577121551463       0.46400000000000002     
   523612874.17638242        510148494.63048553        15813.351540936566       0.46400000000000002     
   563231736.70008171        548738086.27334213        15370.519061141900       0.46400000000000002     
   609711532.20665705        594015342.83138275        15114.560144528759       0.46400000000000002     
   659338182.04523969        642358983.98080826        14862.746932469752       0.46400000000000002     
   708962794.24620020        690694989.39740372        14483.252204065100       0.46400000000000002     
   756521407.37677312        737015424.11722565        14113.184482080927       0.46400000000000002     
   800259577.68490207        779612945.61622238        13752.376041898930       0.46400000000000002     
   837898633.91692388        816267089.29884720        13400.541868807568       0.46400000000000002     
   870697018.18957210        848208918.34271240        13159.448802977184       0.46400000000000002     
   899129058.05851364        875898241.04853439        12922.574970054715       0.46400000000000002     
   922237572.08456874        898395907.77338409        12624.054864695712       0.46400000000000002     
   939371832.55193901        915072755.52143860        12332.243692553060       0.46400000000000002     
   950672758.39618874        926060474.59377289        11953.391865849459       0.46400000000000002     
   956667073.70098186        931877194.23851776        11585.865439048832       0.46400000000000002     
   956203692.38346505        931394572.93907166        11112.965006049068       0.46400000000000002     
   946912610.15827274        922310415.90061188        10658.853523087071       0.46400000000000002     
   930610890.23244917        906411677.73353577        10438.561286633378       0.46400000000000002     
   912312335.65128434        888574330.21589279        10222.698466035672       0.46400000000000002     
   894784173.79828691        871490906.35987091        10050.448112674554       0.46400000000000002     
   880877059.24207914        857935187.37536240        9881.0211631765469       0.46400000000000002     
   870066789.77130985        847379106.40482330        9525.7280832365195       0.46400000000000002     
   862206899.67636335        839692578.98592377        9182.8695540171702       0.46400000000000002     
   859940703.91852510        837466683.12774277        9027.7581045386796       0.46400000000000002     
   863296762.84421217        840720206.87810135        8875.1955210316028       0.46400000000000002     
   871275459.25875950        848483507.66966248        8817.2124083680810       0.46400000000000002     
   883833227.88717532        860706419.81290817        8759.5977147482536       0.46400000000000002     
   899867890.63371658        876304502.85174179        8588.8387460918639       0.46400000000000002     
   919637510.57745838        895534516.50339127        8421.3183987544580       0.46400000000000002     
   945901330.27009487        921103641.24782562        8432.3776614767376       0.46400000000000002     
   979138182.45965254        953467242.51321411        8443.4510464123960       0.46400000000000002     
   1013745943.6964636        987124655.48188782        8074.5728369152012       0.46400000000000002     
   1047908576.4625945        1020331795.5581589        7721.3847108134341       0.46400000000000002     
   1089926758.3674750        1061245492.9021378        7864.9935378761675       0.46400000000000002     
   1141044495.6548519        1111039343.7733383        8011.1983550717941       0.46400000000000002     
   1170486324.6284776        1139505277.1812210        6582.1514289569159       0.46400000000000002     
   1166127635.3406668        1134973426.7582626        5402.2498672396487       0.46400000000000002     
   1180089079.8397591        1148632735.9346008        5967.8397742035495       0.46400000000000002     
   1227947575.1334112        1195396453.4331055        6590.8543191952313       0.46400000000000002     
   1265632022.5669422        1232062909.4981384        6512.8798191560945       0.46400000000000002     
   1285201743.5023501        1251081945.4135818        6435.8027387089996       0.46400000000000002     
   1308637364.9248223        1273976587.0326233        6812.2670509803038       0.46400000000000002     
   1339591046.3213177        1304201217.9849625        7210.1125996838709       0.46400000000000002     
   1359383769.4573088        1323453285.8291931        7162.6790398301100       0.46400000000000002     
   1367390855.3336015        1331223188.5071487        7115.5489965605011       0.46400000000000002     
   1373895399.5520995        1337542884.6726608        7134.3550824331196       0.46400000000000002     
   1380083549.1769094        1343560868.7534866        7153.2095002193892       0.46400000000000002     
   1385132345.1686656        1348458400.0695419        7143.7943223883140       0.46400000000000002     
   1388556050.5887744        1351774281.4083405        7134.3911962102584       0.46400000000000002     
   1385960890.4671030        1349187843.2257690        6875.4978899016678       0.46400000000000002     
   1377171703.8321810        1340558100.4907227        6625.7499521251830       0.46400000000000002     
   1367333971.2873111        1330920443.1842575        6452.8948833172235       0.46400000000000002     
   1357605610.2863214        1321395073.9898376        6284.4284924364811       0.46400000000000002     
   1354249290.2364919        1318151806.9816589        6461.4506670173650       0.46400000000000002     
   1359084546.6004179        1322899038.5594254        6643.3184300080575       0.46400000000000002     
   1356989080.8252227        1320823306.8777924        6495.6578958452892       0.46400000000000002     
   1347510309.2901549        1311547527.9722977        6351.1911132278838       0.46400000000000002     
   1339971830.8465433        1304187858.6591492        6351.1870816938845       0.46400000000000002     
   1335713785.2903769        1300031350.9783173        6351.1830501622344       0.46400000000000002     
   1328305887.1623821        1292776763.3730469        6177.0338947581040       0.46400000000000002     
   1317734952.0001130        1282431763.8880539        6007.5322008281655       0.46400000000000002     
   1305676899.4619412        1270632499.6407089        5803.9169318165905       0.46400000000000002     
   1292107195.8216629        1257360664.7824860        5607.0196682580208       0.46400000000000002     
   1278616542.0521433        1244176284.7327957        5459.9944363098148       0.46400000000000002     
   1265484010.9311235        1231343963.0902023        5316.7214011742326       0.46400000000000002     
   1252126701.1998131        1218298112.3406296        5190.9160925843289       0.46400000000000002     
   1238391709.5881276        1204887535.1717300        5068.0078987054276       0.46400000000000002     
   1223582838.6855025        1190429174.1265869        4934.7650607517644       0.46400000000000002     
   1207385604.6503189        1174620767.6881104        4804.9318113294667       0.46400000000000002     
   1192823891.1615446        1160424849.0804367        4760.2828750371991       0.46400000000000002     
   1180851997.5538132        1148757023.8529739        4716.0375744833054       0.46400000000000002     
   1167135632.2090428        1135354662.4523926        4524.8261720328073       0.46400000000000002     
   1154662048.4764524        1123148519.3733978        4341.1637191223417       0.46400000000000002     
