 INAHPCO2H                Loss by CS     Actual loss   Csat   molar mass
   0.0000000000000000        0.0000000000000000        66979900674.389679       0.21112690000000001     
   2.4602007439740939E-036   0.0000000000000000        66979578747.151009       0.21112690000000001     
   4.5721960144868887E-017   4.4814632613794750E-017   66979256816.053291       0.21112690000000001     
   4.2700191082121997E-016   4.1851570380810171E-016   66561287434.145546       0.21112690000000001     
   1.8463199694140531E-015   1.8130148943748575E-015   66145849788.232315       0.21112690000000001     
   6.1414913941503219E-015   6.0303728701599097E-015   67909175175.242455       0.21112690000000001     
   1.8147594405168040E-014   1.7772988495511405E-014   69718084027.409653       0.21112690000000001     
   3.4915079932636769E-014   3.4191745295287965E-014   71752324003.676331       0.21112690000000001     
   5.9235607830194576E-014   5.8031345176921771E-014   73844115993.266647       0.21112690000000001     
   9.1264645219393802E-014   8.9402805492630328E-014   71752108897.172028       0.21112690000000001     
   1.2229683622506207E-013   1.1998757697538121E-013   69717665645.475784       0.21112690000000001     
   1.6966671753903058E-013   1.6644901635540422E-013   69979828965.046677       0.21112690000000001     
   2.2507333898800243E-013   2.2079208637046458E-013   70242948889.648849       0.21112690000000001     
   2.9523031341202865E-013   2.8959984928155791E-013   70330657730.726166       0.21112690000000001     
   3.8057525873937185E-013   3.7329953179663468E-013   70418472839.664490       0.21112690000000001     
   4.7667920048901519E-013   4.6755122041666358E-013   67654462501.886772       0.21112690000000001     
   5.7831687379775913E-013   5.6722472592563851E-013   64995862811.031769       0.21112690000000001     
   6.8364273757328351E-013   6.7049678167867825E-013   65815470767.738930       0.21112690000000001     
   7.9307476994386679E-013   7.7778504932096432E-013   66645105450.802666       0.21112690000000001     
   9.1232046583425151E-013   8.9468708746743585E-013   67485047787.472061       0.21112690000000001     
   1.0443607521145378E-012   1.0241250068218263E-012   68335259784.531685       0.21112690000000001     
   1.1848355261518093E-012   1.1618246003451918E-012   68678401216.948006       0.21112690000000001     
   1.3303923725998293E-012   1.3044939600700605E-012   69023214589.352646       0.21112690000000001     
   1.4779262447949900E-012   1.4490993607189723E-012   68079214219.163391       0.21112690000000001     
   1.6240151669851056E-012   1.5922756490313114E-012   67147748456.852249       0.21112690000000001     
   1.7589583874394374E-012   1.7244789218779115E-012   68764227344.154816       0.21112690000000001     
   1.8818926415865142E-012   1.8448887030925422E-012   70418444675.088120       0.21112690000000001     
   1.9996134845553648E-012   1.9601648501916042E-012   72382349453.025711       0.21112690000000001     
   2.1153307897480892E-012   2.0734590000715242E-012   74399363543.649368       0.21112690000000001     
   2.2304215890242715E-012   2.1861274575297151E-012   76090162535.732452       0.21112690000000001     
   2.3449875497923622E-012   2.2982644833060841E-012   77818225298.216156       0.21112690000000001     
   2.5030318810049410E-012   2.4531014168847618E-012   75522627045.862595       0.21112690000000001     
   2.7280793338003542E-012   2.6736225986011014E-012   73292802891.922714       0.21112690000000001     
   3.0043382335352772E-012   2.9443293165158046E-012   71483661470.207230       0.21112690000000001     
   3.3289594848902340E-012   3.2624292848436991E-012   69717888793.476913       0.21112690000000001     
   3.8622543103977783E-012   3.7850342633137516E-012   69456566716.007782       0.21112690000000001     
   4.7699624002686594E-012   4.6746311428875793E-012   69196195344.062027       0.21112690000000001     
   6.0869706488918214E-012   5.9652869949836211E-012   70418669997.294846       0.21112690000000001     
   7.8909106517579094E-012   7.7330434807595571E-012   71662092949.341766       0.21112690000000001     
   1.0275721128091673E-011   1.0070078875892042E-011   68678304995.778404       0.21112690000000001     
   1.3321224813409158E-011   1.3054275595229128E-011   65815233411.078392       0.21112690000000001     
   1.7188416287131375E-011   1.6843080590286099E-011   64670152456.686188       0.21112690000000001     
   2.2081477918208458E-011   2.1636386214028030E-011   63544416345.310196       0.21112690000000001     
   2.8107189694041201E-011   2.7538158408087564E-011   64185378897.036812       0.21112690000000001     
   3.5487035823700107E-011   3.4765059493186224E-011   64832614167.075241       0.21112690000000001     
   4.4462649035015950E-011   4.3553275726842084E-011   64670230247.513428       0.21112690000000001     
   5.5195948799599581E-011   5.4060394736296805E-011   64508241068.819817       0.21112690000000001     
   6.7880404833025978E-011   6.6474916486280766E-011   64024491516.791649       0.21112690000000001     
   8.2672412598515250E-011   8.0948668099382851E-011   63544263398.597740       0.21112690000000001     
   9.7151483181751283E-011   9.5111073283663536E-011   60583914364.427040       0.21112690000000001     
   1.0964337122527766E-010   1.0732191718592853E-010   57757599909.367882       0.21112690000000001     
   1.2100073410858544E-010   1.1841611679457150E-010   55968656746.706848       0.21112690000000001     
   1.3178558507129428E-010   1.2894431680641528E-010   54233541194.419540       0.21112690000000001     
   1.4264291551692907E-010   1.3953623482146836E-010   54921114589.263512       0.21112690000000001     
   1.5424283618319069E-010   1.5084843966735162E-010   55617145398.634407       0.21112690000000001     
   1.7156297039357212E-010   1.6774938577266364E-010   52748926221.658455       0.21112690000000001     
   1.9661545073258420E-010   1.9219855482914553E-010   50024492133.537460       0.21112690000000001     
   2.2807485700745520E-010   2.2289251292729133E-010   51304502993.750618       0.21112690000000001     
   2.6699025568397665E-010   2.6085384623968695E-010   52616279655.037315       0.21112690000000001     
   3.1485695123582867E-010   3.0753457322374408E-010   53824418485.124077       0.21112690000000001     
   3.7289638715481144E-010   3.6411824276943688E-010   55059463503.608788       0.21112690000000001     
   4.3204834446908756E-010   4.2174840417005365E-010   54370121131.105408       0.21112690000000001     
   4.8454702686484036E-010   4.7283968801095391E-010   53689158445.875923       0.21112690000000001     
   5.3278641846224431E-010   5.1973333033603837E-010   52285561225.180580       0.21112690000000001     
   5.7768924410612748E-010   5.6333041678448319E-010   50917606686.714226       0.21112690000000001     
   6.1995555185994355E-010   6.0431444191782516E-010   48962055326.398529       0.21112690000000001     
   6.5939738848352262E-010   6.4250249965689187E-010   47079485431.890434       0.21112690000000001     
   6.8894997174063705E-010   6.7101482554437752E-010   45209359605.961823       0.21112690000000001     
   7.0853652914573642E-010   6.8978598016510839E-010   43411424935.951706       0.21112690000000001     
   7.2484274910482669E-010   7.0533710019360521E-010   42377204088.653633       0.21112690000000001     
   7.4204949642775826E-010   7.2173757469054024E-010   41366916674.551041       0.21112690000000001     
   7.5978225212864532E-010   7.3863041223612762E-010   42055573676.579498       0.21112690000000001     
   7.7923222942148613E-010   7.5717470621581483E-010   42755353680.398666       0.21112690000000001     
   7.8650044339420166E-010   7.6387015901221241E-010   44357577016.012115       0.21112690000000001     
   7.7867940273797120E-010   7.5591324199831459E-010   46018017311.604332       0.21112690000000001     
   7.6462950274988452E-010   7.4192384577165521E-010   47980962258.550705       0.21112690000000001     
   7.4885338017488420E-010   7.2627956178725917E-010   50025078180.620766       0.21112690000000001     
   7.3244666820251724E-010   7.1003880711850479E-010   51304803300.778320       0.21112690000000001     
   7.1444230540739896E-010   6.9226570771379422E-010   52616279664.389481       0.21112690000000001     
   7.1144062493885767E-010   6.8904273272092490E-010   53149920152.492271       0.21112690000000001     
   7.2421056822581606E-010   7.0109725927014317E-010   53688812125.112381       0.21112690000000001     
   7.4497159640699600E-010   7.2089748841106633E-010   55897903308.839165       0.21112690000000001     
   7.7529968177842945E-010   7.4995924925004614E-010   58195108284.852859       0.21112690000000001     
   8.1306002080113545E-010   7.8619501985020770E-010   60053144118.486244       0.21112690000000001     
   8.5522146152819753E-010   8.2666617423941283E-010   61968700694.877831       0.21112690000000001     
   8.2444948746527147E-010   7.9661479703628474E-010   63384986780.570778       0.21112690000000001     
   7.3404891698384524E-010   7.0897711478644992E-010   64832666161.257622       0.21112690000000001     
   6.4309944472440161E-010   6.2088178340932591E-010   66561767392.217316       0.21112690000000001     
   5.6699808618931900E-010   5.4719218743822338E-010   68335588006.045448       0.21112690000000001     
   5.1164678683425567E-010   4.9360202879153149E-010   74029045792.154541       0.21112690000000001     
   4.7967248753158799E-010   4.6261689864319140E-010   80181715726.686356       0.21112690000000001     
   4.7406935957450195E-010   4.5709524230637011E-010   84485995782.847351       0.21112690000000001     
   4.8567268542334567E-010   4.6817833965895300E-010   89014138337.259537       0.21112690000000001     
   5.0426621116894748E-010   4.8600425233027272E-010   93893951146.813446       0.21112690000000001     
   5.2705514284926591E-010   5.0787411187901162E-010   99032922964.779526       0.21112690000000001     
   5.5259623260636866E-010   5.3239386273130064E-010   104187297731.64719       0.21112690000000001     
   5.8019551133004788E-010   5.5889358690692642E-010   109601571632.14667       0.21112690000000001     
   5.9058212034123958E-010   5.6879083121813660E-010   114295705167.72478       0.21112690000000001     
   5.8394905121684073E-010   5.6227806287386728E-010   119184654880.24641       0.21112690000000001     
   5.7633781462595873E-010   5.5482944833382009E-010   126436713272.02667       0.21112690000000001     
   5.7469522806950163E-010   5.5314164435908950E-010   134116119258.81697       0.21112690000000001     
   5.8118019017671532E-010   5.5929129230807441E-010   145058974237.98367       0.21112690000000001     
   5.9758667573818019E-010   5.7500275594775640E-010   156865930613.35678       0.21112690000000001     
   6.4879161902497788E-010   6.2426115420458142E-010   162122652053.56171       0.21112690000000001     
   7.3319803654178540E-010   7.0550904785201345E-010   167550091208.22235       0.21112690000000001     
   8.2993272625606496E-010   7.9862310754862531E-010   175698460269.49225       0.21112690000000001     
   9.3274333390168498E-010   8.9758245115639443E-010   184230679930.45840       0.21112690000000001     
   1.0671769213794095E-009   1.0270086700595039E-009   184907269469.94916       0.21112690000000001     
   1.2518665310680967E-009   1.2048247930892834E-009   185586268951.70468       0.21112690000000001     
   1.4766305355696008E-009   1.4212410198856774E-009   194354333003.65790       0.21112690000000001     
   1.7595993699204613E-009   1.6937231157084952E-009   203523654752.21185       0.21112690000000001     
   2.1179719127092778E-009   2.0387894720521810E-009   208764005166.75903       0.21112690000000001     
   2.5638253742215891E-009   2.4680653546770507E-009   214135132344.75626       0.21112690000000001     
   3.1153598622627808E-009   2.9989956599932173E-009   213102470174.01843       0.21112690000000001     
   3.7936249474232334E-009   3.6518005035845800E-009   212074639192.65964       0.21112690000000001     
   4.5234649470911461E-009   4.3542900933868584E-009   221512370602.66678       0.21112690000000001     
   5.3326500473153239E-009   5.1331485281647253E-009   231356934668.33228       0.21112690000000001     
   6.2290333415015321E-009   5.9957398888757155E-009   237581111210.06372       0.21112690000000001     
   7.1684397268268383E-009   6.8995830480383734E-009   243967567329.50113       0.21112690000000001     
   8.2770587350892340E-009   7.9662933686397078E-009   253248044103.49670       0.21112690000000001     
   9.6732039837811162E-009   9.3096979864120943E-009   262870526224.30557       0.21112690000000001     
   1.1420035348386023E-008   1.0990647820887038E-008   274826924927.33633       0.21112690000000001     
   1.3561180557618971E-008   1.3051018426936595E-008   287310030670.36676       0.21112690000000001     
   1.5898528877562030E-008   1.5299264860180713E-008   287303915622.46466       0.21112690000000001     
   1.8206360256954347E-008   1.7518395118945305E-008   287297800700.79022       0.21112690000000001     
   2.0627528962545153E-008   1.9845468380555684E-008   278478427001.19067       0.21112690000000001     
   2.3201608803447777E-008   2.2318709652908751E-008   269921866255.04694       0.21112690000000001     
   2.5078784698257499E-008   2.4122484753752959E-008   281847405596.03387       0.21112690000000001     
   2.6495538359259009E-008   2.5483498906201558E-008   294283261501.92102       0.21112690000000001     
   2.8030553688002738E-008   2.6957793684509148E-008   302504227328.91003       0.21112690000000001     
   2.9748968175453518E-008   2.8608342011131823E-008   310947728038.25488       0.21112690000000001     
   3.1113167685578937E-008   2.9916429405904868E-008   300697685599.31775       0.21112690000000001     
   3.1649852996754479E-008   3.0427608433223412E-008   290775649700.69458       0.21112690000000001     
   3.2604866019224707E-008   3.1343985078816222E-008   312063991434.69641       0.21112690000000001     
   3.5036952054600004E-008   3.3682005913777597E-008   334860498487.08569       0.21112690000000001     
   3.7329683340037359E-008   3.5883281630899115E-008   324236017460.67035       0.21112690000000001     
   3.8157913601107729E-008   3.6674497096389733E-008   313938755158.84961       0.21112690000000001     
   3.8454895936103735E-008   3.6955164343962731E-008   315443687697.47516       0.21112690000000001     
   3.8882986396764897E-008   3.7362473647460321E-008   316955615447.96350       0.21112690000000001     
   4.0683219429900675E-008   3.9090789574014023E-008   336466441557.06317       0.21112690000000001     
   4.4491964911830598E-008   4.2751348477001259E-008   357139814677.74878       0.21112690000000001     
   4.8571880519074120E-008   4.6671271886123715E-008   356711258699.62573       0.21112690000000001     
   5.1733876769241678E-008   4.9707090717894323E-008   356283201424.15277       0.21112690000000001     
   5.4592915029578563E-008   5.2451107754703724E-008   366618874041.06158       0.21112690000000001     
   5.7695694490085366E-008   5.5429444607274351E-008   377245046063.00092       0.21112690000000001     
   6.2545644790001467E-008   6.0088005497701810E-008   385861889471.94849       0.21112690000000001     
   6.9433229693433442E-008   6.6705865596181521E-008   394669456481.74298       0.21112690000000001     
   7.5393353244807413E-008   7.2430805295566194E-008   366620758104.46204       0.21112690000000001     
   7.8404478072173314E-008   7.5315366665764919E-008   340509270092.44489       0.21112690000000001     
   8.1941187682191385E-008   7.8707234620402049E-008   367937331222.67236       0.21112690000000001     
   8.9306855549702873E-008   8.5783706132872855E-008   397502630198.98456       0.21112690000000001     
   9.9171114815052753E-008   9.5261154335055395E-008   386783629023.04095       0.21112690000000001     
   1.0880634449237858E-007   1.0451458914382609E-007   376345143279.24573       0.21112690000000001     
   1.2262857413534316E-007   1.1779395020692446E-007   394204334815.15479       0.21112690000000001     
   1.4523145871008715E-007   1.3951861495025246E-007   412884149094.89551       0.21112690000000001     
   1.6952977858619473E-007   1.6286781021553227E-007   390478483558.80316       0.21112690000000001     
   1.8970731928447330E-007   1.8224317385950841E-007   369253780452.76434       0.21112690000000001     
   2.0566129679267524E-007   1.9755794883144156E-007   382671348120.55847       0.21112690000000001     
   2.2262780960011093E-007   2.1385004921911233E-007   396561175464.99518       0.21112690000000001     
   2.4432533829164826E-007   2.3469163878418311E-007   416331028567.29828       0.21112690000000001     
   2.7183614232803221E-007   2.6112093268913927E-007   437055126369.62341       0.21112690000000001     
   3.0203127893407240E-007   2.9012324803774340E-007   441739856707.44623       0.21112690000000001     
   3.3190610765764292E-007   3.1881099364502129E-007   446473260724.66931       0.21112690000000001     
   3.6064615565196594E-007   3.4640280415503264E-007   448593049144.76080       0.21112690000000001     
   3.8792659073551081E-007   3.7258612690839234E-007   450722594843.57269       0.21112690000000001     
   4.1614448701434433E-007   3.9966615591651157E-007   453932470510.81091       0.21112690000000001     
   4.4668793558611775E-007   4.2897821465870661E-007   457164506284.21692       0.21112690000000001     
   4.8139287214794546E-007   4.6228666806439158E-007   463694512296.82428       0.21112690000000001     
   5.2189449362966530E-007   5.0116373426062559E-007   470314916543.71643       0.21112690000000001     
   5.5130469578947558E-007   5.2937312344965123E-007   462598344397.22009       0.21112690000000001     
   5.6412729456469054E-007   5.4162822940010855E-007   455004592994.39612       0.21112690000000001     
   5.7261620048888511E-007   5.4971283210320924E-007   457709627275.67181       0.21112690000000001     
   5.8279093174506139E-007   5.5942140801097060E-007   460430251724.79169       0.21112690000000001     
   5.9479778163189262E-007   5.7088798160088965E-007   467002207243.46112       0.21112690000000001     
   6.0882458649246838E-007   5.8429442025607346E-007   473665076582.10156       0.21112690000000001     
   6.1349791686032363E-007   5.8872509015666058E-007   459331407464.88556       0.21112690000000001     
   6.0309365517254406E-007   5.7865787507655213E-007   445418697680.53125       0.21112690000000001     
   5.9723383214945249E-007   5.7293204795957477E-007   473108509752.97485       0.21112690000000001     
   6.1126751542657191E-007   5.8633123931273995E-007   502464209744.45892       0.21112690000000001     
   6.2655052270114671E-007   6.0096077599381228E-007   496570460537.56665       0.21112690000000001     
   6.2962970350503719E-007   6.0385232487008295E-007   490743763097.08765       0.21112690000000001     
   6.3385225212803357E-007   6.0782448893315357E-007   495986881076.60742       0.21112690000000001     
   6.4556610574314264E-007   6.1899979155855990E-007   501284294321.58087       0.21112690000000001     
   6.5497055129645654E-007   6.2798180415244584E-007   491905741236.06287       0.21112690000000001     
   6.5614004203327139E-007   6.2904463705076974E-007   482697410677.08600       0.21112690000000001     
   6.5576228232809462E-007   6.2858320696776698E-007   492483270941.61157       0.21112690000000001     
   6.6054384087491999E-007   6.3308478273410904E-007   502461368383.24731       0.21112690000000001     
   6.6305685071406859E-007   6.3540397609580356E-007   512025183511.54901       0.21112690000000001     
   6.6312423893092753E-007   6.3536987677047078E-007   521765391838.52979       0.21112690000000001     
   6.5767037339059332E-007   6.3004672589071008E-007   523611505352.61377       0.21112690000000001     
   6.4421170915004323E-007   6.1702927665288038E-007   525463951126.99353       0.21112690000000001     
   6.2689492759934178E-007   6.0031291639702874E-007   524847180690.16907       0.21112690000000001     
   6.0735142761225562E-007   5.8145885804009251E-007   524231112173.66968       0.21112690000000001     
   5.9293532628995261E-007   5.6758088222081659E-007   511422267530.38770       0.21112690000000001     
   5.8099190919286062E-007   5.5607934752639392E-007   498917087704.00745       0.21112690000000001     
   5.7229096834121310E-007   5.4761969924242003E-007   507212961016.23346       0.21112690000000001     
   5.7110948500400151E-007   5.4639287235471617E-007   515642509801.87372       0.21112690000000001     
   5.6713527410533341E-007   5.4256065615139031E-007   504231529973.01141       0.21112690000000001     
   5.5397729501566812E-007   5.2990006169923323E-007   493065550356.31506       0.21112690000000001     
   5.3991368354969335E-007   5.1628875617492576E-007   501866346575.59100       0.21112690000000001     
   5.3183804526574344E-007   5.0843662544903022E-007   510819365835.31940       0.21112690000000001     
   5.2015877911310482E-007   4.9723660212406966E-007   494229222437.78937       0.21112690000000001     
   4.9846553457768991E-007   4.7640999809038631E-007   478162009911.86096       0.21112690000000001     
   4.7905210410182173E-007   4.5766808280528854E-007   485556967501.83887       0.21112690000000001     
   4.6915269558802051E-007   4.4807597491710066E-007   493062760049.21161       0.21112690000000001     
   4.5744492567259871E-007   4.3679354593272937E-007   490742559488.89673       0.21112690000000001     
   4.4030441372442732E-007   4.2029149497663903E-007   488432946426.33014       0.21112690000000001     
   4.2182931236437013E-007   4.0249406389711136E-007   489008460055.39191       0.21112690000000001     
   4.0378947306896160E-007   3.8511744668299474E-007   489584631158.49207       0.21112690000000001     
   3.8659267393181785E-007   3.6856282412513386E-007   488429536418.42712       0.21112690000000001     
   3.7002967100130095E-007   3.5261923289401544E-007   487277084220.26672       0.21112690000000001     
   3.6134493610002029E-007   3.4425480542442755E-007   484982372296.86279       0.21112690000000001     
   3.5983298080846052E-007   3.4278447659029338E-007   482698139505.54340       0.21112690000000001     
   3.5824198985218648E-007   3.4130892134682535E-007   468654661495.05579       0.21112690000000001     
   3.5365068049368931E-007   3.3694749810988668E-007   455007690568.78265       0.21112690000000001     
   3.5154053489059783E-007   3.3488041633552253E-007   456623986302.74048       0.21112690000000001     
   3.5572361032988442E-007   3.3886362986820743E-007   458245848618.78351       0.21112690000000001     
   3.4191748146998772E-007   3.2564266938271870E-007   446472922749.08667       0.21112690000000001     
   3.1042357173303600E-007   2.9542499984506477E-007   434993499740.58911       0.21112690000000001     
   2.7891883959368363E-007   2.6517141757006799E-007   428345875337.05304       0.21112690000000001     
   2.5209024830457354E-007   2.3941506858674376E-007   421796802336.34113       0.21112690000000001     
   2.2931891864404601E-007   2.1758274066430328E-007   411909576073.67249       0.21112690000000001     
   2.0960704137006557E-007   1.9869167715526589E-007   402247241947.66724       0.21112690000000001     
   1.9686150754062473E-007   1.8649564594466113E-007   392806410570.89667       0.21112690000000001     
   1.8972240277328281E-007   1.7968652885484047E-007   383580592891.84357       0.21112690000000001     
   1.8509934575919753E-007   1.7527587164468278E-007   377247054864.88684       0.21112690000000001     
   1.8217268035086117E-007   1.7249526029852300E-007   371014975981.27155       0.21112690000000001     
   1.8009497117722910E-007   1.7054212991045468E-007   363147472030.40930       0.21112690000000001     
   1.7831127047054058E-007   1.6887069370118285E-007   355441853340.07922       0.21112690000000001     
   1.7411435204811639E-007   1.6489742439395828E-007   345415176586.27777       0.21112690000000001     
   1.6770356985746821E-007   1.5879624524430283E-007   335663019161.86420       0.21112690000000001     
   1.5759144238887861E-007   1.4916009525982478E-007   323076873410.61597       0.21112690000000001     
   1.4752786026821946E-007   1.3956883443334558E-007   310948917848.44336       0.21112690000000001     
   1.4375761595424412E-007   1.3598047056095322E-007   305050226375.67456       0.21112690000000001     
   1.4308694363659221E-007   1.3536922396855493E-007   299260115809.80524       0.21112690000000001     
   1.4451183470455456E-007   1.3676302333441572E-007   294632556455.49084       0.21112690000000001     
   1.4721250719997341E-007   1.3938164174947137E-007   290074427000.18945       0.21112690000000001     
   1.4912850049640247E-007   1.4128063162620719E-007   280494688335.85541       0.21112690000000001     
   1.4930385332192924E-007   1.4150497101777898E-007   271222085778.00748       0.21112690000000001     
   1.4934505720168245E-007   1.4156594535628162E-007   267017718706.69788       0.21112690000000001     
   1.5019672928753534E-007   1.4240533381442671E-007   262876591190.86392       0.21112690000000001     
   1.5659329893950642E-007   1.4855183164511174E-007   261301165829.61032       0.21112690000000001     
   1.6912888243653344E-007   1.6059259307864226E-007   259734899209.70581       0.21112690000000001     
   1.8375060517361392E-007   1.7465580895112482E-007   255087739371.24655       0.21112690000000001     
   1.9893206943891994E-007   1.8925345762555593E-007   250521265492.89847       0.21112690000000001     
   2.1651567976611693E-007   2.0612406542227131E-007   250822963069.38467       0.21112690000000001     
   2.3836214754252760E-007   2.2708752831847124E-007   251125013021.05295       0.21112690000000001     
   2.5295416246676191E-007   2.4114951289621522E-007   241045105287.83615       0.21112690000000001     
   2.5607777276902181E-007   2.4419298234557958E-007   231358095715.79230       0.21112690000000001     
   2.5958402110536087E-007   2.4752021837789362E-007   235301244739.93347       0.21112690000000001     
   2.7032751171330432E-007   2.5779974784788033E-007   239309543785.37598       0.21112690000000001     
   2.6664699033806033E-007   2.5449390801543907E-007   199850932458.80505       0.21112690000000001     
   2.3816862112128100E-007   2.2732406896681695E-007   166735061080.80511       0.21112690000000001     
   2.1504190490593810E-007   2.0503118817529071E-007   182676967653.74368       0.21112690000000001     
   2.1918349837248654E-007   2.0891037830038327E-007   200093249860.80121       0.21112690000000001     
   2.2551731101592542E-007   2.1499419817197731E-007   197921229777.88052       0.21112690000000001     
   2.2327788517550610E-007   2.1284792987963652E-007   195772087137.01343       0.21112690000000001     
   2.2446645698208529E-007   2.1392053626656353E-007   206249293279.20538       0.21112690000000001     
   2.3360547817887120E-007   2.2262032542901640E-007   217269510058.74405       0.21112690000000001     
   2.4145451538194939E-007   2.3015226893092055E-007   215958315527.08163       0.21112690000000001     
   2.4471981062335249E-007   2.3328274259782847E-007   214654797562.22549       0.21112690000000001     
   2.4693679165662192E-007   2.3539567909992744E-007   215175019979.24591       0.21112690000000001     
   2.4963138897126594E-007   2.3796814078943739E-007   215696465214.23322       0.21112690000000001     
   2.5237158451707661E-007   2.4058787381633840E-007   215436089600.58783       0.21112690000000001     
   2.5465737812936808E-007   2.4277140063093795E-007   215176018865.30743       0.21112690000000001     
   2.5279296698726289E-007   2.4101716952790463E-007   208004262263.90198       0.21112690000000001     
   2.4522531951548106E-007   2.3378615233507686E-007   201064594177.35834       0.21112690000000001     
   2.3608846626544439E-007   2.2503703386481592E-007   196248851266.85544       0.21112690000000001     
   2.2746874679809251E-007   2.1678584142078561E-007   191545071775.30670       0.21112690000000001     
   2.2313157536935365E-007   2.1258402029208273E-007   196487464868.85471       0.21112690000000001     
   2.2568309548091868E-007   2.1499364345017046E-007   201553464334.47830       0.21112690000000001     
   2.3031957352150691E-007   2.1946118835574749E-007   197441214233.93741       0.21112690000000001     
   2.3355520333044113E-007   2.2258089149748069E-007   193410398281.84064       0.21112690000000001     
   2.3747348517240118E-007   2.2632842782841829E-007   193410285691.31699       0.21112690000000001     
   2.4389335524155023E-007   2.3247765266114705E-007   193410173100.85730       0.21112690000000001     
   2.4967464262548337E-007   2.3804591158216266E-007   188541042714.52670       0.21112690000000001     
   2.5259003593715692E-007   2.4086067140538134E-007   183790908386.97296       0.21112690000000001     
   2.4843745788569302E-007   2.3690189462350572E-007   178070025184.23526       0.21112690000000001     
   2.3807992166805634E-007   2.2699117158415538E-007   172522044196.13013       0.21112690000000001     
   2.2669824640194572E-007   2.1609107727762020E-007   168368788659.23618       0.21112690000000001     
   2.1609617150064146E-007   2.0594029800095405E-007   164312595303.37482       0.21112690000000001     
   2.0633000794448387E-007   1.9658965896541715E-007   160743454554.77988       0.21112690000000001     
   1.9733252004472301E-007   1.8797724681267600E-007   157249571740.61859       0.21112690000000001     
   1.9240802915521695E-007   1.8327285263990607E-007   153453955255.24484       0.21112690000000001     
   1.9113585925639909E-007   1.8206968253079346E-007   149747281759.57507       0.21112690000000001     
   1.9199574937599132E-007   1.8289468870306337E-007   148470667781.81760       0.21112690000000001     
   1.9510355704008018E-007   1.8587597361616498E-007   147204614683.79010       0.21112690000000001     
   1.9787636173082141E-007   1.8856238965125232E-007   141721751361.07590       0.21112690000000001     
   1.9832995306999117E-007   1.8902082107453492E-007   136437230896.22412       0.21112690000000001     
