 LIMALOH                  Loss by CS     Actual loss   Csat   molar mass
   0.0000000000000000        0.0000000000000000        1740622209428002.5       0.20224750000000000     
   3.0442652468868298E-014   0.0000000000000000        1740616230472899.2       0.20224750000000000     
   67361.643701512134        66056.264983979985        1740610251437920.5       0.20224750000000000     
   272577.91884776007        167616.31645227224        1732840617698154.2       0.20224750000000000     
   722306.56647090614        709602.63422709703        1725104235383917.0       0.20224750000000000     
   1618370.4224560040        903734.39469347894        1757847067778448.0       0.20224750000000000     
   3756418.3549057064        3680633.1013760269        1791185152603064.8       0.20224750000000000     
   6170761.2729434147        3097542.0469787717        1828382601417319.2       0.20224750000000000     
   10244768.667571498        10041319.850310743        1866319862955846.5       0.20224750000000000     
   14828929.208844230        7236449.7041553259        1828378684093066.2       0.20224750000000000     
   21026815.482612867        20639827.967345953        1791177470606845.0       0.20224750000000000     
   28369763.222118191        13988612.096433640        1795988530031137.8       0.20224750000000000     
   41087420.951418832        16632559.842920780        1800811974873598.2       0.20224750000000000     
   57858952.287329443        21218692.526739597        1802418683519427.8       0.20224750000000000     
   79000965.280878827        27028053.854378223        1804026766020518.5       0.20224750000000000     
   104744800.41485631        35009742.750711441        1753132491174298.0       0.20224750000000000     
   135571759.48070607        44093323.936285019        1703616154560096.8       0.20224750000000000     
   172918085.81503630        52489221.626535416        1718941932722623.0       0.20224750000000000     
   217731057.40586671        63038502.481361389        1734399824634821.0       0.20224750000000000     
   270635266.62626708        75123367.327161789        1749993922539234.2       0.20224750000000000     
   332339851.92703658        88620205.092247009        1765722369860129.0       0.20224750000000000     
   403227458.66803432        104246466.08755493        1772054452514643.0       0.20224750000000000     
   483881285.33265144        120912214.53711319        1778408298618730.5       0.20224750000000000     
   573925824.46122694        141737429.63774109        1760991577756161.5       0.20224750000000000     
   673617772.76174092        162767816.99163818        1743738426531266.5       0.20224750000000000     
   786534234.67225909        176922379.69049835        1773636812535732.8       0.20224750000000000     
   913840073.24575841        195749242.45277405        1804026250358656.8       0.20224750000000000     
   1055765280.5618024        215131142.75961304        1839841724535034.2       0.20224750000000000     
   1212894797.3120437        236084663.28198242        1876338200688456.8       0.20224750000000000     
   1385099917.1396451        259962034.94380188        1906714858747112.2       0.20224750000000000     
   1572987892.8829005        283688959.18507385        1937562570039004.0       0.20224750000000000     
   1767977869.8495302        335074760.86981201        1896540283850847.2       0.20224750000000000     
   1971149496.6006989        375495844.16305542        1856351219387076.8       0.20224750000000000     
   2188816428.4635305        413339767.60404968        1823487346955363.5       0.20224750000000000     
   2423158175.5873947        455454286.77235413        1791181567874555.2       0.20224750000000000     
   2683761713.0905371        486214888.72174072        1786380809344012.0       0.20224750000000000     
   2982391242.4304347        537058394.55532837        1781592386373816.0       0.20224750000000000     
   3335752146.5260606        583130466.30310059        1804030375754306.5       0.20224750000000000     
   3755708781.7652884        656990410.86798096        1826739101076762.0       0.20224750000000000     
   4221872285.6713543        825847221.30496216        1772052678186587.8       0.20224750000000000     
   4738320127.7629681        976592893.51980591        1718937502324418.8       0.20224750000000000     
   5335584281.8271103        1101190165.1158447        1697510431473989.8       0.20224750000000000     
   6023520741.9824505        1263325011.2828979        1676339531165148.8       0.20224750000000000     
   6823857174.9429560        1393459324.1305542        1688406648982206.0       0.20224750000000000     
   7750143097.1559801        1574707155.4400635        1700557011480348.5       0.20224750000000000     
   8795098084.0782928        1820180978.5055542        1697511890776851.2       0.20224750000000000     
   9967310338.9234905        2078969877.9951782        1694471997371474.5       0.20224750000000000     
   11277322985.129320        2382079582.5716553        1685380939356915.2       0.20224750000000000     
   12737825829.755136        2709234148.6143799        1676336647571269.8       0.20224750000000000     
   14301494733.810976        3244605311.6276855        1620144768678520.0       0.20224750000000000     
   15974094640.680973        3742218799.3985596        1565761092133474.2       0.20224750000000000     
   17827564110.409939        4188776618.1093750        1530946060553750.8       0.20224750000000000     
   19887121279.478649        4732463343.5678711        1496873855329079.0       0.20224750000000000     
   22264107361.554817        5042858585.8013916        1510412313673407.8       0.20224750000000000     
   24999134474.681343        5563173246.1931152        1524068120678623.8       0.20224750000000000     
   27853107223.215302        6754618150.8244629        1467473032710016.2       0.20224750000000000     
   30763598167.825130        7738588680.5876465        1412895928246599.2       0.20224750000000000     
   34117699349.388332        7880539351.3942871        1438640623829430.5       0.20224750000000000     
   38021041988.719543        8465854814.3920898        1464834730095046.5       0.20224750000000000     
   42335772050.998192        9228937734.6879883        1488794909736985.2       0.20224750000000000     
   47039115135.363327        10050600436.933838        1513130571014007.2       0.20224750000000000     
   51912898444.802361        11528265737.231934        1499567022393529.5       0.20224750000000000     
   56896984503.203735        12748288503.941406        1486120079176524.8       0.20224750000000000     
   61987885809.632759        14226323859.202637        1458248551606260.8       0.20224750000000000     
   67177977184.132843        15586097607.048828        1430878560839108.5       0.20224750000000000     
   72403884153.892685        17259722667.765137        1391384217628850.8       0.20224750000000000     
   77635020446.476837        18813143858.341797        1352936230811183.0       0.20224750000000000     
   82924070388.216385        20424981575.217773        1314305394749759.8       0.20224750000000000     
   88348996959.354767        22136647450.377930        1276733428102057.5       0.20224750000000000     
   94164618573.235046        23465999012.947266        1254920104111866.8       0.20224750000000000     
   100459226912.17882        25242418511.624023        1233464387678027.0       0.20224750000000000     
   107695249671.60799        25718302622.067871        1248105562165608.8       0.20224750000000000     
   115970347697.74001        27076210106.752930        1262913298007028.8       0.20224750000000000     
   125214827212.73199        27773270438.717773        1296559658991984.5       0.20224750000000000     
   135344617941.24178        28913872499.210938        1331064583516105.8       0.20224750000000000     
   146183618481.73996        29830793682.502930        1371400914992349.5       0.20224750000000000     
   157677713879.19986        30823737320.785156        1412907758044677.0       0.20224750000000000     
   169285173382.08340        32790752388.592773        1438646642202407.8       0.20224750000000000     
   180832257328.58383        34107046456.523438        1464834730281139.8       0.20224750000000000     
   192106325830.26675        36246205071.688477        1475437203546260.2       0.20224750000000000     
   202994431773.48965        37609157352.484375        1486113228054735.2       0.20224750000000000     
   214903388475.33710        36240824076.793945        1529562638012191.5       0.20224750000000000     
   228272945863.19492        36141763778.298828        1574228437863412.8       0.20224750000000000     
   242033569932.92200        37159010173.564453        1609987926461011.5       0.20224750000000000     
   255885551561.38690        37716786425.211914        1646525393199375.2       0.20224750000000000     
   269580441427.74915        38961084208.034180        1673332635961833.2       0.20224750000000000     
   283111390542.83423        39524946818.536133        1700557986157602.2       0.20224750000000000     
   297030258222.80652        39439465263.140625        1732849547611412.2       0.20224750000000000     
   311441750956.85504        39508250749.851562        1765728430951324.0       0.20224750000000000     
   329596876644.61456        32563789904.757812        1869658933678531.8       0.20224750000000000     
   352401832071.73608        29922272979.908203        1979438801474731.0       0.20224750000000000     
   375447393084.80029        32490507669.466797        2054809520494083.8       0.20224750000000000     
   397686171088.03778        32644485826.738281        2132926497125466.5       0.20224750000000000     
   420484396788.41132        31972952278.923828        2215851117300226.2       0.20224750000000000     
   444173863393.79016        31242383741.365234        2301860512297551.5       0.20224750000000000     
   468532697176.49139        30885609635.884766        2386856878415150.0       0.20224750000000000     
   493520802819.09918        30129479765.910156        2474856264379348.5       0.20224750000000000     
   518356779459.38593        30952703830.414062        2550150619999842.5       0.20224750000000000     
   543008566957.43738        30452486083.890625        2627637279915159.5       0.20224750000000000     
   570155997000.91357        25643240236.142578        2740929414560026.5       0.20224750000000000     
   600180758261.66162        23418986398.210938        2858893534252520.5       0.20224750000000000     
   634162524700.73413        16627994088.746094        3023714484331890.5       0.20224750000000000     
   672060456454.04492        13344138714.019531        3197617632831056.5       0.20224750000000000     
   705304858773.08984        23142844427.671875        3273831703372693.5       0.20224750000000000     
   732860844774.28772        23817278410.421875        3351784314071526.0       0.20224750000000000     
   761313455649.73767        18505113814.976562        3467478375108053.5       0.20224750000000000     
   791305789992.12292        15742408098.000000        3586992489872868.0       0.20224750000000000     
   813941802241.20044        26532458493.222656        3596401315940305.0       0.20224750000000000     
   829346325004.61279        27498479623.105469        3605833779545399.5       0.20224750000000000     
   849977110378.11414        13473064897.953125        3726768700968395.0       0.20224750000000000     
   876845810724.13232        9465894299.9296875        3851583413432690.5       0.20224750000000000     
   901068512317.12659        13968284154.308594        3922193740043823.5       0.20224750000000000     
   921770259746.04626        13354922850.621094        3994043042665483.0       0.20224750000000000     
   935428807342.84167        22326785890.433594        3980269495948133.5       0.20224750000000000     
   942718790769.31628        23126222332.097656        3966541452912439.5       0.20224750000000000     
   957567306265.92419        4513263687.7656250        4091895539015329.0       0.20224750000000000     
   981027840251.38367       -294286916.84765625        4221039031995847.5       0.20224750000000000     
   999440750470.84009        4098291051.5000000        4301879154443428.0       0.20224750000000000     
   1016441492432.0782        2465966086.3320312        4384200930248603.0       0.20224750000000000     
   1037749988611.5912       -1378581316.4335938        4502739574105120.0       0.20224750000000000     
   1059469711365.7233        1518304858.4648438        4624344261438626.0       0.20224750000000000     
   1084347356543.3905        775680854.40625000        4773688626385301.0       0.20224750000000000     
   1109085384356.8154        1024276826.1289062        4927645694554558.0       0.20224750000000000     
   1113294479760.1836        6111152696.0195312        4927570749718641.0       0.20224750000000000     
   1113794927766.0764        6088344083.6796875        4927495805974331.0       0.20224750000000000     
   1105890846062.1309        17301964273.960938        4818926282139108.0       0.20224750000000000     
   1091152387979.6604        18721016216.628906        4712649794989974.0       0.20224750000000000     
   1097224433803.4543       -19483035226.066406        4860513821922445.0       0.20224750000000000     
   1117773893889.6138       -46156006722.167969        5012814925355244.0       0.20224750000000000     
   1131138807096.7766        161330246.16015625        5112487333004295.0       0.20224750000000000     
   1143526885251.3350        512568707.23828125        5214055984028461.0       0.20224750000000000     
   1132641938700.7363        13848059281.957031        5090651504500914.0       0.20224750000000000     
   1114877069349.1353        15899866374.832031        4970046755219376.0       0.20224750000000000     
   1135382421473.3621       -52987953538.425781        5227424446762645.0       0.20224750000000000     
   1169245292565.4272       -75831555794.656250        5497537602130266.0       0.20224750000000000     
   1158672648251.5212        12437347211.042969        5372325103571770.0       0.20224750000000000     
   1140331691268.2139        14164624696.046875        5249846098662371.0       0.20224750000000000     
   1129802142453.7913       -10428379.421875000        5267817021063589.0       0.20224750000000000     
   1126269196812.6562       -3829129229.7304688        5285846842712797.0       0.20224750000000000     
   1153965251405.0920       -289195099.87500000        5516364704122341.0       0.20224750000000000     
   1181779503484.6235        726275310.21093750        5756491024707496.0       0.20224750000000000     
   1176336871510.4727       -1419497460.8515625        5751554231857620.0       0.20224750000000000     
   1171120087976.1248       -1422335642.9921875        5746621493063852.0       0.20224750000000000     
   1181602818251.8218       -488008698.90234375        5865258224309521.0       0.20224750000000000     
   1192207708149.1875        349218410.54296875        5986237994601947.0       0.20224750000000000     
   1199070432990.6736        17446494.425781250        6083628148352780.0       0.20224750000000000     
   1205881213727.3098        224817769.51953125        6182534280294795.0       0.20224750000000000     
   1181135076090.9514        25911608492.058594        5865279762531057.0       0.20224750000000000     
   1144167499897.3582        30145501616.765625        5563647205261377.0       0.20224750000000000     
   1152283807614.3093       -41132378998.429688        5880322837674502.0       0.20224750000000000     
   1186473113910.5684       -70586636567.800781        6214215486199713.0       0.20224750000000000     
   1174501757856.4734        8552856731.5000000        6094008960593292.0       0.20224750000000000     
   1156930384825.6411        9814108046.2187500        5976030591556889.0       0.20224750000000000     
   1166332128029.2551       -56820102678.023438        6177326986020879.0       0.20224750000000000     
   1184644962617.6016       -45962456130.464844        6385106004873099.0       0.20224750000000000     
   1164831227972.4932        18366938985.164062        6135550472620681.0       0.20224750000000000     
   1135340535770.4170        21318878598.367188        5895349138061315.0       0.20224750000000000     
   1130327278111.4597       -16287877604.835938        6047640815607358.0       0.20224750000000000     
   1141784549253.4143       -34293764682.964844        6203695095450091.0       0.20224750000000000     
   1160498302659.6240       -44570396344.144531        6423150128167713.0       0.20224750000000000     
   1178807653300.5198       -58504905800.324219        6650026536725057.0       0.20224750000000000     
   1178956870882.1650       -16859847354.117188        6700882876728292.0       0.20224750000000000     
   1178278403201.2368       -15807435276.058594        6752111437401209.0       0.20224750000000000     
   1174614303884.1904       -10608199967.828125        6775003101089953.0       0.20224750000000000     
   1170870530699.6438       -10927726869.050781        6797969054108968.0       0.20224750000000000     
   1168302626545.6562       -12667530242.714844        6832527310460342.0       0.20224750000000000     
   1165761954378.4478       -12861718152.527344        6867253718031770.0       0.20224750000000000     
   1166582551731.0259       -19529722958.714844        6937201935505776.0       0.20224750000000000     
   1167459808234.6658       -19844233327.535156        7007831932702341.0       0.20224750000000000     
   1156232435601.8621        3568562977.4335938        6925479732205276.0       0.20224750000000000     
   1143036840888.0769        4144914364.8710938        6844054465562488.0       0.20224750000000000     
   1136831505513.2681       -3426779131.5117188        6873103817358407.0       0.20224750000000000     
   1134035550559.9785        72265535.542968750        6902271188061831.0       0.20224750000000000     
   1135177449863.9377       -24240036.101562500        6972525924606181.0       0.20224750000000000     
   1136414282816.4229        13429686.222656250        7043464938100658.0       0.20224750000000000     
   1122313869262.1218        8345601841.2460938        6890496598393004.0       0.20224750000000000     
   1104476517360.2249        9804027006.8945312        6740711621144104.0       0.20224750000000000     
   1118204917915.0330       -59342223614.675781        7037550173761400.0       0.20224750000000000     
   1140921129940.2800       -62542968365.019531        7346879223185076.0       0.20224750000000000     
   1132838188316.3777        2106221538.5937500        7285198465070456.0       0.20224750000000000     
   1122458448115.6912        2393507220.8984375        7224013603209708.0       0.20224750000000000     
   1120139128908.5222       -7592658698.6367188        7279079699900545.0       0.20224750000000000     
   1119847794643.4197       -14008033943.996094        7334547485260348.0       0.20224750000000000     
   1109552925457.8306        4402940664.5664062        7236231765240328.0       0.20224750000000000     
   1096971130458.9747        5168852848.7031250        7139178358170754.0       0.20224750000000000     
   1096730520825.7606       -16920346001.898438        7242301404643710.0       0.20224750000000000     
   1101111021229.7092       -20188224679.230469        7346849536993913.0       0.20224750000000000     
   1105018540234.3242       -21335225644.113281        7446501828202761.0       0.20224750000000000     
   1108901614551.1235       -20213439232.671875        7547447288843139.0       0.20224750000000000     
   1106225805809.1758       -56879501.789062500        7566519125939606.0       0.20224750000000000     
   1103230493561.2722       -135569302.08593750        7585637090345612.0       0.20224750000000000     
   1098198556208.2153       -271356430.28125000        7579273918742055.0       0.20224750000000000     
   1093259989050.8816       -76893531.171875000        7572915856853229.0       0.20224750000000000     
   1082516228577.6062        6405926790.5625000        7440235401199329.0       0.20224750000000000     
   1068835901911.6693        7505731946.6796875        7309781893953160.0       0.20224750000000000     
   1065750981749.9275       -7466200272.3984375        7396426873439400.0       0.20224750000000000     
   1068972388602.5403       -249851045.57812500        7484054503091892.0       0.20224750000000000     
   1059395827551.6313        5684132236.3632812        7365334693251621.0       0.20224750000000000     
   1047252393741.6377        6729399774.4921875        7248418904628045.0       0.20224750000000000     
   1045524718525.6281       -8845555523.5976562        7340631765970071.0       0.20224750000000000     
   1049448835556.4723       -18461392452.726562        7433967012922976.0       0.20224750000000000     
   1038815456499.2614        9167265433.8125000        7260638411678056.0       0.20224750000000000     
   1023453286511.1062        10729830081.359375        7091182364011048.0       0.20224750000000000     
   1018892387804.5330       -5228476274.9179688        7169373491090111.0       0.20224750000000000     
   1021104183831.5220       -6892505391.3164062        7248389594235148.0       0.20224750000000000     
   1016708820281.0625        488410084.93359375        7224000943029191.0       0.20224750000000000     
   1011992406852.5315        643519670.73437500        7199690859269821.0       0.20224750000000000     
   1008934491527.0410       -1221900182.5351562        7205751555487879.0       0.20224750000000000     
   1006662969901.3014       -393528722.14843750        7211817135639277.0       0.20224750000000000     
   1003172825313.9255        2261290.4726562500        7199654942625763.0       0.20224750000000000     
   999689834349.25024       -597329385.39062500        7187512385835410.0       0.20224750000000000     
   995793709770.99219        813164165.63671875        7163310210222552.0       0.20224750000000000     
   991651321871.97437        1013046693.6640625        7139186060640356.0       0.20224750000000000     
   982552405566.13708        8557153618.9960938        6990146266662926.0       0.20224750000000000     
   969813952097.93628        9858713339.9414062        6844087758555019.0       0.20224750000000000     
   963301058977.69141        177914404.19531250        6861451028572875.0       0.20224750000000000     
   961198529074.55188       -1089648466.0742188        6878856467253558.0       0.20224750000000000     
   953466787717.92859        7596216726.1445312        6752107785120912.0       0.20224750000000000     
   942407734765.30322        8822367295.8945312        6627596728249093.0       0.20224750000000000     
   932739376420.20996        6069965494.7890625        6555064980293975.0       0.20224750000000000     
   924491338808.91382        5793941362.7929688        6483293541317196.0       0.20224750000000000     
   914958466758.53857        8221083841.5937500        6374332961167192.0       0.20224750000000000     
   904330064348.77661        8673516993.6835938        6267126881082740.0       0.20224750000000000     
   893488272645.12183        8844122264.4179688        6161665878825095.0       0.20224750000000000     
   882641005415.92712        8956587518.8632812        6057905233109735.0       0.20224750000000000     
   873188953922.33203        6976469698.8789062        5986260772225819.0       0.20224750000000000     
   864833604598.97449        6625092576.4492188        5915427994885892.0       0.20224750000000000     
   855950188271.18188        8009377630.7695312        5825519985320741.0       0.20224750000000000     
   846477958275.40710        8203474136.3984375        5736921242794838.0       0.20224750000000000     
   835667817576.59973        10321287653.257812        5620809074854628.0       0.20224750000000000     
   823815367668.19360        10678051063.703125        5506949082316218.0       0.20224750000000000     
   810142980648.59363        13440489597.656250        5358593934879644.0       0.20224750000000000     
   795103768404.97290        13988873531.128906        5214070240580804.0       0.20224750000000000     
   783128700117.06799        9028369888.2851562        5143197956432817.0       0.20224750000000000     
   773857064009.76123        8157523220.7460938        5073248701785193.0       0.20224750000000000     
   765796876829.13269        6930141235.0078125        5017065873202894.0       0.20224750000000000     
   758522382306.90430        6631180148.9492188        4961479150444823.0       0.20224750000000000     
   748507655034.57471        11314383609.054688        4843832678077256.0       0.20224750000000000     
   736033102684.65991        12113344375.312500        4728860426279995.0       0.20224750000000000     
   726097059804.14075        7677462759.5039062        4676361241461245.0       0.20224750000000000     
   718640652714.87366        6862662863.1953125        4624420502782309.0       0.20224750000000000     
   713362995711.95923        4203295488.3906250        4604599260318088.0       0.20224750000000000     
   709687760698.53894        3687600990.8750000        4584859397850122.0       0.20224750000000000     
   704496446273.81604        6562175664.4257812        4526089428058188.0       0.20224750000000000     
   697809593588.19470        7100494163.2460938        4468041333685277.5       0.20224750000000000     
   694207705280.02637        2328088405.9628906        4471885719292017.5       0.20224750000000000     
   693192389365.61768        1497584089.2714844        4475733272769772.5       0.20224750000000000     
   685698702235.31689        11907456834.947266        4346607561034554.0       0.20224750000000000     
   672727298335.53113        13791059544.316406        4221054169237711.0       0.20224750000000000     
   668954129364.44824       -1341274224.0019531        4272339059784043.0       0.20224750000000000     
   672884602589.91382        1391530884.3593750        4324220437187128.5       0.20224750000000000     
   644848911276.54382        44210309047.513672        3801786358059569.0       0.20224750000000000     
   593406060898.35583        50898120443.892578        3340124818159868.5       0.20224750000000000     
   581959733435.97290       -17556522680.794922        3565348740063070.0       0.20224750000000000     
   605521670934.23779       -25492140020.207031        3805079852139255.5       0.20224750000000000     
   604512198751.02039        4558000673.1699219        3775517664945613.0       0.20224750000000000     
   601245182145.24060        5047298466.6015625        3746175551295405.0       0.20224750000000000     
   614253385368.04102       -28823088274.609375        3888373565726380.5       0.20224750000000000     
   631925148148.56030       -43093022505.984375        4035733500386499.5       0.20224750000000000     
   633050306371.13208        3306969256.5136719        4018314291713491.5       0.20224750000000000     
   631659557277.98120        3672702974.4375000        4000967111499147.0       0.20224750000000000     
   631334763942.85571        1842256990.7207031        4007893812904915.5       0.20224750000000000     
   632084078917.99866        1433213940.4726562        4014831999849513.5       0.20224750000000000     
   632657454083.34082        2346351921.4082031        4011368122789068.0       0.20224750000000000     
   632771049939.86829        2525451443.6328125        4007907108355535.0       0.20224750000000000     
   627797369147.22302        10379733222.644531        3911988336545218.0       0.20224750000000000     
   618247384348.51184        11993114178.179688        3818270616514538.0       0.20224750000000000     
   609068932341.56604        10255737736.830078        3752692687072402.5       0.20224750000000000     
   600863654438.56360        9995397912.5781250        3688194405412332.5       0.20224750000000000     
   602100949948.09009       -4570456985.9980469        3755952722492048.0       0.20224750000000000     
   609402669038.20776       -14492196097.072266        3824902542738373.0       0.20224750000000000     
   608070789070.94666        7094014377.1464844        3768971963926191.5       0.20224750000000000     
   602766857315.30347        8322178110.1972656        3713825290175439.5       0.20224750000000000     
   599719211581.57996        3950370408.5761719        3713823745238804.5       0.20224750000000000     
   599257725215.73132        3106771388.6894531        3713822200302812.0       0.20224750000000000     
   595564191428.86267        8746582700.6171875        3646766575893524.0       0.20224750000000000     
   588561646637.05444        9960497067.1699219        3580871625560957.0       0.20224750000000000     
   579899131237.49072        11634900625.257812        3500860879784652.0       0.20224750000000000     
   570192915929.97327        12012786296.734375        3422564344105515.0       0.20224750000000000     
   561253777359.84998        10510282987.886719        3363479984237605.0       0.20224750000000000     
   553218845138.73303        10230012172.669922        3305373475180204.0       0.20224750000000000     
   545724733235.67560        9621482983.6738281        3253904700753272.0       0.20224750000000000     
   538614306912.82257        9433056519.7734375        3203204222262952.0       0.20224750000000000     
   531315906357.09546        9917675956.9355469        3147759288173812.0       0.20224750000000000     
   523751712379.04443        9976405458.7246094        3093234476564929.0       0.20224750000000000     
   518285092662.75885        6677330486.7714844        3074366709741394.0       0.20224750000000000     
   514885533967.33911        5922390232.3593750        3055609233767987.0       0.20224750000000000     
   508138967078.30115        11702775219.679688        2973837810374243.0       0.20224750000000000     
   497850539565.19604        12873518400.111328        2894165361406688.0       0.20224750000000000     
