 LMLKBOOH                 Loss by CS     Actual loss   Csat   molar mass
   0.0000000000000000        0.0000000000000000        2782573329520280.0       0.20220450000000001     
   1.2444960708595250E-014   0.0000000000000000        2782564037830073.0       0.20220450000000001     
   35876.454281601029        35173.245579854585        2782554746014854.5       0.20220450000000001     
   168555.33646971098        89807.123244223185        2770479469129486.0       0.20220450000000001     
   479201.61148869368        470681.83661827073        2758454370719690.0       0.20220450000000001     
   1102180.4580608001        509272.12374318391        2809338213505298.5       0.20220450000000001     
   2556341.8519724836        2504226.9217462987        2861119968910474.5       0.20220450000000001     
   4127822.8211489022        1627226.2722353637        2918864527365211.5       0.20220450000000001     
   6637648.5214947267        6504367.6741646528        2977723836102443.0       0.20220450000000001     
   9092481.9906541239        3396448.1392101049        2918858447927056.5       0.20220450000000001     
   12120789.160005622        11895325.052181244        2861108040107559.0       0.20220450000000001     
   15066432.237789480        5640287.7164020538        2868578498954385.5       0.20220450000000001     
   20266051.533323452        5875319.7914757729        2876067629504566.5       0.20220450000000001     
   26506814.620857760        6696009.0752480030        2878562164427535.5       0.20220450000000001     
   33576051.936934769        7635740.9051787853        2881058770297681.5       0.20220450000000001     
   41161567.802512132        8951721.4769454002        2802013187975544.5       0.20220450000000001     
   49120129.506663650        10097587.618745804        2725046317893199.0       0.20220450000000001     
   57765201.292570241        10520514.488129139        2748874878400989.0       0.20220450000000001     
   67110567.177453160        11254094.087364674        2772902851611963.0       0.20220450000000001     
   77082923.452580839        12030780.770873547        2797136497598654.0       0.20220450000000001     
   87642352.685162932        12783065.286675453        2821572829438953.5       0.20220450000000001     
   98599335.551452503        13650817.565135956        2831408885045964.5       0.20220450000000001     
   109885491.77210367        14346033.995509148        2841277762547162.0       0.20220450000000001     
   121229407.60517941        15548002.271183968        2814223526037205.0       0.20220450000000001     
   132596200.24367765        16363129.208979607        2787416015235943.5       0.20220450000000001     
   144581613.19112241        15591377.742853165        2833866719584302.5       0.20220450000000001     
   157152826.10130188        15564810.564611435        2881057969724061.0       0.20220450000000001     
   170186375.46090916        15456522.194122314        2936646807153968.0       0.20220450000000001     
   183626052.19223917        15452505.881181717        2993261599986051.5       0.20220450000000001     
   197299119.34939656        15708539.066953659        3040359657214039.0       0.20220450000000001     
   211175648.39232165        15770372.405282974        3088166667480506.0       0.20220450000000001     
   224332251.13717172        19254968.112819672        3024586643688709.5       0.20220450000000001     
   237380658.32931596        21054370.234741211        2962260836560481.0       0.20220450000000001     
   251122220.80219334        22403950.412429810        2911267120150518.5       0.20220450000000001     
   265767370.82347798        24065085.770107269        2861114402451267.5       0.20220450000000001     
   283139931.31181860        24940943.076169968        2853659381412437.5       0.20220450000000001     
   304413304.73413259        27858924.983524323        2846222959714041.0       0.20220450000000001     
   329993539.43433386        29518150.191301346        2881064374469300.5       0.20220450000000001     
   359324612.12435365        32501751.431911469        2916313887443366.0       0.20220450000000001     
   389193606.53098291        42249425.603034973        2831406128998633.0       0.20220450000000001     
   419608766.25418431        48441840.117115021        2748867990864383.0       0.20220450000000001     
   453206491.69613606        51307729.188598633        2715551461828685.0       0.20220450000000001     
   490839189.03378433        56549652.642219543        2682621732285533.0       0.20220450000000001     
   534608309.53026086        58872885.608833313        2701392630070958.0       0.20220450000000001     
   585848912.91059601        65096356.301242828        2720289240385710.0       0.20220450000000001     
   644470104.20963752        75761667.049423218        2715553731267399.5       0.20220450000000001     
   711855305.15862477        87213091.315284729        2710826114999665.5       0.20220450000000001     
   789395550.87784171        101745086.36398315        2696686366700687.0       0.20220450000000001     
   878684742.49895275        117983497.83223724        2682617246287651.5       0.20220450000000001     
   975741383.68530583        146826174.44874573        2595158397894713.5       0.20220450000000001     
   1080622319.0974734        171741355.87460327        2510433353936669.0       0.20220450000000001     
   1198738783.9380512        193070000.39669037        2456151651945572.5       0.20220450000000001     
   1331783011.0307951        220295592.18643951        2402994802048293.0       0.20220450000000001     
   1487145582.7523293        232118791.69947815        2424120465689175.0       0.20220450000000001     
   1666336664.4509258        256825165.08509827        2445423896180700.5       0.20220450000000001     
   1856427475.9478662        323966684.36425781        2357098797257711.5       0.20220450000000001     
   2057263792.9688163        378044256.65751648        2271833106417105.5       0.20220450000000001     
   2295921137.5601492        381567518.21488953        2312065214762579.5       0.20220450000000001     
   2578391812.5606289        416738716.43513489        2352979042597560.5       0.20220450000000001     
   2896927252.0035496        463144949.32093811        2390385729722303.0       0.20220450000000001     
   3251219409.0731668        513476978.21356201        2428361447542463.5       0.20220450000000001     
   3625262638.6585064        605050747.43450928        2407197693145578.0       0.20220450000000001     
   4016182512.6829395        678617347.57745361        2386210615176174.5       0.20220450000000001     
   4425798849.3082943        772183333.28445435        2342693708782488.5       0.20220450000000001     
   4856184242.3279066        860554730.94641113        2299937305427467.5       0.20220450000000001     
   5302840469.5718708        973427717.08688354        2238200368739224.8       0.20220450000000001     
   5764464519.0619183        1080453763.9374695        2178052147130855.5       0.20220450000000001     
   6246864082.3894062        1196810980.7749329        2117569864754524.0       0.20220450000000001     
   6760499216.1209602        1327076783.2047424        2058697855496650.0       0.20220450000000001     
   7324503449.1679344        1433577674.8985901        2024496197799745.2       0.20220450000000001     
   7942114054.6857824        1575225350.0151367        1990839074434054.8       0.20220450000000001     
   8646011364.4610519        1613802910.0783081        2013808122789306.5       0.20220450000000001     
   9441205385.5882282        1720663058.3012085        2037030835323250.8       0.20220450000000001     
   10318165071.877602        1765061556.5170898        2089769766530781.8       0.20220450000000001     
   11265143075.751637        1838429899.7531128        2143814852486552.8       0.20220450000000001     
   12277962924.227329        1893951920.6838989        2206944254839727.2       0.20220450000000001     
   13356559794.996616        1959252842.0065918        2271851597908028.0       0.20220450000000001     
   14457237358.319510        2104659459.0783691        2312074617517942.0       0.20220450000000001     
   15569737694.681030        2197359911.7779541        2352979042888130.0       0.20220450000000001     
   16678873074.205261        2365146157.7955933        2369533735597111.0       0.20220450000000001     
   17774844822.524391        2470311135.0780029        2386199921064321.5       0.20220450000000001     
   18975886163.852619        2356760965.1953125        2453993989076902.5       0.20220450000000001     
   20309388176.281315        2358995869.7072754        2523630064212932.5       0.20220450000000001     
   21687860502.809181        2451202733.6491699        2579341020929746.5       0.20220450000000001     
   23095247788.528198        2504523192.1186523        2636228405313721.5       0.20220450000000001     
   24442529014.043957        2567954510.3923340        2677943798013399.5       0.20220450000000001     
   25708246705.513680        2537426155.1253662        2720290756081829.5       0.20220450000000001     
   26966061217.303391        2451655286.9019775        2770493348534851.5       0.20220450000000001     
   28230555201.378460        2383697602.6761475        2821582245014637.0       0.20220450000000001     
   29800914257.582279        1742731963.0878906        2982902766551321.0       0.20220450000000001     
   31724301864.415176        1500491955.8551025        3153031521226114.0       0.20220450000000001     
   33660902407.896545        1702501514.5585938        3269682375260032.0       0.20220450000000001     
   35571453586.508003        1711811549.3515625        3390457809938191.0       0.20220450000000001     
   37557927506.391342        1671185126.9521484        3518531477354924.5       0.20220450000000001     
   39638588479.669296        1634643682.2363281        3651228390958362.0       0.20220450000000001     
   41789805921.004906        1630051929.3916016        3782226605645406.5       0.20220450000000001     
   44010514132.652176        1595239317.0295410        3917716208491773.0       0.20220450000000001     
   46194018676.396011        1659808643.8850098        4033537535219758.5       0.20220450000000001     
   48338948153.737793        1605738400.0800781        4152631677528541.0       0.20220450000000001     
   50683152766.020462        1226475877.5217285        4326582129628948.0       0.20220450000000001     
   53243251837.626221        1074173630.5178223        4507493166535015.0       0.20220450000000001     
   56124550334.633102        578737089.36840820        4759917785411274.0       0.20220450000000001     
   59333196887.665131        302167716.85595703        5025836448782282.0       0.20220450000000001     
   62241303875.184319        1251309809.8337402        5142248487668736.0       0.20220450000000001     
   64920560764.451614        1419238299.7216797        5261237895792534.0       0.20220450000000001     
   67814866612.731087        1154499670.5517578        5437695411070029.0       0.20220450000000001     
   70930325524.599075        1099734686.0986328        5619807025098439.0       0.20220450000000001     
   73670251269.245148        2137503594.5112305        5634136622096861.0       0.20220450000000001     
   76185586851.586334        2462398160.6574707        5648501169696061.0       0.20220450000000001     
   79418006139.555939        1648928393.7104492        5832579157225694.0       0.20220450000000001     
   83389327233.753662        1644327071.8276367        6022388109696751.0       0.20220450000000001     
   87456470772.005035        2308270592.8471680        6129690749174022.0       0.20220450000000001     
   91623629897.532349        2573718970.8916016        6238820915537963.0       0.20220450000000001     
   95591169563.181473        3686464171.3271484        6217904880560842.0       0.20220450000000001     
   99471685444.102707        4158551460.7680664        6197055937470429.0       0.20220450000000001     
   104390118481.03207        2991866261.6582031        6387358866390210.0       0.20220450000000001     
   110358510195.75439        2969768015.3842773        6583244661742531.0       0.20220450000000001     
   116562149533.71729        3668765933.6049805        6705778191494833.0       0.20220450000000001     
   122938138605.17854        3923783845.5927734        6830491571693554.0       0.20220450000000001     
   129954646580.14182        3737473853.5151367        7009957323759278.0       0.20220450000000001     
   137642050078.92996        3871893007.7202148        7193928173969608.0       0.20220450000000001     
   146057642630.00690        3727325987.7836914        7419681098979623.0       0.20220450000000001     
   155145771688.58502        3803512363.3476562        7652200649555492.0       0.20220450000000001     
   163504448420.37778        5895091839.0659180        7652087511053210.0       0.20220450000000001     
   171236080154.79001        6377193126.4619141        7651974374150855.0       0.20220450000000001     
   178064770404.73224        8221267085.9287109        7488024400573085.0       0.20220450000000001     
   184218280694.71393        8843551653.1210938        7327437328362483.0       0.20220450000000001     
   192429572080.65292        5134542292.2607422        7550837460835210.0       0.20220450000000001     
   202411521713.42105        4442831261.0712891        7780743307853297.0       0.20220450000000001     
   212328446662.57318        5004861232.8164062        7931097796924042.0       0.20220450000000001     
   222053953500.48856        4893184208.9677734        8084228673519835.0       0.20220450000000001     
   229386364593.70407        8549500141.5556641        7898165791308516.0       0.20220450000000001     
   234760920989.82852        9147999903.1962891        7716202625345029.0       0.20220450000000001     
   243840250855.84778        2325335389.1679688        8104377524779148.0       0.20220450000000001     
   256054208572.00385        997484704.33496094        8511187331971719.0       0.20220450000000001     
   264223074900.39444        7765048257.1650391        8322679338644084.0       0.20220450000000001     
   269069757707.94431        8554104047.8759766        8138168053517503.0       0.20220450000000001     
   274768768772.12369        6052213400.3203125        8165248208249726.0       0.20220450000000001     
   281288378135.63757        5633845579.9394531        8192414528471264.0       0.20220450000000001     
   290687207682.72516        874031642.66210938        8539521198549742.0       0.20220450000000001     
   302156863297.62958       -118848215.05273438        8900666180337114.0       0.20220450000000001     
   310538930739.77789        4633060003.2636719        8893245637565265.0       0.20220450000000001     
   316862524794.56110        5001778789.9384766        8885831011058597.0       0.20220450000000001     
   324331377201.25842        2486106230.9150391        9064110490314332.0       0.20220450000000001     
   332709186487.40393        1987513627.4863281        9245807396092634.0       0.20220450000000001     
   340861437032.07977        2242221864.4296875        9392001073891396.0       0.20220450000000001     
   348724673377.86896        2078760452.6308594        9540403617714558.0       0.20220450000000001     
   350710483743.92712        10595359135.201172        9064142847344914.0       0.20220450000000001     
   348539347282.69464        11942703245.330078        8610667177021112.0       0.20220450000000001     
   355176667753.41125       -2473314353.2089844        9086741362407380.0       0.20220450000000001     
   367785775968.89111       -4751504213.4140625        9587925259361250.0       0.20220450000000001     
   372692744095.30212        5973316084.5058594        9407579983848420.0       0.20220450000000001     
   374708459345.88745        6745798815.8339844        9230481102681870.0       0.20220450000000001     
   381027830751.03577       -605065461.27148438        9532592054763186.0       0.20220450000000001     
   390281597093.49463       -1941834190.6992188        9844144494184756.0       0.20220450000000001     
   392346009387.66638        8553090318.0996094        9469915637341940.0       0.20220450000000001     
   390431286790.32520        9804277747.3398438        9109313067873696.0       0.20220450000000001     
   393788748518.99347        614620286.32812500        9337987661267388.0       0.20220450000000001     
   400895480835.49561       -535723378.33007812        9572145479846986.0       0.20220450000000001     
   410213272048.48639       -2801258628.6015625        9901158525923122.0       0.20220450000000001     
   420031350535.45862       -3092424533.8222656        10240968504054818.       0.20220450000000001     
   425679842872.09106        1323682436.2539062        10317095141644444.       0.20220450000000001     
   430561419963.57599        1424401591.5019531        10393762664101564.       0.20220450000000001     
   434811117345.90381        2058219399.7539062        10428016566076336.       0.20220450000000001     
   438656347508.71863        2108935261.3046875        10462378386952706.       0.20220450000000001     
   442522211231.98456        1839775475.0664062        10514078595644732.       0.20220450000000001     
   446377593603.20312        1754630825.5527344        10566023017162636.       0.20220450000000001     
   450682310120.68506        884533848.85351562        10670630690744378.       0.20220450000000001     
   455240121781.12720        701421707.67968750        10776228119783672.       0.20220450000000001     
   457432474479.15656        4037557513.0351562        10653102176637862.       0.20220450000000001     
   458073558833.51868        4464916449.0234375        10531321948348520.       0.20220450000000001     
   460087823423.56042        2071703321.2304688        10574772985013158.       0.20220450000000001     
   463031532303.59912        1758129757.6679688        10618395397013902.       0.20220450000000001     
   466756241987.48633        680361399.42968750        10723446576339750.       0.20220450000000001     
   470914139400.68109        441268141.27343750        10829490995527188.       0.20220450000000001     
   471575938902.77307        5551164311.3632812        10600786064979416.       0.20220450000000001     
   469956329253.63776        6254210142.0507812        10376703360918258.       0.20220450000000001     
   476621822468.79395       -6114098306.6445312        10820650349608222.       0.20220450000000001     
   487498641265.73889       -6600101357.5312500        11282722680333482.       0.20220450000000001     
   489686017725.83142        3023027717.9375000        11190628698031436.       0.20220450000000001     
   490292516297.61780        3410543387.6699219        11099253636059646.       0.20220450000000001     
   492393954006.96600        849722006.14257812        11181491741442668.       0.20220450000000001     
   495462619591.79102        498138966.33203125        11264312204495042.       0.20220450000000001     
   496221340107.86804        3931160195.7031250        11117502275801398.       0.20220450000000001     
   495445216499.26483        4362594492.0917969        10972522716429476.       0.20220450000000001     
   497733229790.97357       -374558865.35156250        11126567367382322.       0.20220450000000001     
   501873092737.31268       -989694285.94726562        11282678361832920.       0.20220450000000001     
   506148446096.12482       -1106022493.8535156        11431421214484918.       0.20220450000000001     
   510449781702.78009       -1466471345.3750000        11582037678851302.       0.20220450000000001     
   512894301172.46631        810537717.33984375        11610487629138760.       0.20220450000000001     
   514852183175.06500        881318063.61718750        11639004381263972.       0.20220450000000001     
   516291872623.96753        1487103745.7675781        11629513165390184.       0.20220450000000001     
   517397156703.43604        1549776273.2753906        11620029349090474.       0.20220450000000001     
   516394656125.56976        4499587684.7441406        11422069473341824.       0.20220450000000001     
   514078186106.79779        4937035208.3203125        11227336191409434.       0.20220450000000001     
   515156307189.99744       -214118905.96289062        11356685398152290.       0.20220450000000001     
   518222220238.80560       -925470714.65039062        11487458588651526.       0.20220450000000001     
   517916263369.07605        3987968927.8105469        11310273876775984.       0.20220450000000001     
   515885436210.70593        4506607374.7031250        11135703724987894.       0.20220450000000001     
   517178591788.13959       -642834689.50000000        11273395744322566.       0.20220450000000001     
   520456470326.65735       -1155416440.0332031        11412714585474044.       0.20220450000000001     
   519146240306.86151        5265314107.0898438        11153952658157508.       0.20220450000000001     
   515495104582.29773        6003624871.4628906        10900805444417948.       0.20220450000000001     
   515721344218.58545       -54822338.648437500        11017634429737066.       0.20220450000000001     
   518334097077.74170       -669178852.65039062        11135659951045234.       0.20220450000000001     
   519224547420.97968        1676740879.0175781        11099234726789470.       0.20220450000000001     
   519380542762.44092        1821019906.9160156        11062923431762432.       0.20220450000000001     
   519885102035.44788        1085932793.0761719        11071976444478134.       0.20220450000000001     
   520640281527.94421        982185211.08593750        11081036539801150.       0.20220450000000001     
   521088512600.57214        1389930383.9765625        11062869781544250.       0.20220450000000001     
   521291869599.88855        1384472892.3437500        11044731500104710.       0.20220450000000001     
   521245545018.96387        1700480105.5917969        11008576276984836.       0.20220450000000001     
   520990449858.75195        1710523796.4179688        10972534224643844.       0.20220450000000001     
   518457654362.09766        4927281452.2656250        10749789448745928.       0.20220450000000001     
   514399349967.60345        5375219025.2265625        10531371749819642.       0.20220450000000001     
   512896528372.56647        1196668599.5976562        10557343754650610.       0.20220450000000001     
   513085977027.45490        643518561.72265625        10583376995606720.       0.20220450000000001     
   510927244211.75244        4281286739.7050781        10393757198760056.       0.20220450000000001     
   507128053543.11121        4732965898.2988281        10207388266520140.       0.20220450000000001     
   503897537763.60162        3443468195.0957031        10098777383203622.       0.20220450000000001     
   501142685665.94739        3298693150.6250000        9991272006525910.0       0.20220450000000001     
   497677549905.68610        4337672155.5214844        9827997977934082.0       0.20220450000000001     
   493664280572.27063        4464414295.1406250        9667277024033744.0       0.20220450000000001     
   489465615582.35834        4488285511.3632812        9509097417193476.0       0.20220450000000001     
   485163993869.13544        4486959426.2109375        9353394444098888.0       0.20220450000000001     
   481414915508.93671        3524130349.8144531        9245841595606552.0       0.20220450000000001     
   478027622797.44165        3322424341.8125000        9139471949819506.0       0.20220450000000001     
   474288871065.59167        3916034171.8417969        9004405781271915.0       0.20220450000000001     
   470221460992.79303        3938415525.5117188        8871249600911387.0       0.20220450000000001     
   465441996888.87427        4879264628.2714844        8696656140565603.0       0.20220450000000001     
   460145419603.97217        4982865309.1562500        8525351486495478.0       0.20220450000000001     
   453910387000.02313        6244544685.0957031        8301999595394956.0       0.20220450000000001     
   446997585442.08752        6444527908.2167969        8084250161660168.0       0.20220450000000001     
   441554232859.73853        4063516722.9609375        7977407812906827.0       0.20220450000000001     
   437238700697.22351        3696340285.1796875        7871916694243924.0       0.20220450000000001     
   433438922815.61700        3094643062.8847656        7787157496238343.0       0.20220450000000001     
   429958777677.78235        2946252780.8515625        7703271547779131.0       0.20220450000000001     
   425082071863.95355        5190901941.1640625        7525644373403820.0       0.20220450000000001     
   419081070625.72046        5512761135.4980469        7351938567798824.0       0.20220450000000001     
   414350406158.45227        3339345417.0546875        7272581176021003.0       0.20220450000000001     
   410694651056.15137        2987085709.6699219        7194043473748187.0       0.20220450000000001     
   408053350557.23938        1668321563.5781250        7164066022934051.0       0.20220450000000001     
   406139724744.30292        1435250768.3320312        7134208073661513.0       0.20220450000000001     
   403413512525.59357        2828584172.4843750        7045293015849267.0       0.20220450000000001     
   399999264058.52118        3033687980.3359375        6957438496524833.0       0.20220450000000001     
   398150004382.70056        677217178.53710938        6963257869683237.0       0.20220450000000001     
   397447273877.24634        287876038.31445312        6969081898467758.0       0.20220450000000001     
   393415406598.89001        5403779675.7265625        6773547670505051.0       0.20220450000000001     
   386880474095.66858        6199679444.1660156        6583267612125855.0       0.20220450000000001     
   385085327830.58704       -1107891043.2187500        6661010260461406.0       0.20220450000000001     
   386701914077.72974       -2517203532.9707031        6739630646848303.0       0.20220450000000001     
   371996407361.80945        21604704109.234375        5946681323706006.0       0.20220450000000001     
   346152030877.10815        24789126012.203125        5243445412295882.0       0.20220450000000001     
   341329725351.11090       -8324077527.8828125        5586839714486992.0       0.20220450000000001     
   352906396961.04010       -3084647898.9853516        5951689294139413.0       0.20220450000000001     
   351645854289.06482        1592815760.2246094        5906733739949023.0       0.20220450000000001     
   349678331660.05304        1780509126.2636719        5862103146920185.0       0.20220450000000001     
   356272986941.90076       -12561631101.819336        6078302867508430.0       0.20220450000000001     
   364719849927.72217       -18194676127.126953        6302118384443367.0       0.20220450000000001     
   364439254556.74835        954726458.43359375        6275673510250162.0       0.20220450000000001     
   363273915375.62219        1031242381.8378906        6249334808521056.0       0.20220450000000001     
   362742261992.91467        48466756.783203125        6259852191280755.0       0.20220450000000001     
   362728022789.76202       -726638899.09179688        6270386505358675.0       0.20220450000000001     
   362444755546.29120        319054925.44140625        6265127331958043.0       0.20220450000000001     
   362022470743.11212        340983045.96679688        6259872378373724.0       0.20220450000000001     
   359015218211.06476        4213057600.2783203        6114185510400582.0       0.20220450000000001     
   353883434758.45972        4892039223.2304688        5971745492789810.0       0.20220450000000001     
   349000570695.89600        3991459891.4941406        5872016824879255.0       0.20220450000000001     
   344547800954.40009        3876123373.1025391        5773882636097170.0       0.20220450000000001     
   345129967332.22052       -3175503633.4218750        5876975716035211.0       0.20220450000000001     
   348433458708.60541       -8850312611.8935547        5981828426043034.0       0.20220450000000001     
   346824108569.00360        2591679670.2089844        5896778293297155.0       0.20220450000000001     
   343637160350.31378        3013168769.7636719        5812885732170159.0       0.20220450000000001     
   341734834710.38263        769962304.35742188        5812883381431926.0       0.20220450000000001     
   341043481196.76996        424999956.71777344        5812881030694595.0       0.20220450000000001     
   338610389165.20825        3198340416.1962891        5710824966186150.0       0.20220450000000001     
   334671888585.74652        3704805392.3349609        5610484415550894.0       0.20220450000000001     
   329934583221.92957        4518620575.8144531        5488579919264224.0       0.20220450000000001     
   324698116547.60596        4684699546.8017578        5369211969907930.0       0.20220450000000001     
   319860464390.38483        3923094692.6103516        5279083847745960.0       0.20220450000000001     
   315437124898.27948        3801035470.5634766        5190404288418457.0       0.20220450000000001     
   311271600813.67865        3493582863.1738281        5111818654054744.0       0.20220450000000001     
   307284126567.27777        3399273225.2558594        5034372206764061.0       0.20220450000000001     
   303190985860.94427        3643072634.2802734        4949639308980916.0       0.20220450000000001     
   298971050955.28217        3662467022.0908203        4866271982105271.0       0.20220450000000001     
   295850367017.31696        1981993455.7167969        4837414043187859.0       0.20220450000000001     
   293718208159.90546        1640943580.7363281        4808719897022681.0       0.20220450000000001     
   289806903039.30127        4582196294.3662109        4683572719952265.0       0.20220450000000001     
   284203566817.24268        5097334971.9863281        4561545612379603.0       0.20220450000000001     
