 MNCATECH                 Loss by CS     Actual loss   Csat   molar mass
   0.0000000000000000        0.0000000000000000        1.5504642311358320E+017  0.16913480000000003     
   4.2671657050441268E-015   0.0000000000000000        1.5504598417464931E+017  0.16913480000000003     
   5428.7438488039525        2509.1822141264856        1.5504554522958643E+017  0.16913480000000003     
   18976.008156252006        491.11726558743976        1.5447492058301734E+017  0.16913480000000003     
   41819.231625016851        20130.542384644970        1.5390629065469216E+017  0.16913480000000003     
   82522.525617239895        1322.3815283030272        1.5630987185989645E+017  0.16913480000000003     
   165966.86221893455        75629.519237151369        1.5874907131411040E+017  0.16913480000000003     
   262836.00036657829        2540.8363957852125        1.6146123935029453E+017  0.16913480000000003     
   385803.19698866602        174065.22564484924        1.6421736980643523E+017  0.16913480000000003     
   541789.55369689909        4459.1282912716269        1.6146095424168218E+017  0.16913480000000003     
   682321.49307285110        328077.84330670536        1.5874851018177037E+017  0.16913480000000003     
   894038.94703509158        6374.6596190854907        1.5909985179377232E+017  0.16913480000000003     
   1157789.2830363074        7356.7022141218185        1.5945193172269581E+017  0.16913480000000003     
   1464600.2842882248        8490.3137793242931        1.5956917409557120E+017  0.16913480000000003     
   1814561.1527805310        9650.2797914147377        1.5968649831217094E+017  0.16913480000000003     
   2207497.1505778558        12454.505756556988        1.5596427353698122E+017  0.16913480000000003     
   2646267.9134984151        14366.183575361967        1.5232453886268816E+017  0.16913480000000003     
   3137894.1742465640        13512.738893568516        1.5345303579159414E+017  0.16913480000000003     
   3683178.9837724990        14797.068037003279        1.5458946934067702E+017  0.16913480000000003     
   4274600.8026610836        15657.175520598888        1.5573411259976960E+017  0.16913480000000003     
   4902897.4640697483        16417.365138113499        1.5688680134950326E+017  0.16913480000000003     
   5564821.6941754622        17806.648989439011        1.5735034927512518E+017  0.16913480000000003     
   6258936.1844101604        18586.681422829628        1.5781519762947222E+017  0.16913480000000003     
   6980705.4193256376        21521.064286768436        1.5654028703189430E+017  0.16913480000000003     
   7729952.3285884149        22667.644875109196        1.5527516096823757E+017  0.16913480000000003     
   8523341.5899750479        18966.995645284653        1.5746614235444730E+017  0.16913480000000003     
   9367074.0702129919        19743.250690639019        1.5968646069290771E+017  0.16913480000000003     
   10261848.634127891        19866.491463601589        1.6229479237333942E+017  0.16913480000000003     
   11206401.600787796        20465.009920597076        1.6494354722517110E+017  0.16913480000000003     
   12199029.777933642        21959.098281621933        1.6714124388397930E+017  0.16913480000000003     
   13239753.981720882        22573.368263721466        1.6936672621773651E+017  0.16913480000000003     
   14270368.511155356        32909.893826127052        1.6640582247543309E+017  0.16913480000000003     
   15266697.379510894        33330.698959589005        1.6349411349803360E+017  0.16913480000000003     
   16236148.181803968        32506.146740436554        1.6110487161644934E+017  0.16913480000000003     
   17182003.104539976        32918.634951829910        1.5874880946723802E+017  0.16913480000000003     
   18122788.082166035        27448.538627505302        1.5839805473485274E+017  0.16913480000000003     
   19080926.738942660        28477.302947402000        1.5804803604732496E+017  0.16913480000000003     
   20123859.997565668        24854.898797154427        1.5968676165432035E+017  0.16913480000000003     
   21300506.041898467        28196.055792570114        1.6134161354342157E+017  0.16913480000000003     
   22605391.534363993        54716.468598604202        1.5735021942410669E+017  0.16913480000000003     
   24074064.380229406        62499.252812862396        1.5345270982051123E+017  0.16913480000000003     
   25734406.266126897        59592.403196811676        1.5187445381598077E+017  0.16913480000000003     
   27598076.493576311        67349.373013973236        1.5031162105302474E+017  0.16913480000000003     
   29731505.147375003        62773.325200557709        1.5120283660586490E+017  0.16913480000000003     
   32195914.737393524        72712.692088127136        1.5209906882748144E+017  0.16913480000000003     
   35048156.855714485        92718.817402839661        1.5187456142287683E+017  0.16913480000000003     
   38370016.362967521        108572.91893267632        1.5165036873698198E+017  0.16913480000000003     
   42244996.421962380        131389.56963777542        1.5097947873457805E+017  0.16913480000000003     
   46774065.686597571        154649.70764136314        1.5031140795096710E+017  0.16913480000000003     
   52274760.332788460        237780.47895669937        1.4614633334232006E+017  0.16913480000000003     
   59235542.749088004        304220.00557613373        1.4209102091803430E+017  0.16913480000000003     
   68002977.044356823        363889.62898969650        1.3948192855994126E+017  0.16913480000000003     
   78943984.678417012        459885.88552045822        1.3691838043769134E+017  0.16913480000000003     
   92551352.798030406        485161.86213684082        1.3793821255814285E+017  0.16913480000000003     
   109275321.71092081        593249.86029148102        1.3896525679056434E+017  0.16913480000000003     
   128345241.31673646        840551.56603050232        1.3469804422576267E+017  0.16913480000000003     
   148815334.43285871        955350.62372207642        1.3055548230317050E+017  0.16913480000000003     
   170736824.82358757        746898.62916088104        1.3251302230445755E+017  0.16913480000000003     
   193884332.38313779        773740.29385852814        1.3449842031766915E+017  0.16913480000000003     
   218153528.96724284        810630.93085670471        1.3630903287493880E+017  0.16913480000000003     
   243397081.00366789        832495.31332588196        1.3814278065470485E+017  0.16913480000000003     
   270190913.71201020        1125836.8447933197        1.3712138157476365E+017  0.16913480000000003     
   299461611.90986502        1257308.5484828949        1.3610715802407987E+017  0.16913480000000003     
   331278528.61899269        1513577.4598693848        1.3399980892554533E+017  0.16913480000000003     
   365810602.95102167        1698330.8407516479        1.3192347493156392E+017  0.16913480000000003     
   403142551.94200492        2037014.9880352020        1.2891499053135146E+017  0.16913480000000003     
   443428190.93141550        2298370.5920619965        1.2597174965465413E+017  0.16913480000000003     
   487886666.52733833        2694312.8816032410        1.2299965442854562E+017  0.16913480000000003     
   538224637.82566619        3160139.1815376282        1.2009424916973941E+017  0.16913480000000003     
   595429331.11674976        3407975.0227508545        1.1840055993892600E+017  0.16913480000000003     
   660463957.15732825        3973874.3587875366        1.1672957815299672E+017  0.16913480000000003     
   734668814.95412171        3667435.8794631958        1.1787038860793354E+017  0.16913480000000003     
   818941251.09583843        4157929.9400901794        1.1902178561061576E+017  0.16913480000000003     
   916964547.78562737        4310914.9782638550        1.2162923954785734E+017  0.16913480000000003     
   1032529598.8475181        5010393.1195106506        1.2429089760169286E+017  0.16913480000000003     
   1167860258.4867396        5593812.5677566528        1.2738705488654819E+017  0.16913480000000003     
   1324947724.6166446        6368921.7360305786        1.3055638323408040E+017  0.16913480000000003     
   1505719168.5457144        7947866.2203369141        1.3251347919694427E+017  0.16913480000000003     
   1712089870.4751112        8985241.6756668091        1.3449842033175110E+017  0.16913480000000003     
   1937625143.3150020        10351408.852584839        1.3530026106758864E+017  0.16913480000000003     
   2174641095.1779542        10920705.530151367        1.3610664087410067E+017  0.16913480000000003     
   2421285037.9556899        9129911.7686767578        1.3937803853230262E+017  0.16913480000000003     
   2675897916.9096165        9067850.7313232422        1.4272402690724878E+017  0.16913480000000003     
   2938185407.1181259        9759992.5554046631        1.4539079409089130E+017  0.16913480000000003     
   3207582650.9929128        9777244.9695587158        1.4810483950248010E+017  0.16913480000000003     
   3518686580.2918262        13245373.218673706        1.5008937178613341E+017  0.16913480000000003     
   3906369771.5189667        16185447.926025391        1.5209914067611600E+017  0.16913480000000003     
   4370720778.2955132        18482952.604690552        1.5447557667998266E+017  0.16913480000000003     
   4907187595.4124832        20824869.456298828        1.5688724519883270E+017  0.16913480000000003     
   5503301029.4597063        14047060.480621338        1.6445947776223878E+017  0.16913480000000003     
   6146419445.8454466        13638955.846527100        1.7237791327124035E+017  0.16913480000000003     
   6806489207.9018059        16386736.832641602        1.7776957899463174E+017  0.16913480000000003     
   7456887463.8048172        14834862.894317627        1.8332111054957389E+017  0.16913480000000003     
   8092659911.5690956        12943727.347717285        1.8917531710566970E+017  0.16913480000000003     
   8710711754.6250515        11322479.923370361        1.9520672305658074E+017  0.16913480000000003     
   9309286314.6731930        10208636.771331787        2.0112825053888246E+017  0.16913480000000003     
   9886432768.9566689        8637985.1254577637        2.0722003633377277E+017  0.16913480000000003     
   10457040090.202562        9907070.9897766113        2.1240208652152362E+017  0.16913480000000003     
   11025946229.501478        8976495.1978149414        2.1770699090336202E+017  0.16913480000000003     
   11575539894.108782        3493288.6361083984        2.2541405379720400E+017  0.16913480000000003     
   12096528059.490337        1740303.3463745117        2.3337961585644413E+017  0.16913480000000003     
   12571340988.907146       -5854382.4068603516        2.4441327233523472E+017  0.16913480000000003     
   12997332624.985027       -8762750.8488769531        2.5594080537235274E+017  0.16913480000000003     
   13368470406.645390        2068507.4241333008        2.6095778553427469E+017  0.16913480000000003     
   13664321877.198782        274103.46582031250        2.6606799545983245E+017  0.16913480000000003     
   13891278659.039270       -3370332.6898193359        2.7361404901028272E+017  0.16913480000000003     
   14057335844.389450       -3957216.5955200195        2.8136288663524435E+017  0.16913480000000003     
   14190641333.357866        3242872.5580444336        2.8197097193720304E+017  0.16913480000000003     
   14304846647.028900        3032224.6610107422        2.8258030398403821E+017  0.16913480000000003     
   14393367562.268227       -4117824.4419555664        2.9036808459632506E+017  0.16913480000000003     
   14475519624.188490       -3653969.6173095703        2.9835921905972154E+017  0.16913480000000003     
   14564388498.177963       -1429398.6384277344        3.0285973454896422E+017  0.16913480000000003     
   14652365904.911232       -1715586.5942993164        3.0742460792239885E+017  0.16913480000000003     
   14749462943.008816        4404264.7577514648        3.0655064674050906E+017  0.16913480000000003     
   14848464604.949286        4510732.4086303711        3.0567904313387962E+017  0.16913480000000003     
   14930620104.956055       -3061476.6638183594        3.1361841978205107E+017  0.16913480000000003     
   15012824854.925024       -3262261.1986083984        3.2175316763428448E+017  0.16913480000000003     
   15106025050.358686       -1708421.2676391602        3.2682295441931450E+017  0.16913480000000003     
   15200464175.783823       -1757433.7550048828        3.3196846119811546E+017  0.16913480000000003     
   15289083550.893881       -2667398.2498779297        3.3934796989221990E+017  0.16913480000000003     
   15375502140.575750       -2514415.7895507812        3.4688291207806586E+017  0.16913480000000003     
   15454870204.797411       -3168887.5413208008        3.5608918092156915E+017  0.16913480000000003     
   15528999232.884010       -3065560.8832397461        3.6552689303372141E+017  0.16913480000000003     
   15616839353.214933        2463043.6713256836        3.6552231159189024E+017  0.16913480000000003     
   15702245658.593576        2318081.9141235352        3.6551773020452589E+017  0.16913480000000003     
   15794204924.399569        8775707.0610351562        3.5886777516144781E+017  0.16913480000000003     
   15885270053.221863        9037256.6651000977        3.5233268388464570E+017  0.16913480000000003     
   15945255702.148054       -3350994.2526855469        3.6141812358538803E+017  0.16913480000000003     
   16001259275.393553       -2720285.6000366211        3.7072548834529018E+017  0.16913480000000003     
   16067465184.081711       -1695174.4604492188        3.7678964434687226E+017  0.16913480000000003     
   16138690992.846439       -1694398.4497070312        3.8294780281176448E+017  0.16913480000000003     
   16239406055.571547        9113813.6115722656        3.7546292708243629E+017  0.16913480000000003     
   16350901677.083630        9615136.2208862305        3.6811694656601421E+017  0.16913480000000003     
   16416678885.309584       -2536574.5947265625        3.8375675933422131E+017  0.16913480000000003     
   16475344148.074680       -1887412.4061279297        4.0002540511199302E+017  0.16913480000000003     
   16585101929.007170        8743384.3597412109        3.9250190296111226E+017  0.16913480000000003     
   16705463749.253206        9184261.1290893555        3.8511272849845882E+017  0.16913480000000003     
   16813822323.655678        1664260.1032104492        3.8619880005686771E+017  0.16913480000000003     
   16918116103.651089        1577232.2467041016        3.8728777608539578E+017  0.16913480000000003     
   16992854387.078640       -1789799.8715820312        4.0115402491803117E+017  0.16913480000000003     
   17059412847.532036       -1462039.6781616211        4.1549023494613434E+017  0.16913480000000003     
   17154923466.215040        2422766.8455810547        4.1519656848356678E+017  0.16913480000000003     
   17254361679.510807        2473592.8767700195        4.1490309886377696E+017  0.16913480000000003     
   17342643627.675358       -438171.55957031250        4.2194911420530944E+017  0.16913480000000003     
   17427280652.816048       -142266.34368896484        4.2910850157554317E+017  0.16913480000000003     
   17510381763.134327       -280643.46343994141        4.3485339459593114E+017  0.16913480000000003     
   17589909700.802460       -375107.27911376953        4.4067116976920934E+017  0.16913480000000003     
   17702401819.811665        16530169.121887207        4.2195039110136691E+017  0.16913480000000003     
   17828081455.549744        17828263.113342285        4.0398546535482310E+017  0.16913480000000003     
   17888945601.398285        10307.110412597656        4.2284202024099347E+017  0.16913480000000003     
   17928704064.893829        138529.11682128906        4.4253122159227514E+017  0.16913480000000003     
   18009255046.878849        7086108.2460937500        4.3546478379859155E+017  0.16913480000000003     
   18089208137.143433        7234800.1306152344        4.2850543441695917E+017  0.16913480000000003     
   18131492795.894848        129151.47430419922        4.4036528125641382E+017  0.16913480000000003     
   18158758118.396671       -46062.962768554688        4.5253594194075910E+017  0.16913480000000003     
   18222015107.398651        12372690.008117676        4.3790958561906432E+017  0.16913480000000003     
   18293713228.152367        13079421.752136230        4.2373225440329446E+017  0.16913480000000003     
   18332465303.063583        52147.196777343750        4.3273245733013466E+017  0.16913480000000003     
   18359144789.702187       -217096.67956542969        4.4191373895170227E+017  0.16913480000000003     
   18377214269.254910        350578.07263183594        4.5475676879393171E+017  0.16913480000000003     
   18394323830.034317        633774.23059082031        4.6795318056685901E+017  0.16913480000000003     
   18431097241.217472       -102474.68438720703        4.7090031765269018E+017  0.16913480000000003     
   18470993084.492737       -117260.06201171875        4.7386504732731597E+017  0.16913480000000003     
   18512083660.052227        432016.23211669922        4.7518856611397850E+017  0.16913480000000003     
   18552638983.132195        434598.79827880859        4.7651558930744531E+017  0.16913480000000003     
   18590860926.368725       -41991.038696289062        4.7851095554077510E+017  0.16913480000000003     
   18625936404.173691       -98027.704406738281        4.8051424204876115E+017  0.16913480000000003     
   18655414832.375656       -12226.256103515625        4.8454399370901075E+017  0.16913480000000003     
   18680737900.832783       -151149.23297119141        4.8860577256513478E+017  0.16913480000000003     
   18715534113.044991        4197362.1478271484        4.8386917246542067E+017  0.16913480000000003     
   18754726497.205292        4278759.7751464844        4.7917612885956653E+017  0.16913480000000003     
   18787417033.932106        113798.97790527344        4.8085154510171917E+017  0.16913480000000003     
   18815905789.620125        95428.222534179688        4.8253251449144582E+017  0.16913480000000003     
   18840614345.938301        166682.97485351562        4.8657630546564608E+017  0.16913480000000003     
   18863461766.790703        59995.044189453125        4.9065221218161216E+017  0.16913480000000003     
   18899790842.679165        6930767.1633300781        4.8185407395264442E+017  0.16913480000000003     
   18942601219.636528        7199338.8183593750        4.7320565391172096E+017  0.16913480000000003     
   18944847551.477325        901712.23699951172        4.9031264764858080E+017  0.16913480000000003     
   18934057299.466469        1420409.9110107422        5.0800488523578650E+017  0.16913480000000003     
   18957121311.020813        3082889.9219360352        5.0448766017286656E+017  0.16913480000000003     
   18984856895.249382        3164085.7698364258        5.0099353003673216E+017  0.16913480000000003     
   19004373183.227970       -55165.807373046875        5.0413846435931123E+017  0.16913480000000003     
   19018271302.670170        340329.23986816406        5.0730210896253222E+017  0.16913480000000003     
   19039665617.073170        4358755.4688110352        5.0169169676887571E+017  0.16913480000000003     
   19062868019.649399        4455255.7114868164        4.9614014306592218E+017  0.16913480000000003     
   19069633942.616394        1114618.6403198242        5.0203844921402637E+017  0.16913480000000003     
   19068101167.261784        1016506.6114501953        5.0800319369200883E+017  0.16913480000000003     
   19065357533.976395        1016722.8593139648        5.1367472287960595E+017  0.16913480000000003     
   19061986845.396671        570994.61352539062        5.1940624550370688E+017  0.16913480000000003     
   19065549481.785042        148717.29437255859        5.2048759381511968E+017  0.16913480000000003     
   19069474227.930138        620026.28424072266        5.2157107606646963E+017  0.16913480000000003     
   19074257584.981281        827475.43548583984        5.2121050618971994E+017  0.16913480000000003     
   19077839191.377151        829945.78509521484        5.2085017262904480E+017  0.16913480000000003     
   19085124129.536530        5130036.9119873047        5.1331847596009043E+017  0.16913480000000003     
   19091886451.968227        5226937.2249755859        5.0589010813606976E+017  0.16913480000000003     
   19080670809.800037        728887.44708251953        5.1082647903736877E+017  0.16913480000000003     
   19057054488.783142        623368.78411865234        5.1580849191598182E+017  0.16913480000000003     
   19042722592.505051        4443842.8914794922        5.0905626057253850E+017  0.16913480000000003     
   19028827643.915009        4517685.3258056641        5.0238788412963648E+017  0.16913480000000003     
   18996236173.950459        966669.09771728516        5.0764887341995878E+017  0.16913480000000003     
   18952649570.569855        1043014.6886596680        5.1296206469743629E+017  0.16913480000000003     
   18923105516.470417        6226511.8554077148        5.0308571365075450E+017  0.16913480000000003     
   18895849247.820801        6402282.0608520508        4.9338982128776403E+017  0.16913480000000003     
   18847471406.600082        342045.25659179688        4.9786875083753907E+017  0.16913480000000003     
   18784144689.513954        933060.86730957031        5.0238621002790176E+017  0.16913480000000003     
   18725143127.105797        524091.74096679688        5.0099280650456013E+017  0.16913480000000003     
   18661646685.067066        561386.62255859375        4.9960306749228211E+017  0.16913480000000003     
   18589792956.454853        575869.91864013672        4.9994961761303443E+017  0.16913480000000003     
   18509981622.684944        231430.44085693359        5.0029639563074291E+017  0.16913480000000003     
   18423520298.843643        261655.67114257812        4.9960101362845299E+017  0.16913480000000003     
   18328700677.686562        92119.938659667969        4.9890654803652467E+017  0.16913480000000003     
   18227053955.959427        63071.314880371094        4.9752174377242842E+017  0.16913480000000003     
   18118340233.181808        6181.3861694335938        4.9614058417997376E+017  0.16913480000000003     
   18012279472.788017        4316628.7111816406        4.8758938707010989E+017  0.16913480000000003     
   17905337470.500988        4382948.5900878906        4.7917804974258182E+017  0.16913480000000003     
   17782986509.917553        239529.04058837891        4.8017962256922170E+017  0.16913480000000003     
   17651934605.039383        230268.20837402344        4.8118318017207782E+017  0.16913480000000003     
   17525960338.059799        3305408.7446899414        4.7386483610183731E+017  0.16913480000000003     
   17392922883.723164        3189007.1580200195        4.6665210836240710E+017  0.16913480000000003     
   17242826858.366138        816758.43096923828        4.6243948068997158E+017  0.16913480000000003     
   17075585282.141293        544933.50024414062        4.5826292784754419E+017  0.16913480000000003     
   16893917199.224241        1846975.1207275391        4.5190664252686048E+017  0.16913480000000003     
   16695187508.699503        1506810.7429809570        4.4563401511444288E+017  0.16913480000000003     
   16478985012.209381        1249633.0752563477        4.3944503787485971E+017  0.16913480000000003     
   16251222816.808693        970674.92626953125        4.3333762344945453E+017  0.16913480000000003     
   16012993856.116123       -361083.61993408203        4.2910984710583117E+017  0.16913480000000003     
   15766701571.080215        374481.72747802734        4.2492120457098144E+017  0.16913480000000003     
   15517044626.922720        37704.807189941406        4.1959181873896435E+017  0.16913480000000003     
   15263524140.980583       -267512.64080810547        4.1432586032546278E+017  0.16913480000000003     
   15009209016.190979        1140694.7702636719        4.0740286979479430E+017  0.16913480000000003     
   14751746112.781199        1013122.9020996094        4.0058967576566925E+017  0.16913480000000003     
   14484188771.950644        1926705.0498046875        3.9167498723784518E+017  0.16913480000000003     
   14185804540.686037        1956493.7081298828        3.8294866570292275E+017  0.16913480000000003     
   13889473368.381523       -672999.46337890625        3.7865389702429850E+017  0.16913480000000003     
   13602798916.066572       -700539.10949707031        3.7440483761618016E+017  0.16913480000000003     
   13331104278.736122       -914835.42419433594        3.7098455020383802E+017  0.16913480000000003     
   13077051077.412697       -1260846.5714721680        3.6759391204637504E+017  0.16913480000000003     
   12848945867.295513        2079810.1549682617        3.6039561852646291E+017  0.16913480000000003     
   12644518674.152843        2626228.7974243164        3.5333116126323488E+017  0.16913480000000003     
   12457185273.900059       -375819.33416748047        3.5009533187071450E+017  0.16913480000000003     
   12286362323.143475       -173335.87341308594        3.4688762516298106E+017  0.16913480000000003     
   12126091300.283104       -1256524.1132202148        3.4566185509957946E+017  0.16913480000000003     
   11978289474.701008       -1120839.0917968750        3.4444019443480000E+017  0.16913480000000003     
   11850308727.066616        1061207.2713012695        3.4079753746522477E+017  0.16913480000000003     
   11743183571.468678        1535030.3779296875        3.3719144318491622E+017  0.16913480000000003     
   11650577861.633461       -1156225.1648559570        3.3743051998453421E+017  0.16913480000000003     
   11572060480.068834       -1264965.7124938965        3.3766975757730701E+017  0.16913480000000003     
   11519864214.265697        7438011.9544982910        3.2962082362035680E+017  0.16913480000000003     
   11489072488.058212        8236355.2161865234        3.2175411853763283E+017  0.16913480000000003     
   11458985673.439405       -2663953.9534912109        3.2497234486899078E+017  0.16913480000000003     
   11430896123.763390       -2602642.6192626953        3.2822109190947750E+017  0.16913480000000003     
   11445566631.159248        41687291.407836914        2.9517656015872563E+017  0.16913480000000003     
   11490356748.531868        48945491.859283447        2.6530499463996186E+017  0.16913480000000003     
   11487181631.089802       -18274134.960845947        2.7996300035517136E+017  0.16913480000000003     
   11454324725.809469       -18728163.214874268        2.9538728147729843E+017  0.16913480000000003     
   11461316896.910975        3210841.1919250488        2.9349470801553920E+017  0.16913480000000003     
   11473309500.683107        3134183.2725219727        2.9161364328625914E+017  0.16913480000000003     
   11466812389.956305       -8784804.3230285645        3.0070592105749498E+017  0.16913480000000003     
   11456942538.938747       -8907356.5229797363        3.1006673470255578E+017  0.16913480000000003     
   11463680144.499859        1854337.6893310547        3.0896338186234643E+017  0.16913480000000003     
   11471586979.745155        1906098.8211669922        3.0786375459012384E+017  0.16913480000000003     
   11477144008.867266       -4148.3917541503906        3.0830293442814861E+017  0.16913480000000003     
   11480443715.228600       -1198009.2375793457        3.0874270861234528E+017  0.16913480000000003     
   11485953408.737156        750497.94955444336        3.0852316889242451E+017  0.16913480000000003     
   11490726756.721819        721766.48846435547        3.0830377728298099E+017  0.16913480000000003     
   11501069967.237730        8427692.2569274902        3.0221015632270189E+017  0.16913480000000003     
   11516321748.279421        8869816.0000305176        2.9623091952778618E+017  0.16913480000000003     
   11531048587.376469        6754364.9149780273        2.9203166723336320E+017  0.16913480000000003     
   11544564036.324442        6863563.4693908691        2.8788893512019382E+017  0.16913480000000003     
   11546351644.616377       -4608635.6489562988        2.9224072539409126E+017  0.16913480000000003     
   11541584978.018694       -5020096.4123840332        2.9665488196984512E+017  0.16913480000000003     
   11543470371.360426        5322598.1795959473        2.9307529971385946E+017  0.16913480000000003     
   11544760401.337997        5439132.8152465820        2.8953672412368659E+017  0.16913480000000003     
   11540221894.697218        276927.39688110352        2.8953662486138643E+017  0.16913480000000003     
   11530581836.567356        98873.348052978516        2.8953652559911789E+017  0.16913480000000003     
   11522587386.637356        6434613.9279174805        2.8522130268231555E+017  0.16913480000000003     
   11516915710.456011        6734979.6550292969        2.8096714914264525E+017  0.16913480000000003     
   11513924327.272617        8664379.5823974609        2.7578310684754874E+017  0.16913480000000003     
   11513891248.159760        8992907.0018005371        2.7068990964606413E+017  0.16913480000000003     
   11513571553.370161        7198490.0711364746        2.6683289446799117E+017  0.16913480000000003     
   11512206304.936302        7264678.7239379883        2.6302806804709251E+017  0.16913480000000003     
   11509183861.240042        6643336.5912170410        2.5964804438605706E+017  0.16913480000000003     
   11504214324.124956        6695604.1802978516        2.5630926550615872E+017  0.16913480000000003     
   11495586377.905977        7322910.2207946777        2.5264738365610234E+017  0.16913480000000003     
   11482583432.400539        7345104.4550476074        2.4903518670483978E+017  0.16913480000000003     
   11464966030.671276        2523939.1249694824        2.4778262042740243E+017  0.16913480000000003     
   11443150479.322054        2350984.0194091797        2.4653603450579821E+017  0.16913480000000003     
   11424151350.257008        11477262.004241943        2.4108579520768637E+017  0.16913480000000003     
   11409608165.235630        12082756.333221436        2.3575003665815232E+017  0.16913480000000003     
