 MMALNACO3H               Loss by CS     Actual loss   Csat   molar mass
   0.0000000000000000        0.0000000000000000        1284606820438706.0       0.20911099999999999     
   4.3111930798700584E-038   0.0000000000000000        1284602267474476.8       0.20911099999999999     
   8.7377611704934753E-019   8.5632080712815052E-019   1284597714449912.8       0.20911099999999999     
   1.0884643194303732E-017   8.1352463327385303E-018   1278681573358968.0       0.20911099999999999     
   5.9681319757233627E-017   5.8597384861607650E-017   1272791590265697.8       0.20911099999999999     
   2.2722374111734972E-016   1.5354418661616277E-016   1297725581063301.2       0.20911099999999999     
   7.6996634011166172E-016   7.5396360410844703E-016   1323128055514565.2       0.20911099999999999     
   1.7136985989248408E-015   1.0447039083515914E-015   1351488990923163.5       0.20911099999999999     
   3.5408144681148059E-015   3.4683451615023680E-015   1380432914619686.5       0.20911099999999999     
   6.1439434258286167E-015   3.5797343932722087E-015   1351486003212878.0       0.20911099999999999     
   9.8425780521661934E-015   9.6554668439876434E-015   1323122200352967.8       0.20911099999999999     
   1.4742519131683762E-014   8.5222374482523677E-015   1326789311200251.2       0.20911099999999999     
   2.2964914738605536E-014   1.1259533439345362E-014   1330466176443254.8       0.20911099999999999     
   3.4579530928237745E-014   1.5659853984023201E-014   1331691024516302.8       0.20911099999999999     
   5.0364525033745386E-014   2.1594050445953775E-014   1332916954726181.0       0.20911099999999999     
   7.0582148402414588E-014   2.9559836868759041E-014   1294134466654133.8       0.20911099999999999     
   9.5536385882465099E-014   3.8892841313882691E-014   1256436371876153.0       0.20911099999999999     
   1.2672721133026974E-013   4.8621736631830773E-014   1268100611385459.8       0.20911099999999999     
   1.6538577999140368E-013   6.0764536932077532E-014   1279868754545539.0       0.20911099999999999     
   2.1346118908277164E-013   7.5904131930168920E-014   1291743975056217.5       0.20911099999999999     
   2.7313791973865849E-013   9.4423895589522396E-014   1303724917844071.2       0.20911099999999999     
   3.4510271884621358E-013   1.1653534320659865E-013   1308549261412623.2       0.20911099999999999     
   4.3040525993882221E-013   1.4138833812952273E-013   1313390737914307.2       0.20911099999999999     
   5.2918120645408386E-013   1.7170353660928096E-013   1300120939084206.5       0.20911099999999999     
   6.4220633338916989E-013   2.0428734036363487E-013   1286979882218043.8       0.20911099999999999     
   7.7108318843512395E-013   2.3013921686884126E-013   1309754929745272.8       0.20911099999999999     
   9.1550262044858690E-013   2.5933249088749413E-013   1332916561603066.2       0.20911099999999999     
   1.0764330439716186E-012   2.8909182344861123E-013   1360229638192683.0       0.20911099999999999     
   1.2548734211425063E-012   3.2066645662855414E-013   1388079465731786.0       0.20911099999999999     
   1.4506401543483841E-012   3.5547692630007413E-013   1411272533878385.0       0.20911099999999999     
   1.6642637774205011E-012   3.9030193317527516E-013   1434837298474516.2       0.20911099999999999     
   1.9077799781456226E-012   4.7250770040409980E-013   1403502762465726.5       0.20911099999999999     
   2.2042796581866984E-012   5.6821895890879858E-013   1372825589631506.0       0.20911099999999999     
   2.5680504962085753E-012   6.8330389083460814E-013   1347755580583359.5       0.20911099999999999     
   3.0131120475349225E-012   8.2837354912718073E-013   1323125323260491.5       0.20911099999999999     
   3.6826519381357668E-012   1.0807912089772383E-012   1319466376263161.2       0.20911099999999999     
   4.7786609607935336E-012   1.5608751899644188E-012   1315817142725254.8       0.20911099999999999     
   6.4518871395614563E-012   2.2539331039422564E-012   1332919706665002.5       0.20911099999999999     
   8.8676088912036614E-012   3.2376915389729201E-012   1350235524917469.0       0.20911099999999999     
   1.2140488066481761E-011   4.7190247470257931E-012   1308547909494787.5       0.20911099999999999     
   1.6443739890449965E-011   6.5611801078424418E-012   1268097238990385.0       0.20911099999999999     
   2.2102894598211468E-011   8.7956547802809677E-012   1251790318457129.5       0.20911099999999999     
   2.9448183166593352E-011   1.1697946545627007E-011   1235684788213152.0       0.20911099999999999     
   3.8830650777970252E-011   1.5023526055841150E-011   1244863927510413.8       0.20911099999999999     
   5.0649002592330912E-011   1.9185978222178856E-011   1254108498958142.0       0.20911099999999999     
   6.5261250746392002E-011   2.4453916035097857E-011   1251791428827091.0       0.20911099999999999     
   8.3125101182990120E-011   3.0700308975193369E-011   1249478468174253.5       0.20911099999999999     
   1.0475364033239702E-010   3.8270901321551300E-011   1242562152992505.2       0.20911099999999999     
   1.3070588487939511E-010   4.7168871501621586E-011   1235682594989841.2       0.20911099999999999     
   1.5837921879473675E-010   5.7223289583160848E-011   1192966849010831.2       0.20911099999999999     
   1.8600482153929784E-010   6.5768016751862472E-011   1151670529137453.0       0.20911099999999999     
   2.1488066411157375E-010   7.3372966621607768E-011   1125257549526187.8       0.20911099999999999     
   2.4550702908819299E-010   8.1829470587517678E-011   1099426629961227.6       0.20911099999999999     
   2.7948887114638554E-010   8.7511691583781752E-011   1109688228254244.1       0.20911099999999999     
   3.1759243513299888E-010   9.5593228261020053E-011   1120041738235647.2       0.20911099999999999     
   3.6249734802958208E-010   1.1687641852630194E-010   1077152214935804.5       0.20911099999999999     
   4.1822991056333835E-010   1.4280902680217255E-010   1035841807213127.1       0.20911099999999999     
   4.9170839582125990E-010   1.6438446788213770E-010   1055322226719312.5       0.20911099999999999     
   5.8742997677930096E-010   1.9815960049865833E-010   1075154095544732.5       0.20911099999999999     
   7.0783173799199106E-010   2.4293114218638706E-010   1093304524827994.4       0.20911099999999999     
   8.5785692404415002E-010   2.9899243024286714E-010   1111748910046796.5       0.20911099999999999     
   1.0273197845349513E-009   3.6841895727325430E-010   1101467706040587.2       0.20911099999999999     
   1.2092094642401802E-009   4.3408498124099929E-010   1091277810617852.8       0.20911099999999999     
   1.4085485271637529E-009   5.1054333618615947E-010   1070166551318931.4       0.20911099999999999     
   1.6284411036993740E-009   5.9318599447881143E-010   1049447674473424.4       0.20911099999999999     
   1.8695176827575013E-009   6.9206619530503710E-010   1019573043741411.9       0.20911099999999999     
   2.1326781251911883E-009   7.9900565335223088E-010   990515818607630.50       0.20911099999999999     
   2.4081786441884882E-009   9.0766447530493758E-010   961346866863144.88       0.20911099999999999     
   2.6914083697499324E-009   1.0167010114835854E-009   933003594937937.00       0.20911099999999999     
   2.9945283831313044E-009   1.1189732744990455E-009   916560342634469.12       0.20911099999999999     
   3.3229081187788613E-009   1.2383397941650547E-009   900395532402047.75       0.20911099999999999     
   3.6848136752083922E-009   1.3173199292796647E-009   911425282936207.75       0.20911099999999999     
   4.0831689493705463E-009   1.4178741817584336E-009   922584699638042.00       0.20911099999999999     
   4.4802404579154203E-009   1.4615935151168096E-009   947956705952475.75       0.20911099999999999     
   4.8636583594087700E-009   1.4843539253490828E-009   973997908114359.88       0.20911099999999999     
   5.2507363878077661E-009   1.4912198122193342E-009   1004467345215570.5       0.20911099999999999     
   5.6496829048180747E-009   1.5007412944323531E-009   1035850755970846.4       0.20911099999999999     
   6.0446512681977321E-009   1.5460514898291271E-009   1055326781988984.9       0.20911099999999999     
   6.4306806398198549E-009   1.5720580887091594E-009   1075154095685656.6       0.20911099999999999     
   6.8560203337181021E-009   1.6764270431541665E-009   1083184575196115.1       0.20911099999999999     
   7.3380748778467549E-009   1.8059878708362032E-009   1091272619684424.5       0.20911099999999999     
   7.9161485202391001E-009   1.8685786585248975E-009   1124208385978105.1       0.20911099999999999     
   8.6107017195142951E-009   1.9984506419439106E-009   1158097258820530.5       0.20911099999999999     
   9.3867449158292356E-009   2.1916162283950565E-009   1185250840435767.5       0.20911099999999999     
   1.0240613428909173E-008   2.3931284165494967E-009   1213015005052322.2       0.20911099999999999     
   1.0820785554445245E-008   2.3456684952903663E-009   1233397848814730.8       0.20911099999999999     
   1.1121778480136418E-008   2.0919545787751595E-009   1254109240623308.0       0.20911099999999999     
   1.1364604117071862E-008   1.8327207658167059E-009   1278688372504016.8       0.20911099999999999     
   1.1603750793380023E-008   1.6273699331230273E-009   1303729535459245.8       0.20911099999999999     
   1.1999837327109006E-008   1.2126482271063342E-009   1382981333802559.2       0.20911099999999999     
   1.2596001772581886E-008   1.0121322182799522E-009   1466845901910705.2       0.20911099999999999     
   1.3264885643029105E-008   1.0920704272805391E-009   1524510466603813.5       0.20911099999999999     
   1.3966197885032042E-008   1.1377329238071672E-009   1584347220401891.8       0.20911099999999999     
   1.4728269678976245E-008   1.1701028750209302E-009   1647942920124567.0       0.20911099999999999     
   1.5562475582414412E-008   1.2115695875562320E-009   1713984440215424.5       0.20911099999999999     
   1.6459418331523044E-008   1.2739950533832957E-009   1779325365734915.5       0.20911099999999999     
   1.7421209763880297E-008   1.3295908865415494E-009   1847052938559505.0       0.20911099999999999     
   1.8317988512161395E-008   1.3651692172810672E-009   1905063261951642.0       0.20911099999999999     
   1.9137044629703598E-008   1.3034646136185769E-009   1964819593327418.8       0.20911099999999999     
   2.0041171772926477E-008   1.0923436697631864E-009   2052289073334772.2       0.20911099999999999     
   2.1066556590583303E-008   9.9317665596326937E-010   2143488027446659.2       0.20911099999999999     
   2.2272540171046263E-008   7.5012379446107936E-010   2271112153303993.5       0.20911099999999999     
   2.3673360444966496E-008   6.5721033817700220E-010   2406009044311418.5       0.20911099999999999     
   2.5123981737067882E-008   1.2174739328316132E-009   2465202831434979.0       0.20911099999999999     
   2.6690297411377355E-008   1.6015795343288425E-009   2525792306719131.0       0.20911099999999999     
   2.8548754224054625E-008   1.7753353223821412E-009   2615799169105332.5       0.20911099999999999     
   3.0701895739265854E-008   2.0369668097921803E-009   2708878377749143.5       0.20911099999999999     
   3.3176305132343723E-008   3.1493687367418018E-009   2716210336286613.5       0.20911099999999999     
   3.6394969801560324E-008   4.3551176316558044E-009   2723561327809142.0       0.20911099999999999     
   4.0898548302377728E-008   5.1304788176972123E-009   2817863127694447.0       0.20911099999999999     
   4.6921724285211160E-008   6.5528533296841112E-009   2915292501156322.5       0.20911099999999999     
   5.4495169977900057E-008   8.8463936511918043E-009   2970455118387858.5       0.20911099999999999     
   6.4117857876691332E-008   1.1537107932401848E-008   3026618123214523.5       0.20911099999999999     
   7.6211280181474880E-008   1.5747420123394254E-008   3015849136859847.5       0.20911099999999999     
   9.1690168936575563E-008   2.0760218965363217E-008   3005116908727761.0       0.20911099999999999     
   1.1131548571399815E-007   2.4413418634132383E-008   3103158901364539.0       0.20911099999999999     
   1.3567904186244047E-007   2.9399789537851589E-008   3204264723383961.5       0.20911099999999999     
   1.6447707715244569E-007   3.5831884723721655E-008   3267604413075750.0       0.20911099999999999     
   1.9792458804686825E-007   4.2347572625965592E-008   3332143965979823.5       0.20911099999999999     
   2.3905484581073432E-007   4.9861950065972409E-008   3425144864934474.0       0.20911099999999999     
   2.9058864083093842E-007   6.0149488446374943E-008   3520632308101175.5       0.20911099999999999     
   3.5556312346680175E-007   7.2565322374147309E-008   3638010986101857.0       0.20911099999999999     
   4.3737139885040731E-007   8.8536409354576800E-008   3759137523703407.5       0.20911099999999999     
   5.3269554111383469E-007   1.1317026324869422E-007   3759078530822686.0       0.20911099999999999     
   6.4173482049806345E-007   1.3615768731388669E-007   3759019538829817.5       0.20911099999999999     
   7.6694950862676207E-007   1.7024459194701433E-007   3673589221663127.0       0.20911099999999999     
   9.1222984387236630E-007   2.0678018817270747E-007   3590022571724156.0       0.20911099999999999     
   1.0780938667563639E-006   2.1137584734537128E-007   3706306123623960.5       0.20911099999999999     
   1.2612704725476556E-006   2.2227095173899024E-007   3826196908968017.5       0.20911099999999999     
   1.4582822209592663E-006   2.4250563166506613E-007   3904721658247561.0       0.20911099999999999     
   1.6707404377863949E-006   2.6017017389362037E-007   3984790489123983.5       0.20911099999999999     
   1.8724893632712531E-006   3.0845667368049055E-007   3887514569225821.0       0.20911099999999999     
   2.0560370910316895E-006   3.3017104738927722E-007   3792518117084934.0       0.20911099999999999     
   2.2935232203684484E-006   2.8164079566406181E-007   3995332866939743.0       0.20911099999999999     
   2.6025082539956638E-006   2.8907755049079249E-007   4208525371495733.0       0.20911099999999999     
   2.8802623350114354E-006   3.8662736682323830E-007   4109656264152416.0       0.20911099999999999     
   3.1067156652457232E-006   4.1181247609853192E-007   4013016521923319.0       0.20911099999999999     
   3.3461141386764734E-006   3.9009519329512884E-007   4027191683549720.0       0.20911099999999999     
   3.6068364191036590E-006   3.9482089582644931E-007   4041414851636412.0       0.20911099999999999     
   3.9432117984725296E-006   3.4901996449559851E-007   4223397693317106.5       0.20911099999999999     
   4.3712301216944002E-006   3.6658940538990834E-007   4413223604232470.0       0.20911099999999999     
   4.7887590435003224E-006   4.7879373839761793E-007   4409318368577990.5       0.20911099999999999     
   5.1807344277217786E-006   5.1944294092537923E-007   4405416446496598.0       0.20911099999999999     
   5.6192815482437398E-006   4.9896362039876063E-007   4499290489163888.5       0.20911099999999999     
   6.1100548233212443E-006   5.1422632057143030E-007   4595080809100735.0       0.20911099999999999     
   6.6576284865251424E-006   5.6751669949271799E-007   4672238024629056.0       0.20911099999999999     
   7.2792498950201246E-006   6.2914444461093216E-007   4750636543294558.0       0.20911099999999999     
   7.7897325431746651E-006   9.0835599239567628E-007   4499307537305551.5       0.20911099999999999     
   8.1732563954194029E-006   1.0074104915608806E-006   4260755251332850.0       0.20911099999999999     
   8.8190697434347210E-006   6.8223786290713706E-007   4511215064420742.0       0.20911099999999999     
   9.7664571654668100E-006   6.6765733005154067E-007   4775757313645948.0       0.20911099999999999     
   1.0644177436481337E-005   1.0560512591056685E-006   4680464540324847.0       0.20911099999999999     
   1.1444121396963321E-005   1.2113564789461195E-006   4586996311361212.0       0.20911099999999999     
   1.2545081536943990E-005   1.1101219051147678E-006   4746507949422068.0       0.20911099999999999     
   1.4040061818610755E-005   1.2677164923893987E-006   4911330255859146.0       0.20911099999999999     
   1.5457220574559649E-005   1.9150541355893603E-006   4713389535586639.0       0.20911099999999999     
   1.6750647996905805E-005   2.2296995423353762E-006   4523110281868522.0       0.20911099999999999     
   1.8350182367254492E-005   1.9451346639594498E-006   4643722493283651.0       0.20911099999999999     
   2.0257744134668692E-005   1.9747375472828690E-006   4767414995972444.0       0.20911099999999999     
   2.2418560306136758E-005   1.9728206858177395E-006   4941527723421503.0       0.20911099999999999     
   2.4850131807775693E-005   2.0622134617239319E-006   5121727734442605.0       0.20911099999999999     
   2.7306666362441005E-005   2.4787818786469904E-006   5162148264267060.0       0.20911099999999999     
   2.9789983464413177E-005   2.6780759591072669E-006   5202874513952811.0       0.20911099999999999     
   3.2367335345411491E-005   2.9068667676591681E-006   5221076368976764.0       0.20911099999999999     
   3.5049858895465427E-005   3.0879246022273883E-006   5239339262210150.0       0.20911099999999999     
   3.7906860994771856E-005   3.2508656630109980E-006   5266824242067744.0       0.20911099999999999     
   4.0963771505708651E-005   3.4490316440679951E-006   5294447416993404.0       0.20911099999999999     
   4.4310299522678159E-005   3.5817192599808985E-006   5350101320794305.0       0.20911099999999999     
   4.7975196584489498E-005   3.8123539914821335E-006   5406315817255386.0       0.20911099999999999     
   5.1389351240612203E-005   4.3979156128508973E-006   5340773364361530.0       0.20911099999999999     
   5.4464533377667045E-005   4.5534582892553088E-006   5275993040829261.0       0.20911099999999999     
   5.7726791695143426E-005   4.2761577497536871E-006   5299101326121562.0       0.20911099999999999     
   6.1199999763565047E-005   4.2863192015228993E-006   5322306623536133.0       0.20911099999999999     
   6.4864873892737872E-005   4.1655348920637859E-006   5378213457394372.0       0.20911099999999999     
   6.8693583356608815E-005   4.1754515285603432E-006   5434683028380058.0       0.20911099999999999     
   7.1815553893759502E-005   5.1180069027721101E-006   5312938489375335.0       0.20911099999999999     
   7.4241005939734228E-005   5.2548492669444221E-006   5193810907503361.0       0.20911099999999999     
   7.7951427977879589E-005   3.0983850211412610E-006   5429974004720444.0       0.20911099999999999     
   8.2926212625832263E-005   2.6750041841332346E-006   5676412191950293.0       0.20911099999999999     
   8.6917835666983794E-005   4.3983844945656020E-006   5627245145195787.0       0.20911099999999999     
   8.9938302045917850E-005   4.6070464496386285E-006   5578486485761315.0       0.20911099999999999     
   9.3261910009506687E-005   4.0576885792331478E-006   5622368468117058.0       0.20911099999999999     
   9.6965631210017581E-005   4.0197819363703251E-006   5666581245725027.0       0.20911099999999999     
   1.0011706978527130E-004   4.9363604791106269E-006   5588222180032173.0       0.20911099999999999     
   1.0274965616080661E-004   5.1175529828849722E-006   5510902448328509.0       0.20911099999999999     
   1.0610335122414045E-004   3.8922724728209131E-006   5593058793961877.0       0.20911099999999999     
   1.1009320212076491E-004   3.6629043160861866E-006   5676388525283227.0       0.20911099999999999     
   1.1410421489436651E-004   3.5312123736444719E-006   5755851218591998.0       0.20911099999999999     
   1.1806426733787788E-004   3.3736861838142874E-006   5836379625066106.0       0.20911099999999999     
   1.2155083588062210E-004   3.7822454725367459E-006   5851597892910922.0       0.20911099999999999     
   1.2458514938838513E-004   3.6906441113933319E-006   5866854194087115.0       0.20911099999999999     
   1.2729042949365856E-004   3.7348959717243592E-006   5861776191902750.0       0.20911099999999999     
   1.2972936129805867E-004   3.6121270742249002E-006   5856702403053670.0       0.20911099999999999     
   1.3142852733865547E-004   4.5215913730117102E-006   5750853369613453.0       0.20911099999999999     
   1.3259428365906318E-004   4.6858875981940946E-006   5646839537321099.0       0.20911099999999999     
   1.3481147571496659E-004   2.9834008070466454E-006   5715917209168696.0       0.20911099999999999     
   1.3789923044948456E-004   2.6761530256278268E-006   5785804517872968.0       0.20911099999999999     
   1.3991152340434002E-004   4.2576720942376009E-006   5691126001196377.0       0.20911099999999999     
   1.4093999415773549E-004   4.4333925949416667E-006   5597933676410419.0       0.20911099999999999     
   1.4294315333774317E-004   2.5914554339519745E-006   5671431610378210.0       0.20911099999999999     
   1.4580857419134672E-004   2.2192820020756898E-006   5745854090541794.0       0.20911099999999999     
   1.4710998150791762E-004   4.4167976839845462E-006   5607671487601552.0       0.20911099999999999     
   1.4703701520603484E-004   4.6642985397568615E-006   5472677726355340.0       0.20911099999999999     
   1.4820311715004982E-004   2.3614725723191538E-006   5534954498671680.0       0.20911099999999999     
   1.5047879316497701E-004   1.9170932711062676E-006   5597910319380242.0       0.20911099999999999     
   1.5219761990720867E-004   2.6921064755110191E-006   5578476398129041.0       0.20911099999999999     
   1.5329481983553578E-004   2.6491786674900583E-006   5559107162377663.0       0.20911099999999999     
   1.5438094236684409E-004   2.2183070170116517E-006   5563935871438110.0       0.20911099999999999     
   1.5547160554042777E-004   2.0160553480448075E-006   5568768601171510.0       0.20911099999999999     
   1.5634112677710333E-004   2.0314268287507237E-006   5559078547070105.0       0.20911099999999999     
   1.5700416567551075E-004   1.8992659373486161E-006   5549404657959949.0       0.20911099999999999     
   1.5754122879565698E-004   1.9408523893212071E-006   5530124509416988.0       0.20911099999999999     
   1.5798854750192134E-004   1.8948560967422222E-006   5510908583347963.0       0.20911099999999999     
   1.5747572131414618E-004   3.1224323651791834E-006   5392238074391692.0       0.20911099999999999     
   1.5618607145310033E-004   3.2712764744978126E-006   5276019523075936.0       0.20911099999999999     
   1.5586704039079327E-004   1.5573821063648990E-006   5289831348415407.0       0.20911099999999999     
   1.5637282892105747E-004   1.2366445114749512E-006   5303677834679264.0       0.20911099999999999     
   1.5580395724833261E-004   2.5435565446565306E-006   5202871610070798.0       0.20911099999999999     
   1.5425039419080281E-004   2.5822732471082049E-006   5103903686070225.0       0.20911099999999999     
   1.5281020471887425E-004   1.9208324966665281E-006   5046278865781790.0       0.20911099999999999     
   1.5155163493717541E-004   1.7176549729001726E-006   4989278079933520.0       0.20911099999999999     
   1.4998684885732008E-004   2.0193081947182494E-006   4902780207679408.0       0.20911099999999999     
   1.4815628119009382E-004   1.9927100241103925E-006   4817721083934492.0       0.20911099999999999     
   1.4626222596123589E-004   1.9415987228803971E-006   4734091737182004.0       0.20911099999999999     
   1.4435073392800109E-004   1.8962505648986196E-006   4651855231169603.0       0.20911099999999999     
   1.4267481969895620E-004   1.4913875813152982E-006   4595098849993443.0       0.20911099999999999     
   1.4119090793727619E-004   1.3805556399923945E-006   4539006743730845.0       0.20911099999999999     
   1.3959608777387080E-004   1.5812839341835215E-006   4467839896296283.5       0.20911099999999999     
   1.3787818388050836E-004   1.5809000343779134E-006   4397743612569300.5       0.20911099999999999     
   1.3590520510868421E-004   1.9154272367489199E-006   4305931921191085.0       0.20911099999999999     
   1.3373042090773692E-004   1.9472309676451562E-006   4215959694172155.5       0.20911099999999999     
   1.3122270181350690E-004   2.3971494113434431E-006   4098818422790245.0       0.20911099999999999     
   1.2845808731170531E-004   2.4625804071541461E-006   3984801731391724.0       0.20911099999999999     
   1.2625484132748629E-004   1.5802740539637081E-006   3928926229840213.0       0.20911099999999999     
   1.2456307595839778E-004   1.4073413192616270E-006   3873802479731678.5       0.20911099999999999     
   1.2309493894439860E-004   1.1851612531791136E-006   3829544918163015.5       0.20911099999999999     
   1.2176953940112830E-004   1.1235246850298079E-006   3785772464158923.5       0.20911099999999999     
   1.1995023404362223E-004   1.9151482060970372E-006   3693181998956090.5       0.20911099999999999     
   1.1767842598330640E-004   2.0413465712547027E-006   3602765366611781.5       0.20911099999999999     
   1.1586094590631293E-004   1.2698812240767056E-006   3561502062346625.0       0.20911099999999999     
   1.1450143237535715E-004   1.1146310593089515E-006   3520692200271419.5       0.20911099999999999     
   1.1355131786699980E-004   6.5754175857142549E-007   3505122479818708.5       0.20911099999999999     
   1.1285915052204993E-004   5.7844152233279406E-007   3489618804968039.5       0.20911099999999999     
   1.1189665605242501E-004   1.0443631273705789E-006   3443473528849566.5       0.20911099999999999     
   1.1066643238305133E-004   1.1291247620191791E-006   3397913784710433.5       0.20911099999999999     
   1.1000775316523528E-004   2.8805253943784206E-007   3400930516812222.0       0.20911099999999999     
   1.0980082499940874E-004   9.7630169444088560E-008   3403949817467703.5       0.20911099999999999     
   1.0839915910009011E-004   1.9236011602323001E-006   3302666261243240.0       0.20911099999999999     
   1.0603624929777955E-004   2.2218427851426227E-006   3204276580092476.0       0.20911099999999999     
   1.0534686157593189E-004  -3.7904608333810472E-007   3244454784995228.0       0.20911099999999999     
   1.0605210418518105E-004   2.4534569659142441E-007   3285115926507072.5       0.20911099999999999     
   1.0102415191420996E-004   7.2316822673774810E-006   2876409075312048.0       0.20911099999999999     
   9.1963816719319250E-005   8.2141230651300128E-006   2516726963020702.0       0.20911099999999999     
   8.9984843757817153E-005  -2.0572941345788597E-006   2692014511839698.5       0.20911099999999999     
   9.4053003695102264E-005  -8.8608495203597315E-006   2878980261673632.5       0.20911099999999999     
   9.3785824275435163E-005   6.3868718231351040E-007   2855904005058072.0       0.20911099999999999     
   9.3084075265458503E-005   6.5970110447143016E-007   2833005226575567.5       0.20911099999999999     
   9.5370426146544461E-005  -8.1208582139312598E-006   2944029940451061.5       0.20911099999999999     
   9.8353933044936477E-005  -1.0416941723157859E-005   3059221419039427.5       0.20911099999999999     
   9.8355058552806784E-005   4.1478892137247064E-007   3045597719687395.5       0.20911099999999999     
   9.7935655847105116E-005   4.1459265217582905E-007   3032032223174115.5       0.20911099999999999     
   9.7737212159889025E-005   6.9984133461466203E-008   3037448680143878.0       0.20911099999999999     
   9.7764664399922714E-005  -3.0506439829608087E-007   3042874417270538.5       0.20911099999999999     
   9.7696634184747314E-005   1.5807644675701338E-007   3040165590643506.0       0.20911099999999999     
   9.7568254647413112E-005   1.6740172138242360E-007   3037459077044012.5       0.20911099999999999     
   9.6575469918593868E-005   1.4333419555648957E-006   2962480424056317.0       0.20911099999999999     
   9.4790197417825962E-005   1.6814615636136232E-006   2889278823022144.0       0.20911099999999999     
   9.3076414509004907E-005   1.3777175945383670E-006   2838090750408754.0       0.20911099999999999     
   9.1544030447273408E-005   1.3141834426179562E-006   2787773191555184.0       0.20911099999999999     
   9.1788407951235492E-005   1.8975184444243801E-007   2840634763040521.0       0.20911099999999999     
   9.2943364009752660E-005  -4.0634669343205324E-006   2894457063335179.0       0.20911099999999999     
   9.2452986987892079E-005   8.9201495926836613E-007   2850795204288976.0       0.20911099999999999     
   9.1358612748442496E-005   1.0379603302408495E-006   2807765490333193.0       0.20911099999999999     
   9.0677956616509110E-005   3.1303551416891201E-007   2807764285137323.5       0.20911099999999999     
   9.0456347879440833E-005   1.6573283760602450E-007   2807763079941948.0       0.20911099999999999     
   8.9686065148829726E-005   1.0592108393076873E-006   2755468513414427.0       0.20911099999999999     
   8.8363063561640713E-005   1.2423570776957937E-006   2704108937787832.0       0.20911099999999999     
   8.6771238813228795E-005   1.4913958025098567E-006   2641787782742054.5       0.20911099999999999     
   8.5015656585263655E-005   1.5346346813713448E-006   2580845728703840.5       0.20911099999999999     
   8.3398431135849098E-005   1.2835469983324063E-006   2534886784980399.5       0.20911099999999999     
   8.1943220299880021E-005   1.2255890350896820E-006   2489713528721038.5       0.20911099999999999     
   8.0585444118397862E-005   1.1202155422874310E-006   2449721689666139.5       0.20911099999999999     
   7.9297972515245238E-005   1.0818712918533348E-006   2410346512355185.0       0.20911099999999999     
   7.7986770212110760E-005   1.1481846868891237E-006   2367309402001510.0       0.20911099999999999     
   7.6638829913524398E-005   1.1496044898392458E-006   2325010034467099.5       0.20911099999999999     
   7.5636377508040242E-005   6.3698055637745332E-007   2310378267507288.0       0.20911099999999999     
   7.4975337283199423E-005   5.1777871458501094E-007   2295834863779596.0       0.20911099999999999     
   7.3780355090595289E-005   1.3954978386710674E-006   2232467712525039.2       0.20911099999999999     
   7.2016597821205255E-005   1.5672113549730811E-006   2170780449481081.0       0.20911099999999999     
