 NCATECOOH                Loss by CS     Actual loss   Csat   molar mass
   0.0000000000000000        0.0000000000000000        2450582992.0435991       0.23712110000000003     
   1.7873813814332762E-021   0.0000000000000000        2450570133.2917023       0.23712110000000003     
   9.8409567385259779E-003   9.6561608461085413E-003   2450557274.3913350       0.23712110000000003     
   5.6420077744719570E-002   5.5360079993260314E-002   2433867106.9513602       0.23712110000000003     
  0.19084630022782767       0.18758897963644294        2417287561.6221557       0.23712110000000003     
  0.52143222481319662       0.51251912555624912        2487724572.8856130       0.23712110000000003     
   1.3444444312216350        1.3181830322021284        2560157004.6276336       0.23712110000000003     
   2.3888299723538995        2.3420806524103313        2641818215.1829300       0.23712110000000003     
   3.9825699569467536        3.9059548165445221        2726011540.7867866       0.23712110000000003     
   6.0830507900479009        5.9658488405893877        2641809568.7444963       0.23712110000000003     
   8.2856104903021031        8.1375747432614389        2560140231.6353693       0.23712110000000003     
   11.654016882642949        11.445323692225884        2570652205.1928630       0.23712110000000003     
   16.005991629918800        15.718963502045540        2581206169.4378562       0.23712110000000003     
   21.597881727200456        21.210032911250210        2584725052.5802360       0.23712110000000003     
   28.356544057981981        27.846595759931915        2588248602.5899048       0.23712110000000003     
   36.027552296628677        35.379007316800653        2477539457.4567389       0.23712110000000003     
   44.404009499674913        43.603857918119957        2371443144.3581777       0.23712110000000003     
   53.700486075690009        52.731257804279267        2404109404.5516253       0.23712110000000003     
   64.106175843568579        62.947274686415767        2437213321.8626509       0.23712110000000003     
   75.770615646804728        74.398640473133128        2470767071.8224320       0.23712110000000003     
   88.642835765068241        87.035188007831493        2504770115.0846100       0.23712110000000003     
   102.33214413105961        100.47337519031043        2518504603.7182341       0.23712110000000003     
   116.57308818377749        114.45238524696833        2532312356.6819253       0.23712110000000003     
   131.06418739730310        128.67660557024010        2494525822.6162868       0.23712110000000003     
   145.62675721268690        142.97024927797611        2457288114.0207753       0.23712110000000003     
   160.30525214664846        157.37592093654530        2521940843.3740802       0.23712110000000003     
   175.29124687798725        172.08260301983864        2588247472.4316554       0.23712110000000003     
   190.80789856712246        187.30910501863218        2667152946.7204342       0.23712110000000003     
   206.90058562991521        203.10008889311393        2748396944.3963914       0.23712110000000003     
   223.43763200290641        219.32640228555829        2816657338.1816101       0.23712110000000003     
   240.32112158301899        235.89174673905291        2886566077.0236688       0.23712110000000003     
   259.37991179917151        254.59377989324457        2793729303.3519936       0.23712110000000003     
   282.98879946588863        277.76084932787489        2703800033.3849983       0.23712110000000003     
   311.25879594117151        305.50137387596988        2631020889.9061427       0.23712110000000003     
   344.06589343537286        337.69337109520711        2560149177.6698890       0.23712110000000003     
   392.66289154001021        385.37876668194804        2549674541.1058326       0.23712110000000003     
   474.29520318795983        465.48180694776966        2539241607.4493198       0.23712110000000003     
   593.09277691927400        582.04870015557026        2588256513.9234881       0.23712110000000003     
   749.87335680548892        735.87583383785386        2638191489.2500339       0.23712110000000003     
   939.32640502183915        921.75030029661866        2518500751.5109849       0.23712110000000003     
   1154.8249927209729        1133.1531024302167        2404099939.0480814       0.23712110000000003     
   1395.6613804888664        1369.3760998021753        2358472110.2216558       0.23712110000000003     
   1661.4432249304600        1630.0258954977035        2313687307.8144441       0.23712110000000003     
   1953.4747148493657        1916.3605369606521        2339177675.0005174       0.23712110000000003     
   2279.2608229074408        2235.7336530706525        2364941210.5842443       0.23712110000000003     
   2639.4222070139213        2588.7377016886603        2358475207.4360933       0.23712110000000003     
   3031.8561057782954        2973.2825187416456        2352026406.6030488       0.23712110000000003     
   3454.4608332917910        3387.2838647953176        2332777158.2267919       0.23712110000000003     
   3906.6403431522767        3830.1304414207698        2313681228.0993457       0.23712110000000003     
   4360.2591170355290        4274.2268899950432        2196260875.7076483       0.23712110000000003     
   4801.5509308684923        4706.0443631172238        2084646872.9184849       0.23712110000000003     
   5261.0941716801881        5155.5394540030393        2014256765.8150241       0.23712110000000003     
   5762.9688406385703        5646.2856905853841        1946181513.9384463       0.23712110000000003     
   6330.5709800239765        6201.1516518273856        1973134110.4369056       0.23712110000000003     
   6989.9446885890020        6845.6142891456257        2000449782.9264073       0.23712110000000003     
   7779.6731716191598        7617.3450275092619        1888092561.2061455       0.23712110000000003     
   8691.9366761642614        8508.5203721050639        1781885437.8829401       0.23712110000000003     
   9733.4479377467851        9525.6688257480855        1831719961.0841472       0.23712110000000003     
   10914.118554526107        10678.408511694171        1882909695.6838789       0.23712110000000003     
   12193.739751648844        11927.206221924629        1930158916.1222930       0.23712110000000003     
   13547.651753624106        13247.831005012034        1978561086.2375381       0.23712110000000003     
   14897.081652976489        14563.097746719024        1951532909.3635733       0.23712110000000003     
   16173.150267260222        15805.620136770303        1924864138.9239562       0.23712110000000003     
   17425.123971207569        17023.548066007788        1869992844.3017945       0.23712110000000003     
   18691.453198118830        18254.396675887168        1816644806.8772299       0.23712110000000003     
   19983.998265293987        19509.619006725028        1740610338.6748452       0.23712110000000003     
   21303.939376134313        20790.288683824241        1667676161.0611703       0.23712110000000003     
   22708.069173570220        22151.731615453726        1595488565.3058054       0.23712110000000003     
   24329.425884957254        23723.459956373437        1526345324.7816093       0.23712110000000003     
   26212.346201373770        25548.487078020931        1486690446.9466300       0.23712110000000003     
   28377.684514201355        27646.615875340067        1448038867.8301218       0.23712110000000003     
   30728.689588875110        29923.716484578559        1474376238.6032307       0.23712110000000003     
   33220.540060718042        32335.827821409097        1501179561.6683171       0.23712110000000003     
   35676.643675542306        34711.238082144875        1562699453.9659011       0.23712110000000003     
   38013.328486416780        36968.676720151212        1626670105.4680028       0.23712110000000003     
   40428.432241272174        39300.736361580901        1702568269.4764166       0.23712110000000003     
   43086.807143487502        41867.627072790405        1781908227.8569014       0.23712110000000003     
   46060.764254340327        44738.815999752376        1831731666.4070258       0.23712110000000003     
   49369.380333399022        47932.662757831160        1882909696.0492506       0.23712110000000003     
   53210.639780866557        51640.503755799960        1903767755.8010583       0.23712110000000003     
   57553.076074141776        55831.522934489418        1924850583.7082703       0.23712110000000003     
   62425.984802978419        60535.779956184328        2011477006.6669853       0.23712110000000003     
   68002.259477493353        65920.078880060464        2101892356.9844301       0.23712110000000003     
   74172.461062567876        71876.586733977310        2175263084.6963797       0.23712110000000003     
   80873.495750843067        78343.882798285689        2251123538.7466950       0.23712110000000003     
   86472.702200565807        83740.192336561624        2307350625.0814238       0.23712110000000003     
   90778.618734423726        87882.181513523683        2364943281.1908689       0.23712110000000003     
   95357.994946657433        92288.227714406326        2433886266.9209256       0.23712110000000003     
   100889.81284284194        97615.092686655931        2504783249.3743329       0.23712110000000003     
   108274.42467692433        104740.55539281899        2733465475.5063519       0.23712110000000003     
   118606.00628339770        114718.54056359828        2982411353.4566932       0.23712110000000003     
   132404.36576518370        128043.32900958695        3157622506.0915031       0.23712110000000003     
   149235.39208926700        144295.87366764620        3342832058.9699492       0.23712110000000003     
   168495.47786396492        162892.98280850425        3543394926.0110331       0.23712110000000003     
   190153.01869278087        183803.55687007681        3755645416.5299020       0.23712110000000003     
   214018.54750293633        206843.33971736394        3969550070.5404472       0.23712110000000003     
   240035.44272192378        231957.91532019805        4195288164.9876809       0.23712110000000003     
   264983.52692369791        256033.47235543653        4391833322.9812689       0.23712110000000003     
   288197.81589731557        278430.49648657627        4597324266.9894094       0.23712110000000003     
   312847.32072462555        302221.01333211735        4903560108.5478382       0.23712110000000003     
   340666.04003336350        329075.20397945866        5229602629.3713312       0.23712110000000003     
   372837.83611296531        360148.87069424056        5697148709.7378368       0.23712110000000003     
   410896.00579395471        396912.91203383543        6205254192.5263948       0.23712110000000003     
   463257.49067081884        447460.29407564364        6432622297.9847107       0.23712110000000003     
   530495.38429548044        512367.55750915222        6668085238.9698648       0.23712110000000003     
   601852.54031871236        581260.50960529223        7022902590.1718426       0.23712110000000003     
   667343.43636223057        644488.03841691464        7396056011.3890190       0.23712110000000003     
   750367.61390639539        724600.45696207881        7425715313.8731728       0.23712110000000003     
   885110.41728756612        854631.62274603918        7455490274.2332315       0.23712110000000003     
   1066712.5718995349        1029953.9874871448        7840867282.7296591       0.23712110000000003     
   1284080.1031153926        1239809.1567648649        8245590294.5853510       0.23712110000000003     
   1535692.8531524583        1482664.9809295833        8477650772.1568203       0.23712110000000003     
   1823980.1617978411        1760892.7515223920        8716057853.4643364       0.23712110000000003     
   2152508.7436314425        2077836.1529563516        8670178242.5215149       0.23712110000000003     
   2523389.4985519126        2435556.4116010070        8624533530.2624493       0.23712110000000003     
   2937294.5844233367        2834929.2224253565        9044402935.9666824       0.23712110000000003     
   3425741.2703879923        3306256.2346415818        9484124087.4618034       0.23712110000000003     
   3972551.7528540436        3833766.7169061005        9763027793.1024189       0.23712110000000003     
   4541822.7658752659        4382887.6397150308        10049901019.646229       0.23712110000000003     
   5176337.2459779419        4994998.3464436829        10467996484.645958       0.23712110000000003     
   5924677.4658413194        5716907.4729797244        10902986737.191149       0.23712110000000003     
   6788898.7660104763        6550666.8579158187        11445517693.239712       0.23712110000000003     
   7743112.5730724968        7471225.5315371156        12014263914.313816       0.23712110000000003     
   8690843.7938319352        8384906.6894537210        12013984741.096844       0.23712110000000003     
   9552310.5763218105        9215138.0065018833        12013705574.188145       0.23712110000000003     
   10373436.719274517        10005856.744211853        11611644203.574839       0.23712110000000003     
   11182370.829603799        10784483.400016189        11222679232.072121       0.23712110000000003     
   11935256.992107231        11510202.274262965        11765094684.536345       0.23712110000000003     
   12718869.051334016        12265841.477206171        12332968483.407042       0.23712110000000003     
   13508186.325416449        13026723.347912729        12709589709.741114       0.23712110000000003     
   14293817.496715711        13784038.679738700        13097384780.649952       0.23712110000000003     
   14909942.738024145        14376604.495894551        12626746449.685461       0.23712110000000003     
   15270147.832689229        14722064.666748166        12172568900.219099       0.23712110000000003     
   15825183.511088505        15257883.188594103        13148725733.740990       0.23712110000000003     
   16798458.720778983        16197437.992702127        14200831507.322964       0.23712110000000003     
   17420235.425518759        16795452.140141070        13709643480.032047       0.23712110000000003     
   17542971.505742200        16911912.014039457        13234990740.191805       0.23712110000000003     
   17625764.917167820        16990715.680024683        13304272640.714983       0.23712110000000003     
   17814652.155244298        17172047.838368297        13373907132.323874       0.23712110000000003     
   18377243.872019719        17715245.968778014        14275202679.278448       0.23712110000000003     
   19328289.245227925        18633206.735721946        15235447339.710527       0.23712110000000003     
   20053795.788685195        19331942.306390166        15215488729.689342       0.23712110000000003     
   20459882.094546776        19722500.633297920        15195555542.040768       0.23712110000000003     
   20908857.910275754        20155154.153695583        15677461710.238802       0.23712110000000003     
   21407276.156433180        20635617.483569145        16174214159.864229       0.23712110000000003     
   21986841.496590506        21194161.398209214        16577980326.833561       0.23712110000000003     
   22682125.967654362        21864225.035603404        16991539490.418139       0.23712110000000003     
   23037903.012143824        22204433.718010426        15677549670.493837       0.23712110000000003     
   22938696.351782858        22105262.417833090        14462569904.362568       0.23712110000000003     
   23195745.336165573        22353985.132560253        15739025945.365812       0.23712110000000003     
   24022167.913007900        23152467.257519603        17124752213.438507       0.23712110000000003     
   24432144.786397345        23546198.432363391        16621220347.035337       0.23712110000000003     
   24378808.850449644        23492888.713317037        16132095181.554432       0.23712110000000003     
   24656605.937409699        23760914.239298820        16969678349.309912       0.23712110000000003     
   25547144.948739592        24619973.432650328        17849481534.627903       0.23712110000000003     
   26123614.376060646        25173222.694138885        16794645607.275801       0.23712110000000003     
   26086753.273404576        25134552.507030368        15800516626.767990       0.23712110000000003     
   25945728.061182752        24998134.834998488        16428381144.891140       0.23712110000000003     
   26066336.018996142        25114616.110535741        17080476344.477112       0.23712110000000003     
   26390128.915409073        25427512.584273338        18012231293.807308       0.23712110000000003     
   26862621.674838927        25883774.114324570        18993327981.787632       0.23712110000000003     
   27207323.668808114        26215479.276121259        19215706964.727680       0.23712110000000003     
   27437918.252013728        26437027.209830761        19440616397.084827       0.23712110000000003     
   27620791.195283346        26612417.923971653        19541410040.772640       0.23712110000000003     
   27665411.089350834        26654543.147398710        19642711663.166248       0.23712110000000003     
   27642640.314923763        26631781.263050795        19795487118.309093       0.23712110000000003     
   27596094.416344397        26586161.631221414        19949417517.294609       0.23712110000000003     
   27558631.705366157        26549520.893361449        20260722768.487030       0.23712110000000003     
   27551441.466386862        26542116.520386457        20576748636.907005       0.23712110000000003     
   27343040.272112805        26340054.745577574        20208436845.194752       0.23712110000000003     
   26971483.339620899        25980621.128779769        19846537393.819012       0.23712110000000003     
   26675600.639068522        25694659.018761039        19975389561.897884       0.23712110000000003     
   26468225.133736167        25494217.003373027        20105054878.852314       0.23712110000000003     
   26283372.674643733        25315724.861870408        20418564617.874546       0.23712110000000003     
   26098720.338996604        25137481.715097189        20736824998.191204       0.23712110000000003     
   25714850.289117847        24766348.557936072        20052675327.924473       0.23712110000000003     
   25120568.059780877        24192232.875417829        19390489413.162560       0.23712110000000003     
   24737638.496754017        23824272.980311275        20710224066.819881       0.23712110000000003     
   24703210.568224136        23792566.181796670        22117116958.136364       0.23712110000000003     
   24418818.259802368        23518012.066273570        21834034550.800751       0.23712110000000003     
   23925268.457051501        23041723.408485174        21554475701.427044       0.23712110000000003     
   23560478.993697211        22689903.141013026        21806021389.276489       0.23712110000000003     
   23364715.437773943        22501082.012161851        22060419973.200001       0.23712110000000003     
   23122065.562696453        22266566.017672777        21610201992.886631       0.23712110000000003     
   22759194.782383896        21916085.112431169        21168921446.925179       0.23712110000000003     
   22398603.418374069        21568587.375985503        21637903731.400692       0.23712110000000003     
   22067166.597698107        21249431.478773236        22116980411.104683       0.23712110000000003     
   21698027.783632904        20893943.013432264        22576986881.673119       0.23712110000000003     
   21442999.442696556        20648386.217347741        23046288938.786667       0.23712110000000003     
   21209722.029109314        20423462.135943651        23135329408.130550       0.23712110000000003     
   20884981.476413075        20110407.718533754        23224704260.751427       0.23712110000000003     
   20511058.727508418        19749908.755823493        23194943753.518070       0.23712110000000003     
   20107353.702696528        19360723.681616127        23165220320.090820       0.23712110000000003     
   19732716.184016760        18999279.372343004        22547963990.154854       0.23712110000000003     
   19356382.214536417        18636068.117911279        21946708548.808964       0.23712110000000003     
   19007758.841989171        18300098.832511783        22345426023.205574       0.23712110000000003     
   18703664.737499975        18007307.645261407        22751181824.910484       0.23712110000000003     
   18249709.814528249        17569686.089155912        22202062620.280663       0.23712110000000003     
   17633220.551441729        16975374.058721304        21665836313.001396       0.23712110000000003     
   17059721.639534157        16422973.601624787        22088387065.533520       0.23712110000000003     
   16599168.222403724        15979569.975390613        22518944926.761559       0.23712110000000003     
   16035096.469996344        15435939.420224488        21721668007.418549       0.23712110000000003     
   15348420.707115483        14774047.083019674        20951859454.350033       0.23712110000000003     
   14749123.465384673        14196768.910460055        21305874765.692280       0.23712110000000003     
   14303772.052119303        13768031.221407175        21665702451.688938       0.23712110000000003     
   13808875.404678985        13291343.982519805        21554417984.910679       0.23712110000000003     
   13240578.303916771        12743947.811814904        21443689284.887768       0.23712110000000003     
   12669094.878550075        12193536.290589511        21471276378.978310       0.23712110000000003     
   12088564.024243090        11634444.082619011        21498897974.417652       0.23712110000000003     
   11495734.446764980        11063502.094421268        21443525835.946098       0.23712110000000003     
   10902127.074641138        10491820.799159646        21388292351.519100       0.23712110000000003     
   10343057.084801447        9953387.3418933153        21278349606.293324       0.23712110000000003     
   9781058.9959270433        9412146.2621645629        21168956343.381504       0.23712110000000003     
   9168268.2662412617        8821956.2306785583        20497457551.621300       0.23712110000000003     
   8527392.3733917978        8204680.7693144381        19846684904.194527       0.23712110000000003     
   7924727.6424921285        7624278.6107783616        19923667492.353951       0.23712110000000003     
   7382437.2594524873        7102105.0017052591        20000940357.047298       0.23712110000000003     
   6772931.9017728381        6515199.5125885010        19440600330.208542       0.23712110000000003     
   6127280.7209851835        5893449.4019103944        18895534009.406944       0.23712110000000003     
   5531336.1244045673        5319577.6278131008        18580492269.553421       0.23712110000000003     
   4981242.6151768519        4789895.0440064073        18270559562.462696       0.23712110000000003     
   4455753.6671402352        4283941.5818713158        17803488124.141544       0.23712110000000003     
   3949392.1797976997        3796418.6779240072        17348033618.125893       0.23712110000000003     
   3484862.9802391171        3349202.2411448956        16903988899.625748       0.23712110000000003     
   3054208.5948426574        2934621.7045737356        16471002499.220922       0.23712110000000003     
   2649927.4236977855        2545423.0759394616        16174308189.992331       0.23712110000000003     
   2279172.8967993595        2188524.0401700810        15882812644.677471       0.23712110000000003     
   1941229.4393987833        1863244.1493587121        15515464897.653629       0.23712110000000003     
   1638140.7979637641        1571533.8425704017        15156383199.516283       0.23712110000000003     
   1367036.8865280487        1310662.3893431798        14690211142.680443       0.23712110000000003     
   1132343.8669143128        1084854.9507980384        14237992131.647053       0.23712110000000003     
   903882.39625108184        865103.26799225807        13656142725.845264       0.23712110000000003     
   671159.25830209232        641259.90473900735        13097439495.288942       0.23712110000000003     
   530539.34354890569        505992.57567304745        12826419596.753769       0.23712110000000003     
   441678.28784075158        420553.98512152396        12560855891.471464       0.23712110000000003     
   380503.42504770844        361749.29274266958        12348951036.193056       0.23712110000000003     
   334642.12503617269        317685.10842802562        12140523912.906837       0.23712110000000003     
   296524.46379352204        281158.38476396538        11703460679.508757       0.23712110000000003     
   263604.33115121757        249629.64895675611        11281712719.201017       0.23712110000000003     
   236400.98978310035        223520.66736586392        11090917468.611584       0.23712110000000003     
   214053.39953449380        202085.17550484557        10903261374.582619       0.23712110000000003     
   196838.95089413752        185548.00838327687        10831941614.242838       0.23712110000000003     
   183065.66229330981        172322.73002569377        10761075581.781689       0.23712110000000003     
   170503.73036444248        160314.54759087041        10551045539.525391       0.23712110000000003     
   159091.20710557047        149411.22907089721        10345003905.675957       0.23712110000000003     
   149831.03698934935        140498.37225178629        10358606091.006014       0.23712110000000003     
   142703.37395823732        133637.80992539693        10372225667.650156       0.23712110000000003     
   135297.43186535029        126681.75267401664        9918540306.1686745       0.23712110000000003     
   127758.18468164316        119589.77992719226        9484176050.0701637       0.23712110000000003     
   122819.43843437187        114776.65976542933        9660788799.4212475       0.23712110000000003     
   120478.92167709162        112462.35935798008        9840598202.6738682       0.23712110000000003     
   116026.67167608193        108818.24374491349        8083275419.2582331       0.23712110000000003     
   107562.33076308652        101188.50546657201        6632680890.8742876       0.23712110000000003     
   100500.17847959258        94158.362249567639        7327984620.0075073       0.23712110000000003     
   99647.979538539206        93074.790073399898        8093976186.8708677       0.23712110000000003     
   99209.625441648997        92690.169375058729        7998102105.1669779       0.23712110000000003     
   96891.377442504338        90496.829158595297        7903332833.7110319       0.23712110000000003     
   95303.659087941414        88810.305330742151        8366223251.3240833       0.23712110000000003     
   94886.982998054082        88240.079946107231        8855437502.8590145       0.23712110000000003     
   93474.164169087337        86905.220512282103        8797108638.9568119       0.23712110000000003     
   90720.620652261699        84280.631824354641        8739153476.8543415       0.23712110000000003     
   87809.980539105221        81476.232170364819        8762279004.2370968       0.23712110000000003     
   85055.427237164957        78821.789816322736        8785464039.5219193       0.23712110000000003     
   82317.089923222738        76195.497661954490        8773886306.9521275       0.23712110000000003     
   79561.721285691063        73552.778570305323        8762323412.8131256       0.23712110000000003     
   76270.240658544673        70504.246152633335        8443973316.4075260       0.23712110000000003     
   72533.668394958557        67023.546266356716        8136882802.8745222       0.23712110000000003     
   69086.981076345386        63787.952053598361        7924348171.6135607       0.23712110000000003     
   66052.850101337957        60946.728740699356        7717216366.3179121       0.23712110000000003     
   63953.901373994238        58855.203420734731        7934867806.6565952       0.23712110000000003     
   62710.636723091127        57584.129506037338        8158484577.3649282       0.23712110000000003     
   61171.897288091357        56171.695696474053        7976926960.1400270       0.23712110000000003     
   59109.423906963704        54254.601188474335        7799301147.2326050       0.23712110000000003     
   57203.761380534677        52425.702019522665        7799296190.4211206       0.23712110000000003     
   55604.435663595534        50890.971099269576        7799291233.6125317       0.23712110000000003     
   53852.213922770490        49284.285771376453        7585176731.4976759       0.23712110000000003     
   51912.685972113941        47495.829988225130        7376783333.0285501       0.23712110000000003     
   49909.662496468023        45660.394915606594        7126458634.0260315       0.23712110000000003     
   47963.246989297688        43876.121094828937        6884403282.4476547       0.23712110000000003     
   46196.334945803392        42242.861881217454        6703664808.0227747       0.23712110000000003     
   44626.670469457131        40797.303107785294        6527544652.7448387       0.23712110000000003     
   43191.394845969851        39473.280517812818        6372901705.6366301       0.23712110000000003     
   41855.972804843608        38243.707630347461        6221824395.3915949       0.23712110000000003     
   40627.912314469475        37121.571997515392        6058048935.5759430       0.23712110000000003     
   39440.447184562741        36036.754587612348        5898469581.9110785       0.23712110000000003     
   38352.378790245450        35012.102338949917        5843592338.2838793       0.23712110000000003     
   37439.349881914888        34155.154633722268        5789211818.3710318       0.23712110000000003     
   36542.563520342737        33374.093543831608        5554207105.2781487       0.23712110000000003     
   35625.228102030174        32570.111833913252        5328491733.8822994       0.23712110000000003     
