 NC102OOH                 Loss by CS     Actual loss   Csat   molar mass
   0.0000000000000000        0.0000000000000000        83047502149396.078       0.26122859999999998     
   3.0060000114145545E-019   0.0000000000000000        83047188326636.172       0.26122859999999998     
   2.7907623611409655        2.7420156094201502        83046874499792.328       0.26122859999999998     
   27.098996528071503        26.009721048611482        82639154278909.219       0.26122859999999998     
   128.65807593125317        126.61747089806522        82233360836114.938       0.26122859999999998     
   463.54475502652588        441.67364562434523        83952045527929.531       0.26122859999999998     
   1475.6674362276990        1448.8423497743643        85705272329920.969       0.26122859999999998     
   3300.7859008433297        3112.6789217366604        87665319273721.453       0.26122859999999998     
   6605.4716344532681        6487.2517379972851        89668466821056.984       0.26122859999999998     
   12139.686538086044        11414.372260320815        87665112646186.234       0.26122859999999998     
   19195.140732529781        18876.497506419662        85704867960137.594       0.26122859999999998     
   31328.133306273943        29485.293332506903        85958149534713.344       0.26122859999999998     
   48924.344687739656        44825.176015444100        86212151371866.391       0.26122859999999998     
   73470.894119125820        66103.747311345302        86296775532072.906       0.26122859999999998     
   106450.48052450329        94461.863183990121        86381479617302.828       0.26122859999999998     
   148749.01122982553        130915.06811073050        83704376419502.438       0.26122859999999998     
   201255.01853979894        175899.63597754389        81107213138661.797       0.26122859999999998     
   266630.97597844963        230546.19506274164        81910262318796.500       0.26122859999999998     
   347678.56183826568        297721.27782931551        82720960749560.797       0.26122859999999998     
   447685.66713568993        380006.80899841711        83539536123878.797       0.26122859999999998     
   569434.72000772017        479344.45405320451        84365904174698.188       0.26122859999999998     
   713341.05711095862        595939.82240178436        84698798524032.812       0.26122859999999998     
   880056.34885617986        729344.74559669942        85032956805248.188       0.26122859999999998     
   1068952.3865553229        880738.01028717309        84117271904883.000       0.26122859999999998     
   1279761.2577871464        1047824.6355306953        83211080504882.219       0.26122859999999998     
   1514066.1387401121        1224302.4374041259        84782006003254.359       0.26122859999999998     
   1773615.9317008839        1416295.8281648755        86381452454134.234       0.26122859999999998     
   2061770.2585645956        1624964.1697721183        88269944319137.625       0.26122859999999998     
   2381284.7042512014        1852650.1610350311        90198135386644.672       0.26122859999999998     
   2732889.0940078483        2101040.9958080649        91805872723504.188       0.26122859999999998     
   3117596.3241575304        2368278.1830782592        93441168677446.312       0.26122859999999998     
   3549399.8618328599        2699121.3858727515        91267077902583.172       0.26122859999999998     
   4047728.5272123334        3085030.4950312376        89141708150918.297       0.26122859999999998     
   4617487.5997105874        3525502.1017479599        87407143364085.094       0.26122859999999998     
   5263360.4492568579        4026958.5768072605        85705083634689.078       0.26122859999999998     
   6101785.0761084668        4679304.6583335400        85452412206371.297       0.26122859999999998     
   7233977.9128124202        5589742.2471387386        85200457753524.391       0.26122859999999998     
   8633322.5738121588        6693347.0658869147        86381669764811.828       0.26122859999999998     
   10255279.712208474        7960840.8098828793        87578633273271.609       0.26122859999999998     
   12017310.014478084        9419697.6506991386        84698705226201.000       0.26122859999999998     
   13874476.317358343        10938032.354779840        81910030068234.406       0.26122859999999998     
   15853895.570170388        12486916.655972242        80787482975595.359       0.26122859999999998     
   17970808.832228422        14131734.862770319        79679749270702.938       0.26122859999999998     
   20252150.678914484        15812302.714744329        80310971446369.750       0.26122859999999998     
   22736505.346416265        17633965.209678888        80947004749362.094       0.26122859999999998     
   25429744.705622807        19651823.801575661        80787559379196.578       0.26122859999999998     
   28346757.611246206        21835134.931592941        80628416284281.953       0.26122859999999998     
   31494148.761375677        24214477.972821712        80152656201419.438       0.26122859999999998     
   34882516.282685608        26776602.519423723        79679598486248.562       0.26122859999999998     
   38313890.618111894        29587946.211679459        76746281858242.609       0.26122859999999998     
   41744919.916177258        32389103.794765472        73917040552494.031       0.26122859999999998     
   45402060.664772928        35286705.072415829        72110972090029.000       0.26122859999999998     
   49408690.999376036        38508504.349069118        70347416200482.219       0.26122859999999998     
   53909344.915652260        41806149.409490108        71047682030588.312       0.26122859999999998     
   58987285.643721774        45584535.152231216        71754654687014.969       0.26122859999999998     
   64707653.277941711        50596170.796611786        68828872758014.375       0.26122859999999998     
   70983540.724837840        56129225.893677711        66018094072126.438       0.26122859999999998     
   78014227.885740384        61446954.094336033        67342643565385.078       0.26122859999999998     
   85873456.830960184        67417177.258598804        68692753254178.977       0.26122859999999998     
   94355850.568785802        73868954.375712395        69929840974946.500       0.26122859999999998     
   103348029.84858865        80651818.873468399        71188357669024.203       0.26122859999999998     
   112486496.04785952        88056147.111886978        70486667742378.250       0.26122859999999998     
   121659988.68923742        95428178.967345238        69791637352156.844       0.26122859999999998     
   131130679.93002036        103317887.80020428        68353055883389.906       0.26122859999999998     
   141026863.14659441        111596710.20800304        66943038040484.094       0.26122859999999998     
   151305948.33376902        120515153.83977699        64913179400176.398       0.26122859999999998     
   161912459.57208514        129759734.43268394        62942633657883.820       0.26122859999999998     
   172928942.79473957        139446770.30814171        60968357241259.430       0.26122859999999998     
   184628438.78714550        149818230.95977306        59053761074511.430       0.26122859999999998     
   197303386.76903236        160715995.17926216        57944771040693.828       0.26122859999999998     
   211083013.96711069        172670499.98851776        56855843175321.836       0.26122859999999998     
   225674405.19931620        184170605.61477661        57598713493245.023       0.26122859999999998     
   240860899.26344323        196076198.79083252        58350922956452.633       0.26122859999999998     
   255866145.18152463        206913411.64866257        60063375441307.453       0.26122859999999998     
   270496469.25910240        217100128.98748779        61824152463165.570       0.26122859999999998     
   285345511.21238106        226992455.74470139        63888300011991.367       0.26122859999999998     
   300768368.51395321        237097549.44158173        66018702156773.609       0.26122859999999998     
   316644043.91958982        248133901.97683144        67342953486413.547       0.26122859999999998     
   332798446.01327419        259197680.88715935        68692753263778.977       0.26122859999999998     
   349715784.61017281        271628329.82332993        69239921426614.438       0.26122859999999998     
   366946159.24615932        284194714.86886978        69791283399137.281       0.26122859999999998     
   384799831.60388291        295130764.49066544        72039289829749.578       0.26122859999999998     
   403874152.15885973        306733083.76614952        74356905315009.453       0.26122859999999998     
   423596461.74370915        319169461.52596474        76217152825030.234       0.26122859999999998     
   443672633.57219565        331537629.29467773        78122149992766.359       0.26122859999999998     
   458733463.38605380        339425188.95069695        79522531449215.438       0.26122859999999998     
   469698619.98122907        343112055.72664261        80947055788955.188       0.26122859999999998     
   481583066.80429161        347068010.22472382        82639622781167.422       0.26122859999999998     
   495838382.03910804        353003701.76409912        84366222765213.281       0.26122859999999998     
   515335620.23938787        357078255.53718758        89844971611157.047       0.26122859999999998     
   542287117.29970026        366703622.30705643        95665276551520.734       0.26122859999999998     
   576239542.71031690        385547902.47725677        99680153892211.172       0.26122859999999998     
   614438162.84850979        407285822.85406494        103856911660530.70       0.26122859999999998     
   655354474.40380859        429978039.89664841        108307512661464.08       0.26122859999999998     
   698918500.68050718        453595741.38850403        112941329618945.72       0.26122859999999998     
   744667866.61690187        478070499.25092697        117537644242179.06       0.26122859999999998     
   792626130.89364719        502847951.93576813        122313653492363.20       0.26122859999999998     
   837118533.85343134        524501219.65717697        126413671181076.86       0.26122859999999998     
   879393651.24894500        542412659.13417816        130645744620376.36       0.26122859999999998     
   926899173.84432340        558515688.05149460        136855845270087.66       0.26122859999999998     
   982742488.74322152        579935492.45482254        143349415560011.25       0.26122859999999998     
   1049559021.5901248        601795474.51827240        152467152633629.97       0.26122859999999998     
   1129756371.3286164        631777893.35752106        162141412089804.38       0.26122859999999998     
   1229068419.3573468        694706359.91870880        166398028259440.22       0.26122859999999998     
   1340098689.6919026        765168531.35490417        170762023810040.84       0.26122859999999998     
   1450838133.5195799        823691815.03423309        177257591220718.91       0.26122859999999998     
   1556078208.8439214        871859449.45626068        183990467092021.44       0.26122859999999998     
   1668152643.9529366        947493130.68813324        184521481945775.41       0.26122859999999998     
   1796184647.5506294        1035588162.7640839        185053970574122.56       0.26122859999999998     
   1935343157.3313091        1102642201.8998413        191893333946476.22       0.26122859999999998     
   2081171531.6637907        1169553751.9896164        198975466409548.06       0.26122859999999998     
   2221018746.0159178        1240762556.4145279        202992222901118.62       0.26122859999999998     
   2348091397.6747169        1295462005.4916840        207086903076786.34       0.26122859999999998     
   2454115867.2125282        1353507674.3212433        206301374884725.16       0.26122859999999998     
   2533637004.7241540        1385853888.3466339        205518712786312.91       0.26122859999999998     
   2598681873.1569490        1356791005.9694214        212675358842205.88       0.26122859999999998     
   2667393603.2618628        1328185595.3133850        220071351700766.41       0.26122859999999998     
   2724836018.7987127        1306161419.4422150        224712627337347.28       0.26122859999999998     
   2762286715.8841825        1264884617.6864319        229447957397391.50       0.26122859999999998     
   2797120399.7324953        1207630587.8303070        236282188447817.94       0.26122859999999998     
   2836124301.5886836        1154160624.7564240        243311944203314.22       0.26122859999999998     
   2878316580.5618582        1092933694.7942810        251970615155618.53       0.26122859999999998     
   2921696733.9565349        1032120030.7089844        260925173825305.50       0.26122859999999998     
   2935170460.3149195        1013690528.8086395        260920807935937.41       0.26122859999999998     
   2910596447.4769950        961434011.05201721        260916442116815.06       0.26122859999999998     
   2857260478.2011061        934799860.16490173        254598798965972.34       0.26122859999999998     
   2780189166.0745230        887771517.31018066        248428383645065.66       0.26122859999999998     
   2730591616.1232224        750360572.65748596        257017103496165.81       0.26122859999999998     
   2739339905.7706504        666203543.76437378        265890960202480.09       0.26122859999999998     
   2769870223.2124300        638342301.40289307        271713089398222.88       0.26122859999999998     
   2809750044.7569227        616743946.10356140        277657694008974.69       0.26122859999999998     
   2819036935.5973296        674983780.81260681        270436620000217.62       0.26122859999999998     
   2785248787.9333134        688958758.47821045        263396299095374.84       0.26122859999999998     
   2806977207.2561617        568051217.10679626        278440992068902.31       0.26122859999999998     
   2923866067.7201824        519383406.97308350        294310113847953.19       0.26122859999999998     
   2994250301.9063253        656200115.04252625        286943937436763.56       0.26122859999999998     
   2987531982.2536755        697156960.36079407        279755193915556.62       0.26122859999999998     
   2982246047.1333218        666781972.25868225        280808931065495.03       0.26122859999999998     
   3002861742.9629316        660794226.68089294        281866483844975.12       0.26122859999999998     
   3077186834.7410488        595872399.37797546        295419165128629.62       0.26122859999999998     
   3212849804.3389177        584296610.53848267        309597208472531.56       0.26122859999999998     
   3324331877.8384066        678191968.73474121        309305114236005.38       0.26122859999999998     
   3383619174.5192957        718178729.96154785        309013284955897.31       0.26122859999999998     
   3450399028.0318594        696709167.42404175        316038950497205.00       0.26122859999999998     
   3543412561.6854906        698118629.13015747        323218049512250.44       0.26122859999999998     
   3646757173.5349569        721006491.78494263        329007896107968.38       0.26122859999999998     
   3750125317.8122358        740980103.96342468        334897380843770.75       0.26122859999999998     
   3764617362.5514536        905926485.47764587        316040227292475.12       0.26122859999999998     
   3672713048.6065774        957439305.43785095        298206113489008.19       0.26122859999999998     
   3671453505.9637671        746630845.45928955        316932102090232.75       0.26122859999999998     
   3825586327.1081667        673636560.20083618        336785881047994.50       0.26122859999999998     
   3945073561.7743707        837754545.72390747        329625586175324.81       0.26122859999999998     
   3964035586.1285439        896457079.26043701        322611762876197.62       0.26122859999999998     
   4016759868.7909179        796812292.29472351        334587069393025.69       0.26122859999999998     
   4147221516.3706055        768091149.46459961        346989107867367.31       0.26122859999999998     
   4203778385.3809881        945020221.53527832        332098486847204.25       0.26122859999999998     
   4144286239.6094322        1001836238.5901794        317823210621395.50       0.26122859999999998     
   4125224274.5159907        856776430.73587036        326867358482958.06       0.26122859999999998     
   4203462399.7465415        804313665.37078857        336158658786404.94       0.26122859999999998     
   4338639635.7337179        766929361.65559387        349264331417665.00       0.26122859999999998     
   4514131766.6066465        762551549.47491455        362860448771312.31       0.26122859999999998     
   4667865040.4717970        849179991.50946045        365914578182022.25       0.26122859999999998     
   4777741172.5136738        889136817.66986084        368993410227250.75       0.26122859999999998     
   4865212353.5455189        923816790.33929443        370369955195697.81       0.26122859999999998     
   4937665375.4286127        942229606.82763672        371751435855347.69       0.26122859999999998     
   5007556848.7585440        949307937.94088745        373831114331184.75       0.26122859999999998     
   5078480672.6139889        956320345.72326660        375921974053080.31       0.26122859999999998     
   5158155955.6861963        946748384.70196533        380136733897949.06       0.26122859999999998     
   5248257306.1255445        946242291.41494751        384396898093439.81       0.26122859999999998     
   5300184394.8137884        1015660735.4251709        379430109253412.31       0.26122859999999998     
   5306104691.1405220        1039029696.5416260        374525040794866.19       0.26122859999999998     
   5325689112.0085592        997153595.87762451        376274310063899.50       0.26122859999999998     
   5374281205.2547722        983619435.83135986        378031431678984.81       0.26122859999999998     
   5443633161.0452166        960280382.24383545        382266817688423.94       0.26122859999999998     
   5529898482.4376011        952978972.77532959        386547797579472.81       0.26122859999999998     
   5560731855.1145658        1057635085.4806519        377322008683386.38       0.26122859999999998     
   5519006113.0006695        1088969012.6472778        368308079121402.69       0.26122859999999998     
   5570424046.8082857        872224359.02542114        386190691617888.38       0.26122859999999998     
   5773262166.1927395        788400759.76797485        404906353802653.56       0.26122859999999998     
   5926701617.2922430        962482649.59182739        401168003226136.88       0.26122859999999998     
   5973377040.8965864        1017312725.2300720        397462840373504.06       0.26122859999999998     
   6016344143.3580284        975568826.87573242        400797329259069.94       0.26122859999999998     
   6085321610.3898106        958966164.01345825        404158698766611.00       0.26122859999999998     
   6117340577.2660742        1029697666.9533997        398202483416087.25       0.26122859999999998     
   6096945675.7261477        1048221572.1789551        392330690937115.62       0.26122859999999998     
   6113434202.9473743        941051063.08380127        398569963831443.12       0.26122859999999998     
   6192264434.4432850        895287688.92840576        404904553821679.69       0.26122859999999998     
   6291747414.9088497        874835407.42706299        410950920998384.44       0.26122859999999998     
   6401540862.3082676        863487278.93597412        417084023671618.50       0.26122859999999998     
   6491021903.0566635        901224030.83953857        418243690535948.00       0.26122859999999998     
   6548853233.7683210        906879744.28411865        419406456216478.44       0.26122859999999998     
   6587392135.9371319        915468473.43786621        419019411785361.44       0.26122859999999998     
   6611300845.6857500        909974088.65432739        418632710680572.25       0.26122859999999998     
   6593057144.6795549        972203844.85217285        410570467664186.62       0.26122859999999998     
   6525702253.8621178        984815914.72113037        402657578287714.25       0.26122859999999998     
   6503630686.7073689        854481703.70257568        407911620558217.44       0.26122859999999998     
   6552970428.6820135        795192445.55462646        413231526511787.00       0.26122859999999998     
   6561209914.0860157        880394407.89727783        406025516575019.06       0.26122859999999998     
   6497627479.7470150        893374745.06484985        398940373150516.31       0.26122859999999998     
   6474711773.0389643        761161188.55096436        404527563978421.75       0.26122859999999998     
   6526386718.6491117        702229698.23995972        410189927381492.50       0.26122859999999998     
   6515635629.1211424        827057634.42431641        399680347474883.94       0.26122859999999998     
   6409252690.8292255        851542800.64541626        389429851114231.81       0.26122859999999998     
   6348842906.2590170        699099116.99002075        394156663449473.31       0.26122859999999998     
   6377792302.8867865        625810440.05142212        398938598356929.50       0.26122859999999998     
   6394751659.0006542        658875588.64715576        397462074037251.19       0.26122859999999998     
   6380235320.2503033        650289894.10870361        395990803363814.69       0.26122859999999998     
   6365085580.1703501        614178736.76266479        396357556262728.88       0.26122859999999998     
   6360354845.2790909        588287075.88641357        396724635656963.75       0.26122859999999998     
   6347882159.0454521        576496486.81054688        395988630020340.25       0.26122859999999998     
   6330201855.3014936        551414445.57147217        395253936973319.69       0.26122859999999998     
   6306297840.7440863        546646516.71548462        393789940284027.81       0.26122859999999998     
   6277570845.0141277        528730322.86901855        392331156625484.12       0.26122859999999998     
   6197874755.7251377        580794298.09024048        383329752559539.06       0.26122859999999998     
   6068783519.2073622        579685052.32116699        374527045178847.25       0.26122859999999998     
   5986729914.9637651        445601397.76812744        375572523125984.75       0.26122859999999998     
   5970142692.4062500        408784620.02526855        376620806260977.75       0.26122859999999998     
   5885003938.0130234        470118181.32330322        368993190641863.38       0.26122859999999998     
   5763438989.7723274        461668418.88455200        361514190393909.75       0.26122859999999998     
   5650079268.5255852        413988848.31872559        357163898105881.25       0.26122859999999998     
   5562614019.6372175        382087726.68753052        352863952895448.75       0.26122859999999998     
   5458185230.2982864        389168734.94332886        346345073891881.81       0.26122859999999998     
   5345141787.4163103        375718166.42199707        339942051349839.75       0.26122859999999998     
   5232439230.9618883        361701245.15921021        333653955635432.50       0.26122859999999998     
   5121575503.5039272        329374752.07000732        327477759420899.81       0.26122859999999998     
   5032621957.8032541        266232565.07199097        323219402545147.12       0.26122859999999998     
   4946662074.9841633        272346017.02807617        319014307408264.88       0.26122859999999998     
   4847413466.5873470        298836820.55876160        313684051881933.38       0.26122859999999998     
   4749851934.4338188        276029390.24609375        308439474757267.94       0.26122859999999998     
   4631233566.9018927        277408327.27717590        301578545052046.25       0.26122859999999998     
   4513410989.3501081        267506299.38818359        294864470011582.00       0.26122859999999998     
   4374564607.7072105        267371437.22621155        286137180049556.56       0.26122859999999998     
   4220392408.9421997        249202380.94522095        277658529235760.91       0.26122859999999998     
   4127700694.6131802        228580092.24516296        273509281862542.41       0.26122859999999998     
   4046114924.6479273        119875562.94017029        269419687172241.53       0.26122859999999998     
   3982157567.5468073        208516335.40228271        266139034207799.19       0.26122859999999998     
   3915640251.0667872        44591447.387985229        262896809925917.47       0.26122859999999998     
   3818938394.8694916        208264695.00405884        256046849335176.34       0.26122859999999998     
   3714886099.4794712        209948823.66935730        249368680088674.91       0.26122859999999998     
   3633537903.0732780        179602480.52465820        246324644878007.09       0.26122859999999998     
   3579488816.6508107        174906980.37080383        243316357446980.41       0.26122859999999998     
   3553416973.4380774        170429997.25273132        242169247059124.03       0.26122859999999998     
   3527994826.8383656        165797182.58998108        241027337959587.03       0.26122859999999998     
   3480737552.5321050        172191514.51863098        237630543391575.19       0.26122859999999998     
   3431345358.9729767        176307817.72003174        234279807049761.38       0.26122859999999998     
   3412355319.1454563        157404816.98191833        234501584033618.03       0.26122859999999998     
   3409255876.6209211        153369059.39794922        234723562894250.91       0.26122859999999998     
   3356795984.2068825        213540199.29087830        227284388491856.44       0.26122859999999998     
   3265938185.5749326        233652883.66337585        220072219947440.91       0.26122859999999998     
   3215875538.2128592        143692399.19508362        223015619260525.44       0.26122859999999998     
   3259131971.2471743        143940481.49928284        225996856890222.59       0.26122859999999998     
   3100428879.5093851        425620736.90492249        196147123862907.72       0.26122859999999998     
   2772110683.9231153        487330488.88627625        170108641388917.91       0.26122859999999998     
   2599410327.1420574        103418767.27920532        182769468405817.78       0.26122859999999998     
   2824164904.1811247        168349262.43139648        196334071647277.19       0.26122859999999998     
   2800555792.9866652        169700083.80740356        194656622406458.56       0.26122859999999998     
   2776200198.0662851        171251852.25543213        192992961507662.97       0.26122859999999998     
   2839076580.9177356        116743677.79475403        201067407993745.28       0.26122859999999998     
   2977397930.3472595        131833410.47465515        209466229803942.53       0.26122859999999998     
   2985992224.5763254        155448206.34416199        208471792728174.16       0.26122859999999998     
   2979871683.6655850        165000343.63212585        207481896777019.03       0.26122859999999998     
   2975897467.9679699        156555131.71847534        207877109187254.72       0.26122859999999998     
   2979210193.7652292        154495708.84126282        208273045528388.88       0.26122859999999998     
   2982717817.8326941        161486305.64892578        208075366462521.78       0.26122859999999998     
   2983069205.6039963        165139387.44035339        207877867843190.19       0.26122859999999998     
   2954944182.9712286        217259374.89779663        202411224714802.66       0.26122859999999998     
   2893000766.5405469        235014436.03211975        197082978087096.66       0.26122859999999998     
   2828430406.3217835        226872424.49392700        193362362488623.88       0.26122859999999998     
   2771096296.0925870        224163879.17015076        189709349546950.94       0.26122859999999998     
   2755109541.3340449        153104872.46681213        193547170285418.56       0.26122859999999998     
   2789801573.2509289        129421498.79953003        197459604083935.09       0.26122859999999998     
   2806309568.3090925        191223425.44578552        194285376783534.41       0.26122859999999998     
   2782771596.3297186        213839216.22068787        191160255319800.56       0.26122859999999998     
   2761631815.0773091        193447415.97203064        191160167834166.25       0.26122859999999998     
   2756133181.8461266        187378009.28645325        191160080348568.81       0.26122859999999998     
   2736521575.9451714        222153860.83724976        187366352774729.34       0.26122859999999998     
   2694684973.3852024        235108909.56072998        183645092945569.06       0.26122859999999998     
   2640920454.3318529        247407128.39381409        179135902485137.12       0.26122859999999998     
   2580143184.9476824        251309407.03334045        174733303097348.19       0.26122859999999998     
   2523309227.0132928        243316075.83338165        171417662182071.78       0.26122859999999998     
   2473481572.7005749        241016323.14204407        168162580995184.62       0.26122859999999998     
   2428399534.9173665        237793478.97116852        165284121263911.53       0.26122859999999998     
   2386973642.8012109        237216360.51421356        162453085359796.94       0.26122859999999998     
   2346137734.8607287        241018448.76831055        159362263566760.38       0.26122859999999998     
   2304356907.3701591        243002545.45440674        156328048667100.72       0.26122859999999998     
   2272353525.2507663        226265911.34582520        155279331331842.41       0.26122859999999998     
   2252905617.5557380        220987488.83659363        154237383138121.28       0.26122859999999998     
   2220557391.8776827        252705714.30280304        149702639322924.75       0.26122859999999998     
   2168333726.7955155        264165611.27136993        145296293374975.25       0.26122859999999998     
