 NCRESOH                  Loss by CS     Actual loss   Csat   molar mass
   0.0000000000000000        0.0000000000000000        27519050437513644.       0.21914890000000001     
   1.2214709885409155E-014   0.0000000000000000        27518963347582372.       0.21914890000000001     
   29904.493413402764        26999.322157238144        27518876256464352.       0.21914890000000001     
   146754.31157700039        21868.135033674538        27405683200252224.       0.21914890000000001     
   419433.99911714077        380838.74085438624        27292934874372696.       0.21914890000000001     
   991698.00084065273        105070.74260274321        27769851682305664.       0.21914890000000001     
   2333672.2522786674        2117037.3645908833        28254720840911532.       0.21914890000000001     
   4095686.4044637098        293156.02680185437        28794883374142524.       0.21914890000000001     
   6748220.2289110217        6090478.7835484147        29344898916484648.       0.21914890000000001     
   10096380.012522589        640511.56967115402        28794826534582740.       0.21914890000000001     
   13846732.540595978        12591925.143519998        28254609196258256.       0.21914890000000001     
   18710099.655032173        1095441.6932857037        28324522329883064.       0.21914890000000001     
   25637210.485616349        1129417.8729732037        28394600648961944.       0.21914890000000001     
   33920374.677099124        1308986.3698525429        28417940733446520.       0.21914890000000001     
   43536520.599480972        1504849.6443862915        28441299135764220.       0.21914890000000001     
   54341580.695814572        1897720.9134392738        27701224752636944.       0.21914890000000001     
   66261630.925063699        2181579.7388973236        26979562911450660.       0.21914890000000001     
   79388653.047740936        2083353.9978966713        27203098366449016.       0.21914890000000001     
   93591855.067199036        2207698.1459932327        27428401934991540.       0.21914890000000001     
   108779845.06646830        2329052.1232995987        27655530661773460.       0.21914890000000001     
   124851275.44270781        2432674.0065822601        27884454885660520.       0.21914890000000001     
   141617422.03419510        2606093.3456735611        27976571622909456.       0.21914890000000001     
   158949661.32977092        2688903.7639007568        28068978928397852.       0.21914890000000001     
   176551257.00868541        3035648.4682846069        27815616149704668.       0.21914890000000001     
   194333247.57272825        3145445.4064273834        27564438299270908.       0.21914890000000001     
   212565031.89904153        2519519.3970775604        27999587146984748.       0.21914890000000001     
   231027628.30190808        2428842.3978099823        28441291645716536.       0.21914890000000001     
   249708457.78631830        2287299.6007919312        28961111933803164.       0.21914890000000001     
   268593278.49519020        2220303.3676948547        29489997512553708.       0.21914890000000001     
   287630891.35224658        2282419.2539062500        29929580534056404.       0.21914890000000001     
   306868265.94288993        2248877.4433269501        30375416457940416.       0.21914890000000001     
   325543791.26747453        3634909.8242969513        29782405286545668.       0.21914890000000001     
   344139494.56473911        3871093.9895935059        29200459191566724.       0.21914890000000001     
   362893731.09473646        3898636.8377876282        28723846764725296.       0.21914890000000001     
   381778182.03244531        4045117.2738037109        28254668743029060.       0.21914890000000001     
   401072687.29971194        3411349.9762878418        28184890577349464.       0.21914890000000001     
   420195926.57626998        3353377.7620544434        28115277002160992.       0.21914890000000001     
   439212098.08347011        2458528.9946136475        28441351567557252.       0.21914890000000001     
   457584740.34648353        2234825.5049743652        28771035684218324.       0.21914890000000001     
   473780287.82159948        4561386.3681182861        27976545814290820.       0.21914890000000001     
   488561447.04124379        4783307.8706016541        27203033769227196.       0.21914890000000001     
   502870534.69935238        3724534.6990013123        26890463342897856.       0.21914890000000001     
   516555072.10044491        3639875.1622848511        26581324703238680.       0.21914890000000001     
   530395214.10773605        2248749.1692276001        26757566825948936.       0.21914890000000001     
   544250460.25477993        2111562.2141227722        26934924609377260.       0.21914890000000001     
   557936994.06255531        2767084.9555816650        26890484641216540.       0.21914890000000001     
   571924647.80606341        2917435.4913215637        26846114700457296.       0.21914890000000001     
   586366627.36803496        3361256.6675415039        26713385208980620.       0.21914890000000001     
   601518320.66068971        3594691.4994773865        26581282575997812.       0.21914890000000001     
   616458776.55061615        6325050.7039604187        25759263205244800.       0.21914890000000001     
   632425697.73546326        7151614.1453475952        24961556360591684.       0.21914890000000001     
   650698864.32635617        6864884.5785179138        24449743499754556.       0.21914890000000001     
   671416431.07417643        7573608.7292289734        23947963209610724.       0.21914890000000001     
   696343454.42192137        5105483.7754058838        24147450167886848.       0.21914890000000001     
   724952131.47145259        5451829.2243347168        24348523726709904.       0.21914890000000001     
   754311603.34806395        11396180.247016907        23514255821489828.       0.21914890000000001     
   784360210.56438792        12909590.802574158        22707333523892192.       0.21914890000000001     
   817937277.00269651        6548387.5616531372        23088268760380724.       0.21914890000000001     
   852973633.91322851        5952643.1217346191        23475303550244692.       0.21914890000000001     
   888154586.75838995        5953678.9504699707        23828853685584504.       0.21914890000000001     
   923034807.13173556        5781103.1989898682        24187486240586444.       0.21914890000000001     
   955777580.32273829        9509243.8843917847        23987657858112692.       0.21914890000000001     
   987737808.65123582        10152017.550018311        23789406922096608.       0.21914890000000001     
   1018854591.4023995        12319688.653892517        23378040161978164.       0.21914890000000001     
   1049623617.9207475        13120729.921363831        22973473166167128.       0.21914890000000001     
   1079524435.0679204        15559362.541763306        22388613479737248.       0.21914890000000001     
   1108843649.8730323        16653540.329429626        21817992658084360.       0.21914890000000001     
   1137855915.4714036        17964794.817420959        21243371095052860.       0.21914890000000001     
   1167726508.8817673        19423829.587142944        20683223537210992.       0.21914890000000001     
   1200419672.5179343        18321704.164398193        20357422846688804.       0.21914890000000001     
   1235888292.4062390        19615165.961097717        20036528278174356.       0.21914890000000001     
   1277549905.4444339        13676764.399803162        20255550784855684.       0.21914890000000001     
   1324672376.3840172        13998634.303153992        20476859380692440.       0.21914890000000001     
   1378887051.5475390        11039002.916137695        20978965289107528.       0.21914890000000001     
   1440903674.4749773        11870110.106391907        21492819762498952.       0.21914890000000001     
   1511725733.0993021        12168805.166961670        22092190962374860.       0.21914890000000001     
   1591823671.7801139        13612951.244323730        22707508689993480.       0.21914890000000001     
   1679958860.2673962        19181638.606948853        23088357749048996.       0.21914890000000001     
   1777542486.5169380        21753980.573860168        23475303552992336.       0.21914890000000001     
   1882776919.2092767        27777294.175666809        23631806575854452.       0.21914890000000001     
   1992818070.5574343        29787015.420478821        23789305878776232.       0.21914890000000001     
   2110333302.7876642        21991257.032447815        24429387127603904.       0.21914890000000001     
   2233029186.6803379        21049478.802627563        25085897980616020.       0.21914890000000001     
   2357929620.6050439        23351068.861175537        25610443485415560.       0.21914890000000001     
   2485015912.4576182        23304517.065994263        26145454706993944.       0.21914890000000001     
   2617187211.9288435        27645585.302688599        26537393018243752.       0.21914890000000001     
   2769122940.7071137        32134174.274520874        26934938832646108.       0.21914890000000001     
   2949447411.7534676        36345853.694885254        27405813319909076.       0.21914890000000001     
   3161192561.4096637        42343829.431762695        27884543072534652.       0.21914890000000001     
   3416581662.6040220        23919094.280075073        29393266476700828.       0.21914890000000001     
   3712807983.3243604        25233417.532379150        30979753709650520.       0.21914890000000001     
   4040047366.6942797        40916125.941284180        32064948344133256.       0.21914890000000001     
   4395609545.6180210        44092444.824417114        33186382825419756.       0.21914890000000001     
   4778454146.8222637        45000277.741073608        34373304532128248.       0.21914890000000001     
   5186840751.0239096        45725759.910186768        35600691729464044.       0.21914890000000001     
   5618923503.3525963        47463530.881439209        36810079783807184.       0.21914890000000001     
   6074028453.9197407        47431455.477081299        38058630731536208.       0.21914890000000001     
   6551271350.5845308        53868360.028808594        39124144271192272.       0.21914890000000001     
   7060793254.9779997        56160550.109069824        40218099376242568.       0.21914890000000001     
   7614562966.2540665        44364075.409301758        41813010943920032.       0.21914890000000001     
   8213586844.6951914        44650376.965759277        43468189483362760.       0.21914890000000001     
   8861580510.1779041        27647047.411102295        45771884707937520.       0.21914890000000001     
   9556378608.5125713        25571521.661224365        48191831783753816.       0.21914890000000001     
   10275706107.933290        66183752.629333496        49249092057731184.       0.21914890000000001     
   10998663411.425930        64987008.630981445        50328467206998160.       0.21914890000000001     
   11718497527.747995        45363299.592590332        51926805494800120.       0.21914890000000001     
   12431120752.948593        39126136.054443359        53573516255287144.       0.21914890000000001     
   13099144899.797544        78978888.710021973        53702969383012048.       0.21914890000000001     
   13690036192.604265        71704509.647766113        53832720969272288.       0.21914890000000001     
   14211844281.226921        10572793.604003906        55493942354481072.       0.21914890000000001     
   14668745290.560566       -2455223.2028808594        57204014089182408.       0.21914890000000001     
   15050708841.256266        14307365.105590820        58169497885969688.       0.21914890000000001     
   15364747561.730499        6891911.6134033203        59150518979628672.       0.21914890000000001     
   15605864987.224312        37092301.615844727        58962565169387944.       0.21914890000000001     
   15786368304.293680        32950497.974243164        58775181337191144.       0.21914890000000001     
   15938679905.744431       -36554815.396972656        60484356039044472.       0.21914890000000001     
   16051398668.494026       -41508425.897338867        62240892732204928.       0.21914890000000001     
   16121495791.083038       -22254176.649108887        63338274299819872.       0.21914890000000001     
   16166132051.282810       -24605215.902343750        64454101528916464.       0.21914890000000001     
   16191633861.453974       -40869400.409362793        66057941146319488.       0.21914890000000001     
   16190690169.205296       -41770443.038024902        67699813814855152.       0.21914890000000001     
   16168994618.557074       -51870470.665283203        69711582422003728.       0.21914890000000001     
   16124981432.767456       -52339390.984252930        71780306494829064.       0.21914890000000001     
   16041272481.815870       -3460179.5372924805        71779300710421536.       0.21914890000000001     
   15943658623.433090       -5151364.8026733398        71778294939459608.       0.21914890000000001     
   15818126764.858629        27386301.403076172        70319979376468216.       0.21914890000000001     
   15674402445.148046        27089737.181030273        68889956246632624.       0.21914890000000001     
   15550408691.012188       -57995451.190979004        70878889528854216.       0.21914890000000001     
   15417749748.306469       -56173546.356872559        72922531922607008.       0.21914890000000001     
   15270454283.979801       -39595755.926635742        74257325482249632.       0.21914890000000001     
   15117406560.036890       -38866365.002441406        75615406833912272.       0.21914890000000001     
   14939009972.827133        21433673.498962402        73965080970665808.       0.21914890000000001     
   14764076554.435232        22806251.188232422        72349150175477280.       0.21914890000000001     
   14627230078.781273       -80331813.724914551        75794001480695648.       0.21914890000000001     
   14481734249.461870       -76894061.817199707        79394979390602080.       0.21914890000000001     
   14301703551.870808        17440168.127502441        77727500498736480.       0.21914890000000001     
   14128398765.017662        18884380.022888184        76093460615357312.       0.21914890000000001     
   13973763025.813412       -14677506.868835449        76333403967650560.       0.21914890000000001     
   13823587288.928764       -14611280.205017090        76574068959893280.       0.21914890000000001     
   13691409117.106873       -63357191.635864258        79645443277401184.       0.21914890000000001     
   13549172060.533159       -61155279.126831055        82834111777817248.       0.21914890000000001     
   13385388855.885813       -9934106.8191528320        82768662401691856.       0.21914890000000001     
   13223371958.892918       -9829578.5540771484        82703262353292304.       0.21914890000000001     
   13073826330.915768       -32688317.349731445        84274975230560992.       0.21914890000000001     
   12924296456.998264       -31822146.922058105        85875152914083024.       0.21914890000000001     
   12770608501.547239       -27589847.333984375        87161463403058320.       0.21914890000000001     
   12611421836.600567       -27164590.253845215        88466138006227104.       0.21914890000000001     
   12423150084.748993        41887972.073181152        84275260342572992.       0.21914890000000001     
   12237536110.554535        45115449.370117188        80274163607970752.       0.21914890000000001     
   12097137144.447897       -67342358.342956543        84474372792473520.       0.21914890000000001     
   11954963697.356108       -64155841.369445801        88883697281878976.       0.21914890000000001     
   11786204224.449081        8003191.5208740234        87298475106568832.       0.21914890000000001     
   11620572160.266266        8434904.8814086914        85740240507033360.       0.21914890000000001     
   11471327740.536947       -41584147.340393066        88397489602933232.       0.21914890000000001     
   11307812160.632957       -41478887.720458984        91133171971562800.       0.21914890000000001     
   11113447837.362234        23060835.518737793        87846579365436272.       0.21914890000000001     
   10922544885.104130        24482069.561706543        84673223165994336.       0.21914890000000001     
   10758679306.934578       -34582253.575744629        86686339896102016.       0.21914890000000001     
   10593349523.631830       -33777590.116882324        88745056840091280.       0.21914890000000001     
   10429467773.718836       -39842070.779266357        91633306813368192.       0.21914890000000001     
   10264434149.618916       -38336700.350341797        94611071927418480.       0.21914890000000001     
   10093163608.908146       -16728516.238647461        95277457234148912.       0.21914890000000001     
   9924442050.4951057       -16351753.597686768        95948317279756448.       0.21914890000000001     
   9757468901.6141777       -12823072.335876465        96247963723029296.       0.21914890000000001     
   9595490109.5135002       -12381150.107299805        96548502479516624.       0.21914890000000001     
   9438473836.3445301       -13218483.628479004        97000590710684944.       0.21914890000000001     
   9284890376.6200142       -12908152.271484375        97454697313314000.       0.21914890000000001     
   9135923256.4353619       -16082902.226409912        98368840824360912.       0.21914890000000001     
   8989179291.8068237       -15720613.003753662        99291158131792624.       0.21914890000000001     
   8839193071.2784653       -1134775.8615722656        98215695811908896.       0.21914890000000001     
   8695529518.0886688       -919753.55944824219        97151347899516560.       0.21914890000000001     
   8562769917.0379848       -10750167.868865967        97531179448260032.       0.21914890000000001     
   8433941534.5788107       -10385337.890808105        97912426954317392.       0.21914890000000001     
   8311942705.1120472       -13628528.330627441        98830208859206224.       0.21914890000000001     
   8194759431.4523239       -13256058.889038086        99756191214635264.       0.21914890000000001     
   8073820043.9766579        6228202.6031799316        97758536270537072.       0.21914890000000001     
   7960366552.3844872        6898211.4576110840        95799066562782112.       0.21914890000000001     
   7867353553.2765465       -31527069.309265137        99679012678291616.       0.21914890000000001     
   7775499533.2639647       -29586760.469696045        1.0370853377574597E+017  0.21914890000000001     
   7678187696.8438683       -671896.67916870117        1.0290612472374960E+017  0.21914890000000001     
   7586637041.2905970       -331511.48690795898        1.0210963801375672E+017  0.21914890000000001     
   7503674422.7246666       -8840198.1991882324        1.0282649620148120E+017  0.21914890000000001     
   7422889641.9192772       -8573502.5779724121        1.0354815195872198E+017  0.21914890000000001     
   7340287325.1555576        2721737.4623107910        1.0226873280381923E+017  0.21914890000000001     
   7262227878.0574055        3077204.5870361328        1.0100439709548163E+017  0.21914890000000001     
   7194905191.8847198       -11276533.123748779        1.0234775875524918E+017  0.21914890000000001     
   7130982792.2106743       -10860464.300109863        1.0370814771409054E+017  0.21914890000000001     
   7069756073.9622507       -10161548.341949463        1.0500341270962886E+017  0.21914890000000001     
   7010659901.6011524       -10138921.287628174        1.0631409497987203E+017  0.21914890000000001     
   6953618663.3065777       -4039782.8480834961        1.0656156932576725E+017  0.21914890000000001     
   6901901364.5189705       -3668515.8652648926        1.0680959291243389E+017  0.21914890000000001     
   6854832770.1998816       -1703779.2941589355        1.0672704688451144E+017  0.21914890000000001     
   6813140274.8919687       -1237035.4188842773        1.0664456169028699E+017  0.21914890000000001     
   6772921728.0635881        6972598.6286315918        1.0492200307643386E+017  0.21914890000000001     
   6736894087.5706787        7497005.2856445312        1.0322599605254155E+017  0.21914890000000001     
   6710664498.6478004       -6626177.4333801270        1.0435271803069736E+017  0.21914890000000001     
   6686923223.6597443       -6584181.2716369629        1.0549116149003928E+017  0.21914890000000001     
   6661558661.6845970        7097508.0595092773        1.0394851889078216E+017  0.21914890000000001     
   6640714615.9717922        7696535.2761840820        1.0242740256753565E+017  0.21914890000000001     
   6629511846.4198313       -6046029.3274536133        1.0362728441402771E+017  0.21914890000000001     
   6621555508.1255684       -5821047.5763854980        1.0484056256051995E+017  0.21914890000000001     
   6610723039.4712849        11912550.589874268        1.0258647264624082E+017  0.21914890000000001     
   6604277215.4413967        12843031.421447754        1.0037864360209379E+017  0.21914890000000001     
   6608918391.2666168       -4039186.7665405273        1.0139789983893728E+017  0.21914890000000001     
   6616657212.9258928       -3924102.6968078613        1.0242702098777226E+017  0.21914890000000001     
   6626188552.1289635        3430399.3144531250        1.0210947315238237E+017  0.21914890000000001     
   6640109081.7638359        3870791.8411865234        1.0179286425080872E+017  0.21914890000000001     
   6660400538.2686329        2246924.7418518066        1.0187180522298973E+017  0.21914890000000001     
   6687080377.4588833        2739163.4573669434        1.0195080457319741E+017  0.21914890000000001     
   6719970128.2278681        4514560.5124511719        1.0179239641852987E+017  0.21914890000000001     
   6759764414.5083723        4838015.9656066895        1.0163422299245835E+017  0.21914890000000001     
   6807111709.8493729        6569757.1672668457        1.0131889369968243E+017  0.21914890000000001     
   6861243457.0245399        7170984.3535766602        1.0100449749069926E+017  0.21914890000000001     
   6917908765.7778273        17132109.807617188        99060279986442640.       0.21914890000000001     
   6980066764.9870167        18350068.907012939        97151783290892976.       0.21914890000000001     
   7052859781.5813255        6029192.9024658203        97378829928914624.       0.21914890000000001     
   7131882064.4100952        6179999.6380310059        97606382564225920.       0.21914890000000001     
   7213021975.1396580        18925549.491851807        95948269465897424.       0.21914890000000001     
   7303669788.5384569        20743392.747619629        94317040282651072.       0.21914890000000001     
   7410393174.6808424        17898842.601837158        93365685899581328.       0.21914890000000001     
   7535238030.3821936        19931401.738616943        92423487626825136.       0.21914890000000001     
   7679731374.2657642        26201289.352416992        90991505031953808.       0.21914890000000001     
   7848417458.7379131        29350867.015686035        89580697821630736.       0.21914890000000001     
   8044748964.4738979        32961601.661376953        88190999811060016.       0.21914890000000001     
   8270392532.2457829        36613306.834533691        86821878720974512.       0.21914890000000001     
   8527474747.7209473        36474449.506164551        85875453948259472.       0.21914890000000001     
   8814477199.0030499        40172316.886962891        84938874209422128.       0.21914890000000001     
   9130263239.7938786        47071030.396270752        83748799897560688.       0.21914890000000001     
   9474316644.3190784        51372136.817596436        82574640001172368.       0.21914890000000001     
   9843572277.7703876        60555185.800476074        81033689626373152.       0.21914890000000001     
   10238465430.374180        65751389.362243652        79520192214291504.       0.21914890000000001     
   10657949907.573244        78639060.419952393        77544454877776064.       0.21914890000000001     
   11114416121.288221        87280876.424377441        75615597312094544.       0.21914890000000001     
   11611786545.518789        77795139.576843262        74668181518742304.       0.21914890000000001     
   12132234823.906467        81553163.046752930        73732096136792960.       0.21914890000000001     
   12663686189.734650        80585553.748718262        72979502177206512.       0.21914890000000001     
   13192257060.748159        81114305.766967773        72234239909638848.       0.21914890000000001     
   13697823548.619673        101068911.29547119        70654750948512952.       0.21914890000000001     
   14175380044.629734        102870248.91302490        69108244183771720.       0.21914890000000001     
   14631631593.650845        81076532.747863770        68401089802076520.       0.21914890000000001     
   15056006432.533541        77662684.226928711        67700842128741952.       0.21914890000000001     
   15451332434.813059        61697321.949401855        67433455831119968.       0.21914890000000001     
   15813297394.230732        57391227.894104004        67167077248404504.       0.21914890000000001     
   16129620269.392164        69451319.924804688        66373472424571408.       0.21914890000000001     
   16405503056.740961        66516020.841369629        65588818581238728.       0.21914890000000001     
   16657754479.669847        35565123.961853027        65640809027309368.       0.21914890000000001     
   16879206824.333660        29697786.345703125        65692838791189912.       0.21914890000000001     
   17037154827.524761        88572171.543090820        63944750258796616.       0.21914890000000001     
   17156502867.599510        91176168.122680664        62241098369905208.       0.21914890000000001     
   17296520455.886768       -1307087.7391967773        62937465834163016.       0.21914890000000001     
   17431846986.191383       -7990937.2619628906        63641263242723880.       0.21914890000000001     
   17381915892.027489        317485716.21240234        56522281626319528.       0.21914890000000001     
   17242377439.646984        368651086.18572998        50167150156045224.       0.21914890000000001     
   17345026901.657528       -149670398.33740234        53275624973206928.       0.21914890000000001     
   17524776596.062351       -160875588.04620361        56567391888383672.       0.21914890000000001     
   17595673012.721375        33367946.881286621        56162374744225984.       0.21914890000000001     
   17654384776.370617        34709128.029418945        55760125733931152.       0.21914890000000001     
   17780765402.793983       -84929880.715454102        57707233145564864.       0.21914890000000001     
   17917902419.571121       -83598791.710083008        59719116733069216.       0.21914890000000001     
   17991458474.777752        23269514.551513672        59481600358854656.       0.21914890000000001     
   18059286638.424236        24786369.601867676        59244985532867704.       0.21914890000000001     
   18133490129.700005        10446366.509216309        59339475123927840.       0.21914890000000001     
   18208215434.993835        7693356.5095214844        59434108503943576.       0.21914890000000001     
   18282071002.348618        15848230.443969727        59386864574166296.       0.21914890000000001     
   18352860863.183170        15864381.794982910        59339656479515480.       0.21914890000000001     
   18389028641.410290        75025824.133911133        58030040419540720.       0.21914890000000001     
   18411627584.757133        80107122.227905273        56748032095248072.       0.21914890000000001     
   18439247251.670410        64410509.557739258        55849490061727504.       0.21914890000000001     
   18466519800.849117        64764918.761535645        54964534536644792.       0.21914890000000001     
   18547538724.686958       -37354601.526733398        55894187762549288.       0.21914890000000001     
   18645856021.942345       -41041155.876220703        56838834077911856.       0.21914890000000001     
   18691576198.457527        51898108.047668457        56072661577688032.       0.21914890000000001     
   18725047608.680473        55536482.549621582        55316350542141040.       0.21914890000000001     
   18777078552.094738        16485556.528930664        55316329341724608.       0.21914890000000001     
   18833396008.721207        13962858.078796387        55316308141315376.       0.21914890000000001     
   18858825450.564735        62725254.424926758        54395477897619496.       0.21914890000000001     
   18871525775.201523        67183346.879211426        53489286826137416.       0.21914890000000001     
   18870631725.175575        81350261.187561035        52387205666506632.       0.21914890000000001     
   18862270792.597515        83932634.277648926        51306814921094392.       0.21914890000000001     
   18858641595.309940        70159461.278076172        50490240372633704.       0.21914890000000001     
   18855748066.348286        70295230.015319824        49686078014792144.       0.21914890000000001     
   18854186375.684170        65862009.786682129        48972848710490672.       0.21914890000000001     
   18852159006.911434        66064374.863342285        48269397155855600.       0.21914890000000001     
   18846111165.647728        72810529.130065918        47499113225143312.       0.21914890000000001     
   18836578623.137196        74269853.719909668        46740569927269600.       0.21914890000000001     
   18846283688.549236        38511661.857116699        46477839265245728.       0.21914890000000001     
   18862180130.217281        35741214.902465820        46216518523561432.       0.21914890000000001     
   18836556979.119331        103730990.80065918        45075828911514536.       0.21914890000000001     
   18790386210.037495        110631503.91729736        43962042089026280.       0.21914890000000001     
