 PXYFUOOH                 Loss by CS     Actual loss   Csat   molar mass
   0.0000000000000000        0.0000000000000000        5138524822754503.0       0.14811400000000000     
   0.0000000000000000        0.0000000000000000        5138508107522469.0       0.14811400000000000     
   0.0000000000000000        0.0000000000000000        5138491392064053.0       0.14811400000000000     
   0.0000000000000000        0.0000000000000000        5116767419336746.0       0.14811400000000000     
   0.0000000000000000        0.0000000000000000        5095131286361206.0       0.14811400000000000     
   0.0000000000000000        0.0000000000000000        5186667383966463.0       0.14811400000000000     
   0.0000000000000000        0.0000000000000000        5279774750471742.0       0.14811400000000000     
   0.0000000000000000        0.0000000000000000        5383552319732902.0       0.14811400000000000     
   0.0000000000000000        0.0000000000000000        5489278672925238.0       0.14811400000000000     
   0.0000000000000000        0.0000000000000000        5383541396679942.0       0.14811400000000000     
   0.0000000000000000        0.0000000000000000        5279753306664265.0       0.14811400000000000     
   0.0000000000000000        0.0000000000000000        5293182121535768.0       0.14811400000000000     
   0.0000000000000000        0.0000000000000000        5306643592646787.0       0.14811400000000000     
   0.0000000000000000        0.0000000000000000        5311127237497104.0       0.14811400000000000     
   0.0000000000000000        0.0000000000000000        5315614504029811.0       0.14811400000000000     
   0.0000000000000000        0.0000000000000000        5173492889796020.0       0.14811400000000000     
   0.0000000000000000        0.0000000000000000        5035009080855013.0       0.14811400000000000     
   0.0000000000000000        0.0000000000000000        5077893659833042.0       0.14811400000000000     
   0.0000000000000000        0.0000000000000000        5121127390788123.0       0.14811400000000000     
   0.0000000000000000        0.0000000000000000        5164721378285297.0       0.14811400000000000     
   0.0000000000000000        0.0000000000000000        5208670088703948.0       0.14811400000000000     
   0.0000000000000000        0.0000000000000000        5226357438508455.0       0.14811400000000000     
   0.0000000000000000        0.0000000000000000        5244102212198900.0       0.14811400000000000     
   0.0000000000000000        0.0000000000000000        5195453415221476.0       0.14811400000000000     
   0.0000000000000000        0.0000000000000000        5147236347744018.0       0.14811400000000000     
   0.0000000000000000        0.0000000000000000        5230776906849811.0       0.14811400000000000     
   0.0000000000000000        0.0000000000000000        5315613065137530.0       0.14811400000000000     
   0.0000000000000000        0.0000000000000000        5415499599047508.0       0.14811400000000000     
   0.0000000000000000        0.0000000000000000        5517179405557692.0       0.14811400000000000     
   0.0000000000000000        0.0000000000000000        5601729281786744.0       0.14811400000000000     
   0.0000000000000000        0.0000000000000000        5687517227624269.0       0.14811400000000000     
   0.0000000000000000        0.0000000000000000        5573417552851375.0       0.14811400000000000     
   0.0000000000000000        0.0000000000000000        5461508454210219.0       0.14811400000000000     
   0.0000000000000000        0.0000000000000000        5369901440690069.0       0.14811400000000000     
   0.0000000000000000        0.0000000000000000        5279764743929022.0       0.14811400000000000     
   0.0000000000000000        0.0000000000000000        5266362776634794.0       0.14811400000000000     
   0.0000000000000000        0.0000000000000000        5252993343439713.0       0.14811400000000000     
   0.0000000000000000        0.0000000000000000        5315624576556525.0       0.14811400000000000     
   0.0000000000000000        0.0000000000000000        5378969480260110.0       0.14811400000000000     
   0.0000000000000000        0.0000000000000000        5226352482763634.0       0.14811400000000000     
   0.0000000000000000        0.0000000000000000        5077881265634376.0       0.14811400000000000     
   0.0000000000000000        0.0000000000000000        5017918363916416.0       0.14811400000000000     
   0.0000000000000000        0.0000000000000000        4958632923668651.0       0.14811400000000000     
   0.0000000000000000        0.0000000000000000        4992429630138834.0       0.14811400000000000     
   0.0000000000000000        0.0000000000000000        5026446546193921.0       0.14811400000000000     
   0.0000000000000000        0.0000000000000000        5017922449084835.0       0.14811400000000000     
   0.0000000000000000        0.0000000000000000        5009412175935894.0       0.14811400000000000     
   0.0000000000000000        0.0000000000000000        4983956649016253.0       0.14811400000000000     
   0.0000000000000000        0.0000000000000000        4958624845970699.0       0.14811400000000000     
   0.0000000000000000        0.0000000000000000        4801075200508441.0       0.14811400000000000     
   0.0000000000000000        0.0000000000000000        4648319297010607.0       0.14811400000000000     
   0.0000000000000000        0.0000000000000000        4550381714425343.0       0.14811400000000000     
   0.0000000000000000        0.0000000000000000        4454419385613904.0       0.14811400000000000     
   0.0000000000000000        0.0000000000000000        4492563364099240.0       0.14811400000000000     
   0.0000000000000000        0.0000000000000000        4531019609978553.0       0.14811400000000000     
   0.0000000000000000        0.0000000000000000        4371520693542124.0       0.14811400000000000     
   0.0000000000000000        0.0000000000000000        4217399847284500.5       0.14811400000000000     
   0.0000000000000000        0.0000000000000000        4290139153336848.0       0.14811400000000000     
  -52.710519694393980       -202.96462050355899        4364077443597275.5       0.14811400000000000     
  -697.00822653807995       -1104.8496271528929        4431648626763575.5       0.14811400000000000     
  -2571.3376831274995       -2450.8986390867794        4500219738148662.5       0.14811400000000000     
  -5888.6636829387717       -3925.7903053968330        4462008710975596.0       0.14811400000000000     
  -10299.443922963985       -4760.3925520995399        4424108092015005.5       0.14811400000000000     
  -14594.699126729225       -4020.8429875953589        4345493235976073.5       0.14811400000000000     
  -16076.834755847287        842.40304128231946        4268215469892244.5       0.14811400000000000     
  -9675.4231018445826        12943.559550599544        4156566602257360.0       0.14811400000000000     
   20565.821712229048        14775.963156028301        4047714256736228.0       0.14811400000000000     
   92386.924986839265        45770.560807087924        3938178926278842.0       0.14811400000000000     
   220201.54515437581        92913.199364929460        3831482134646023.5       0.14811400000000000     
   433767.01285971736        165638.32897914015        3769460598279938.5       0.14811400000000000     
   769445.89116941777        274789.29216434434        3708400069792457.0       0.14811400000000000     
   1272164.3961744530        417996.79964341968        3750073229122069.0       0.14811400000000000     
   1989997.7237052794        611539.66670157760        3792194123034361.0       0.14811400000000000     
   2972399.3689125027        840004.43871951103        3887805059362551.5       0.14811400000000000     
   4264140.1584785376        1116216.2512636632        3985719233589971.5       0.14811400000000000     
   5921729.2844900452        1433135.2571434081        4100010888573186.5       0.14811400000000000     
   8005273.4208067004        1800107.0682581365        4217433287348566.0       0.14811400000000000     
   10553582.716801910        2256443.9427772164        4290156149589854.5       0.14811400000000000     
   13620560.750344116        2748846.2561975718        4364077444122272.5       0.14811400000000000     
   17255517.438017689        3369260.4945237637        4393985128172687.5       0.14811400000000000     
   21514842.465350203        4028882.8590382338        4424088777299456.0       0.14811400000000000     
   26581382.073376309        4555705.6068134308        4546487609578360.0       0.14811400000000000     
   32556448.505722020        5236153.6456770897        4672121098351729.0       0.14811400000000000     
   39433502.752775885        6065934.1025905609        4772567014344708.0       0.14811400000000000     
   47293146.117147967        6909408.1676368713        4875076134663904.0       0.14811400000000000     
   55853636.018479906        7726186.4699575901        4950209426166647.0       0.14811400000000000     
   64992539.081422463        8385633.2300431728        5026449274443296.0       0.14811400000000000     
   74888041.064820379        8960274.1548314095        5116792390422387.0       0.14811400000000000     
   85576303.627854899        9565914.3441569805        5208687020701780.0       0.14811400000000000     
   97988567.008510455        8833617.9870071411        5498578752399578.0       0.14811400000000000     
   112296321.91015996        8972161.9202108383        5803860048940209.0       0.14811400000000000     
   127848268.21779087        10220288.255783081        6012932341855470.0       0.14811400000000000     
   144807353.02816454        10946405.275893688        6229193950892789.0       0.14811400000000000     
   163536260.79283500        11581902.949678898        6458306379290607.0       0.14811400000000000     
   184209101.05694711        12256799.201287270        6695462019492278.0       0.14811400000000000     
   206864357.06319195        13052395.208140373        6929363100527636.0       0.14811400000000000     
   231654758.05698091        13763772.301553726        7171063384548633.0       0.14811400000000000     
   257910135.56678283        14729163.101505280        7377505717535407.0       0.14811400000000000     
   285598275.80767286        15209861.016047478        7589621772241046.0       0.14811400000000000     
   316072428.35461152        14331874.467134476        7899159786933078.0       0.14811400000000000     
   349458766.34884530        14422838.145325661        8220742661416360.0       0.14811400000000000     
   386819822.20307833        12844991.554948807        8668891421793610.0       0.14811400000000000     
   428291836.75652152        12660867.789113998        9140332999718564.0       0.14811400000000000     
   471659411.38228893        18162825.677841187        9346512369299104.0       0.14811400000000000     
   518466181.41880620        20365082.178426743        9557131822766480.0       0.14811400000000000     
   570905438.11397088        20150502.435546875        9869247794234262.0       0.14811400000000000     
   628052030.66766357        20860040.015602112        10191090081467108.       0.14811400000000000     
   686831396.79131162        28893260.825235367        10216402933082476.       0.14811400000000000     
   752037622.82739973        33664449.125953674        10241775852436918.       0.14811400000000000     
   832322227.14594078        31327998.550170898        10566777034051352.       0.14811400000000000     
   928066438.28214335        34902624.129138947        10901618868882414.       0.14811400000000000     
   1035730981.4431500        43755262.913230896        11090790044185018.       0.14811400000000000     
   1157420090.1516178        50005608.273040771        11283095241164144.       0.14811400000000000     
   1290629654.2802117        64588416.204929352        11246244555978186.       0.14811400000000000     
   1438312272.2918715        74505829.305332184        11209508884128982.       0.14811400000000000     
   1613547231.4313886        67980790.462120056        11544703879032994.       0.14811400000000000     
   1816669509.3272777        73233010.381408691        11889462686834676.       0.14811400000000000     
   2040014417.5977075        85988165.290039062        12104986164288038.       0.14811400000000000     
   2283252574.5111113        93384338.575782776        12324239170629418.       0.14811400000000000     
   2554209446.0572991        95520532.960861206        12639568630154376.       0.14811400000000000     
   2855644692.3172312        102181109.43652344        12962597043539708.       0.14811400000000000     
   3191437728.7595563        104808777.94779968        13358697812082784.       0.14811400000000000     
   3561121266.5266843        110214405.85420227        13766345332142722.       0.14811400000000000     
   3936575007.8536129        146668221.29116821        13766147059247976.       0.14811400000000000     
   4318954012.2267170        157398216.62748718        13765948789081244.       0.14811400000000000     
   4696315656.6055231        193511080.41081238        13478549441391966.       0.14811400000000000     
   5074841804.8645115        209696796.37710571        13196887285887124.       0.14811400000000000     
   5511228603.4160767        142817220.47770691        13588677885662384.       0.14811400000000000     
   5988189424.8023787        133646865.09567261        13991564973466560.       0.14811400000000000     
   6471351277.7389860        147515811.69702148        14254879105369404.       0.14811400000000000     
   6964189862.7095947        147798468.87808228        14522922772985814.       0.14811400000000000     
   7406799879.4270706        228904736.33752441        14197216785212250.       0.14811400000000000     
   7814776408.6419201        244344646.12124634        13878495353036446.       0.14811400000000000     
   8337334103.9547434        95924997.060668945        14558181933738326.       0.14811400000000000     
   8945994487.9531841        77795122.746032715        15269594787391058.       0.14811400000000000     
   9452739636.6507473        238562592.03494263        14940051498471146.       0.14811400000000000     
   9887907574.0513878        257464195.90582275        14617308041819722.       0.14811400000000000     
   10358838235.283539        199304587.60241699        14664687862141188.       0.14811400000000000     
   10853829404.376125        195079629.14587402        14712214353675236.       0.14811400000000000     
   11447712828.359814        83349101.971191406        15319110664915192.       0.14811400000000000     
   12114882985.812489        69960674.228881836        15949875147168266.       0.14811400000000000     
   12711452969.154121        196486578.41839600        15936921416913620.       0.14811400000000000     
   13266738149.924967        209456177.67944336        15923977735081120.       0.14811400000000000     
   13880070487.336542        144827107.10760498        16235122580178236.       0.14811400000000000     
   14530941987.080544        137462939.34948730        16552068848800348.       0.14811400000000000     
   15190358940.987305        151201967.36712646        16806967280851794.       0.14811400000000000     
   15867150517.610619        153724080.69921875        17065612033598310.       0.14811400000000000     
   16347385466.558752        416825908.73266602        16235179037287636.       0.14811400000000000     
   16711184790.605278        461437804.02886963        15443425696893226.       0.14811400000000000     
   17405740841.612995        31516447.007629395        16274608046504502.       0.14811400000000000     
   18292611676.956940       -18539022.414611816        17148413485681620.       0.14811400000000000     
   18951556515.237003        300784546.11309814        16834124068636830.       0.14811400000000000     
   19492314935.799004        329229526.98376465        16525340421380686.       0.14811400000000000     
   20217070897.338070        94648171.756958008        17052000188448040.       0.14811400000000000     
   21065253937.336258        76305067.627075195        17594666864749178.       0.14811400000000000     
   21662635735.217094        433857000.44812012        16942774483144164.       0.14811400000000000     
   22116659092.115318        481678828.02508545        16313987746556152.       0.14811400000000000     
   22815629162.223171        150168863.45666504        16712803336511276.       0.14811400000000000     
   23650133628.184532        119128137.63134766        17120920063273930.       0.14811400000000000     
   24559562013.609890        53771947.476928711        17693926234071366.       0.14811400000000000     
   25519025294.477936        41921915.634948730        18285219311282992.       0.14811400000000000     
   26382355698.750706        195835526.36706543        18417614767461572.       0.14811400000000000     
   27204803482.163124        209602612.22753906        18550925354467996.       0.14811400000000000     
   28012885000.030273        241204767.09350586        18610478294996084.       0.14811400000000000     
   28816451229.597343        246347888.64562988        18670213774523060.       0.14811400000000000     
   29632060386.954712        237810679.22839355        18760081196286332.       0.14811400000000000     
   30454922092.361549        237356669.36291504        18850361602829356.       0.14811400000000000     
   31311316851.519360        201880623.15698242        19032136962899724.       0.14811400000000000     
   32187531616.513489        198123846.47216797        19215585442453080.       0.14811400000000000     
   32934766848.503872        352158959.84863281        19001681126053872.       0.14811400000000000     
   33615176573.278732        369123871.72192383        18790051752931920.       0.14811400000000000     
   34382904533.114029        256775883.34191895        18865568083891236.       0.14811400000000000     
   35190798024.542145        247391045.78527832        18941374182043440.       0.14811400000000000     
   36043042212.179291        196506386.36669922        19123896876676532.       0.14811400000000000     
   36914640343.429726        188031614.85571289        19308098366184680.       0.14811400000000000     
   37561102444.578690        446213638.91809082        18910774031897156.       0.14811400000000000     
   38089723867.409279        474364516.85034180        18521264601317416.       0.14811400000000000     
   39068729418.524109       -106389936.28674316        19292743759478672.       0.14811400000000000     
   40255290608.523056       -148642265.50732422        20094851394476928.       0.14811400000000000     
   41038117206.070114        304302827.22814941        19935055151806736.       0.14811400000000000     
   41689410222.809006        328977814.57312012        19776472700727964.       0.14811400000000000     
   42441275128.466461        191468480.64880371        19919199372916328.       0.14811400000000000     
   43242037180.278557        179826266.73962402        20062909291661860.       0.14811400000000000     
   43879747396.104782        375248948.33557129        19808146112064756.       0.14811400000000000     
   44433751218.455894        394914431.59887695        19556473767601384.       0.14811400000000000     
   45191283963.276489        125784836.73303223        19823879517321128.       0.14811400000000000     
   46037969843.048340        99178377.895874023        20094774503674120.       0.14811400000000000     
   46880631720.858124        93960387.265502930        20352793514651596.       0.14811400000000000     
   47721788290.767090        86797243.424072266        20613974098791056.       0.14811400000000000     
   48474126665.816269        195924196.80590820        20663298606433128.       0.14811400000000000     
   49177928129.363899        199965186.29455566        20712735791564348.       0.14811400000000000     
   49838648220.150078        236302748.14685059        20696281987197320.       0.14811400000000000     
   50473101409.380966        237206401.14758301        20679840663480916.       0.14811400000000000     
   50939870775.519562        421091844.09106445        20336573948508688.       0.14811400000000000     
   51325430203.948097        442317015.59875488        19998751971041728.       0.14811400000000000     
   51963158428.621361        117896190.29370117        20223162846136764.       0.14811400000000000     
   52706190737.256012        85246693.675781250        20449976991348448.       0.14811400000000000     
   53185289883.782127        391580546.95532227        20142650092506476.       0.14811400000000000     
   53525618811.030197        414375194.37841797        19839736276498928.       0.14811400000000000     
   54108815520.607437        79223201.922607422        20078669366076828.       0.14811400000000000     
   54798415082.709572        45187779.129150391        20320348580872140.       0.14811400000000000     
   55124813725.198860        468058121.31030273        19871407511974332.       0.14811400000000000     
   55264153339.539253        503867192.91748047        19431946856727220.       0.14811400000000000     
   55713622996.100571        85247326.030273438        19634793084807652.       0.14811400000000000     
   56299293459.126274        45067592.846191406        19839660304699084.       0.14811400000000000     
   56745913279.687073        209548246.65600586        19776439879989160.       0.14811400000000000     
   57107711249.097412        213643789.25512695        19713411849068124.       0.14811400000000000     
   57487389122.469467        156479088.13110352        19729126290866148.       0.14811400000000000     
   57865907459.080688        147173877.93896484        19744852693924736.       0.14811400000000000     
   58198944929.167648        173191271.59008789        19713318720710100.       0.14811400000000000     
   58498374211.115692        166507359.71362305        19681832840764580.       0.14811400000000000     
   58762566815.954430        186495029.15258789        19619067717739140.       0.14811400000000000     
   58997154014.182831        182651496.11499023        19556493748295832.       0.14811400000000000     
   59009442376.452728        414063954.09936523        19169659408358348.       0.14811400000000000     
   58903003170.004883        433893709.78027344        18790138310697360.       0.14811400000000000     
   59023866359.721954        116021159.73828125        18835277677918696.       0.14811400000000000     
   59246258940.199013        84349595.777099609        18880520589797080.       0.14811400000000000     
   59224060901.966164        359499236.08911133        18550915852162852.       0.14811400000000000     
   59067554286.266487        380138006.97167969        18226810238780692.       0.14811400000000000     
   58960749731.251480        275009554.97705078        18037859600100200.       0.14811400000000000     
   58872035392.894447        265417069.11328125        17850780421000156.       0.14811400000000000     
   58698325735.280975        344211691.11401367        17566553663878376.       0.14811400000000000     
   58470732163.365768        348967522.88134766        17286651928632760.       0.14811400000000000     
   58216380373.490906        348950084.05883789        17011058450245290.       0.14811400000000000     
   57942094273.413689        347243937.68090820        16739664088015164.       0.14811400000000000     
   57712913851.660217        270328123.08374023        16552128490068006.       0.14811400000000000     
   57498532502.501007        256498250.07983398        16366600465879840.       0.14811400000000000     
   57237327522.956268        306172175.82031250        16130939863241440.       0.14811400000000000     
   56941675735.254478        306092741.18896484        15898522214178690.       0.14811400000000000     
   56567415366.773994        382446637.83325195        15593640773623016.       0.14811400000000000     
   56145759299.217438        387791387.12792969        15294348402299066.       0.14811400000000000     
   55621375996.607964        489606302.28222656        14903888192564004.       0.14811400000000000     
   55033321465.379555        502720045.56860352        14522960377024302.       0.14811400000000000     
   54600963518.056198        304776627.94506836        14335955188134858.       0.14811400000000000     
   54251042196.974091        285878755.11352539        14151251454450164.       0.14811400000000000     
   53944230417.426079        238901010.83154297        14002800740488772.       0.14811400000000000     
   53659333777.524887        231553153.78564453        13855838302030228.       0.14811400000000000     
   53219012492.171631        426342126.15722656        13544510383111546.       0.14811400000000000     
   52684982536.545059        448088345.77368164        13239871544868022.       0.14811400000000000     
   52295142226.000839        260571873.07788086        13100635750613462.       0.14811400000000000     
   51989712226.393166        240893723.56652832        12962799427068996.       0.14811400000000000     
   51784710498.125366        128765726.15625000        12910177742678108.       0.14811400000000000     
   51638688581.788208        117036601.30017090        12857760165005708.       0.14811400000000000     
   51394543205.362770        242249691.74621582        12701630263986330.       0.14811400000000000     
   51092143943.100014        255754516.86938477        12547312529702688.       0.14811400000000000     
   50959863551.913040        52546102.041381836        12557535895153274.       0.14811400000000000     
   50924265499.423004        28285630.643432617        12567767218199964.       0.14811400000000000     
   50519851043.019852        481335065.36291504        12224141613293834.       0.14811400000000000     
   49894476099.153275        535139437.53027344        11889503063782668.       0.14811400000000000     
   49798843372.130348       -119585291.02062988        12026256035475956.       0.14811400000000000     
   49994508786.002670       -167996620.25488281        12164511000216282.       0.14811400000000000     
   48340759919.490555        1986468693.8100586        10768097803175218.       0.14811400000000000     
   45659639310.419312        2239106322.4888916        9525645804264984.0       0.14811400000000000     
   45470603836.000717       -857442309.39221191        10132847857712856.       0.14811400000000000     
   46722878881.565788       -1167776491.6689453        10776931514930674.       0.14811400000000000     
   46646624046.389008        150826502.05676270        10697626137371682.       0.14811400000000000     
   46465986901.872025        163568779.50964355        10618878570794044.       0.14811400000000000     
   47167208326.429825       -672227251.76367188        11000205609876008.       0.14811400000000000     
   48032697671.986656       -749794163.57312012        11394595760645856.       0.14811400000000000     
   48001933720.541580        88250830.987182617        11348015808061058.       0.14811400000000000     
   47904956452.032173        97151169.698974609        11301617819581340.       0.14811400000000000     
   47877379564.513313        8282265.7419433594        11320145739412904.       0.14811400000000000     
   47891099235.663925       -42458074.060546875        11338702678958506.       0.14811400000000000     
   47881069842.701149        35726116.068603516        11329438373835592.       0.14811400000000000     
   47854085066.085388        37770416.709960938        11320181301177594.       0.14811400000000000     
   47521234908.099556        398842106.40869141        11063460127228290.       0.14811400000000000     
   46997279020.577019        443984386.54785156        10812307329781154.       0.14811400000000000     
   46520067880.295837        354885608.55908203        10636371899564224.       0.14811400000000000     
   46079862756.472916        349090316.21386719        10463173882850096.       0.14811400000000000     
   46194866841.247086       -282861987.27770996        10645121898387644.       0.14811400000000000     
   46568234512.004738       -330025296.14416504        10830090793492112.       0.14811400000000000     
   46382979817.910736        246350312.31396484        10680061784544102.       0.14811400000000000     
   46059495839.480377        277126494.61474609        10532019887032474.       0.14811400000000000     
   45899445055.974236        62571378.604003906        10532015738006522.       0.14811400000000000     
   45848246998.426788        38302658.135620117        10532011588982118.       0.14811400000000000     
   45578670032.741585        306937698.93969727        10351842650550672.       0.14811400000000000     
   45167537091.848457        342977378.68701172        10174621043594418.       0.14811400000000000     
   44670047082.114716        419761252.18176270        9959202668046608.0       0.14811400000000000     
   44123630114.516235        433054487.65881348        9748146678172168.0       0.14811400000000000     
   43628917955.535057        358435159.33935547        9588709693485120.0       0.14811400000000000     
   43170705301.153870        351768824.69189453        9431766480835056.0       0.14811400000000000     
   42738568213.227417        323634261.10314941        9292629334114904.0       0.14811400000000000     
   42320767731.725418        317067007.36560059        9155454991036860.0       0.14811400000000000     
   41884691190.790123        343861907.59289551        9005312193113961.0       0.14811400000000000     
   41433706104.696609        346237353.23828125        8857524220852905.0       0.14811400000000000     
   41122806825.002281        176929392.69592285        8806351608580622.0       0.14811400000000000     
   40907313391.711189        153217594.33874512        8755461612907912.0       0.14811400000000000     
   40449068114.284904        456913226.69909668        8533416560973301.0       0.14811400000000000     
   39820102009.082336        495003938.98156738        8316759536751827.0       0.14811400000000000     
