 R_HOM_O10                Loss by CS     Actual loss   Csat   molar mass
   0.0000000000000000        0.0000000000000000        9756482135163.7031       0.29499999999999998     
   9.6151909795645245E-008   0.0000000000000000        9756449782165.7578       0.29499999999999998     
   20742005710.474327        20398028461.328125        9756417428731.8945       0.29499999999999998     
   16154797018.886742        15766749419.885132        9714371545642.9727       0.29499999999999998     
   13307040062.269615        13106636244.657227        9672499117598.1289       0.29499999999999998     
   11985108391.166327        11721692314.722534        9849672433401.9473       0.29499999999999998     
   12831457286.762161        12610024096.317505        10029949317527.381       0.29499999999999998     
   11401268495.785837        11123524111.106689        10230958832459.219       0.29499999999999998     
   10619672898.269056        10439231851.459106        10435820373372.479       0.29499999999999998     
   9601444046.9553604        9371338049.2308960        10230937671324.555       0.29499999999999998     
   8464911932.9552832        8331477680.6099854        10029907790325.420       0.29499999999999998     
   7963617438.9544668        7785738997.7248535        10055914125407.965       0.29499999999999998     
   7689753521.7776241        7466749782.5900879        10081984988497.482       0.29499999999999998     
   7326487712.2174187        7063057504.5972900        10090668759361.617       0.29499999999999998     
   6951979444.7639008        6651716964.8000488        10099359687082.938       0.29499999999999998     
   6512311639.7133789        6186295643.9343262        9824168686148.2559       0.29499999999999998     
   6158599408.4477253        5810588694.1091309        9556162727032.7559       0.29499999999999998     
   5968765028.7172937        5589841818.6652832        9639141593141.2969       0.29499999999999998     
   5751428937.3038712        5343388668.0082397        9722809819036.8730       0.29499999999999998     
   5529796740.9103775        5094198971.5748901        9807189119399.6348       0.29499999999999998     
   5314640972.6985207        4852868128.9861450        9892269009771.9863       0.29499999999999998     
   5107058665.6003513        4622527868.6963501        9926513722218.5508       0.29499999999999998     
   4930368217.2011127        4424119256.8923950        9960871874965.5371       0.29499999999999998     
   4739768256.1367693        4219324383.6500854        9866681506427.6992       0.29499999999999998     
   4585639118.3086939        4052194586.6825562        9773343916903.9492       0.29499999999999998     
   4526611243.8943958        3967336471.7863159        9935070665122.9980       0.29499999999999998     
   4450008183.9631882        3865269890.7318115        10099356900216.760       0.29499999999999998     
   4380368847.2014532        3768785725.4652710        10292853575888.291       0.29499999999999998     
   4312153209.2924738        3673708936.1545105        10489895296604.871       0.29499999999999998     
   4238600741.8733807        3575489418.4373169        10653795285059.840       0.29499999999999998     
   4173321862.4268675        3485604927.0262451        10820144370032.889       0.29499999999999998     
   4077833250.7430143        3389605468.9015503        10598907595345.648       0.29499999999999998     
   4095934670.6170149        3406092265.4027710        10382003700366.662       0.29499999999999998     
   4135979326.8920050        3442309893.4124756        10204513755386.844       0.29499999999999998     
   4175214586.4118743        3478018795.8614197        10029929939264.895       0.29499999999999998     
   4503299624.4584408        3788149641.6351013        10003976876669.791       0.29499999999999998     
   5153729628.7962132        4412878986.3884277        9978088094347.0059       0.29499999999999998     
   5913264613.4798059        5131577616.4258423        10099379195690.238       0.29499999999999998     
   6663873871.5274544        5837475034.4418945        10222080611014.602       0.29499999999999998     
   7156977777.4393606        6318152477.0173950        9926504127019.7637       0.29499999999999998     
   7623942588.1604004        6772605048.6555786        9639117609203.2539       0.29499999999999998     
   8132993011.4823360        7254955043.7796631        9523097120563.0859       0.29499999999999998     
   8573714222.1403961        7669488036.7691040        9408413891858.6855       0.29499999999999998     
   9131929833.7644310        8183598162.0521851        9473787838593.9648       0.29499999999999998     
   9681761268.1333675        8687682482.2006836        9539596419973.3848       0.29499999999999998     
   10131162724.467403        9099474509.8111572        9523105023924.4082       0.29499999999999998     
   10555110954.406755        9485997368.5665283        9506640915378.0215       0.29499999999999998     
   10916922915.279209        9814758488.4916992        9457397496844.0605       0.29499999999999998     
   11247031478.873764        10112923590.322388        9408398267965.5469       0.29499999999999998     
   11315972880.525768        10183075607.611816        9103760540652.8516       0.29499999999999998     
   11363360781.608139        10234558002.672485        8808577213832.2539       0.29499999999999998     
   11447580836.283928        10313398157.785767        8619422707154.3057       0.29499999999999998     
   11461074186.706121        10324750303.430664        8434159804298.2627       0.29499999999999998     
   11682759320.363007        10511974775.168335        8507790600175.9922       0.29499999999999998     
   11813758637.744558        10610415173.625977        8582036465062.8594       0.29499999999999998     
   11524905485.145720        10345549182.868896        8274179601590.4883       0.29499999999999998     
   11335759617.758350        10181385065.111084        7976910267187.4824       0.29499999999999998     
   11639555547.134607        10447620900.105591        8117184516786.8643       0.29499999999999998     
   11888494968.250540        10659029239.314575        8259818275601.9229       0.29499999999999998     
   12135823605.087231        10870362380.274658        8390210356220.6133       0.29499999999999998     
   12407660543.991537        11105482594.110229        8522571460858.4805       0.29499999999999998     
   12466753382.065420        11160125627.831665        8448808800245.2051       0.29499999999999998     
   12558162049.494917        11247893239.858765        8375657465578.7236       0.29499999999999998     
   12571767675.485870        11271368587.279175        8223963185125.8994       0.29499999999999998     
   12608649234.225986        11318717769.184448        8074900851658.1797       0.29499999999999998     
   12571527099.716595        11304004627.696411        7859632310954.2275       0.29499999999999998     
   12551658291.385571        11306834601.398682        7649863735039.1250       0.29499999999999998     
   12604366403.208225        11381874088.255615        7438889519070.7510       0.29499999999999998     
   12712066835.586445        11510601990.046631        7233492048638.1309       0.29499999999999998     
   12905767947.339401        11711856953.380981        7114147845925.3955       0.29499999999999998     
   13062639850.325443        11876949965.713623        6996690081502.1582       0.29499999999999998     
   13341994107.058510        12134071727.740723        7076849722062.9424       0.29499999999999998     
   13456920436.230114        12229813227.730713        7157888167686.7988       0.29499999999999998     
   13567075983.509634        12306244297.356201        7341903279972.0029       0.29499999999999998     
   13534739586.055458        12242428673.765808        7530442322666.3516       0.29499999999999998     
   13538611786.630678        12209094310.510254        7750630710462.4756       0.29499999999999998     
   13537228528.212097        12169193933.028564        7976974744011.8389       0.29499999999999998     
   13421935554.312658        12030394599.907166        8117217298669.1143       0.29499999999999998     
   13337431995.406752        11921491420.611755        8259818276614.9023       0.29499999999999998     
   13133308466.133018        11708429109.209229        8317526321449.2246       0.29499999999999998     
   12953424072.101166        11519529184.999756        8375620189670.1816       0.29499999999999998     
   12989836244.229897        11514900828.827148        8611903340699.3574       0.29499999999999998     
   12973986010.520908        11457073824.202637        8854559243831.5000       0.29499999999999998     
   12898534076.036158        11347973483.741943        9048657711612.2578       0.29499999999999998     
   12848507524.738358        11262874586.346191        9246824831316.9180       0.29499999999999998     
   12712221257.904272        11101424272.754456        9392121421449.4766       0.29499999999999998     
   12477054721.531504        10843369628.033875        9539601698348.6406       0.29499999999999998     
   12215711383.663923        10555469105.461609        9714419874196.8457       0.29499999999999998     
   11859879308.853037        10175132195.933105        9892301790959.0879       0.29499999999999998     
   11928435170.479868        10146729573.533936        10453844436907.104       0.29499999999999998     
   11640283539.436529        9763762420.6220093        11045819302174.707       0.29499999999999998     
   11331155201.213636        9389476066.1250610        11451585060618.047       0.29499999999999998     
   11004761023.407139        8997047563.2471924        11871592064474.531       0.29499999999999998     
   10855731071.470728        8772558199.7708130        12316865790914.818       0.29499999999999998     
   10479906704.688751        8325024556.7853394        12778094394399.879       0.29499999999999998     
   10221013109.152119        7991853569.5731812        13233304363087.715       0.29499999999999998     
   10000210214.685747        7693120048.5801392        13704006373076.516       0.29499999999999998     
   9609724935.2372093        7241354350.4567871        14106289332536.721       0.29499999999999998     
   9217076774.6953640        6786084003.8880005        14519856090174.021       0.29499999999999998     
   8776161969.8131256        6250968476.5838623        15123769583910.098       0.29499999999999998     
   8406764460.8410349        5780644533.1903992        15751669591119.521       0.29499999999999998     
   7887700644.5331631        5121659698.6611023        16627485351982.422       0.29499999999999998     
   7353641737.5921879        4439959303.9935608        17549771298579.734       0.29499999999999998     
   6639199462.5409756        3678037666.4464111        17953415458076.070       0.29499999999999998     
   6034487764.0246201        3024429723.8058472        18365930696265.926       0.29499999999999998     
   5381942289.6741190        2285789302.4080811        18977558744968.848       0.29499999999999998     
   4638933252.1123552       -1765720685.4591980        19608640127363.738       0.29499999999999998     
   4158640820.8952336        1057615755.7242126        19658291174023.414       0.29499999999999998     
   4520481530.9096127        1497621389.9933777        19708062441114.621       0.29499999999999998     
   5441034186.6336899        2387875286.5429077        20345791342932.688       0.29499999999999998     
   3943845530.2745047        862511050.65547180        21003228422720.949       0.29499999999999998     
   3855711522.7644615        732323745.74525452        21374826187600.785       0.29499999999999998     
   4022957078.0402832        849533436.62933350        21752706453945.477       0.29499999999999998     
   4164892233.4039211        1015250987.7307281        21680284996122.625       0.29499999999999998     
   4340512515.9908829        1214538213.5212250        21608094157698.594       0.29499999999999998     
   4576798239.8844757        1354276999.4624329        22266968662902.316       0.29499999999999998     
   4772114899.0984507        1449141712.4218445        22945029912643.004       0.29499999999999998     
   4925514211.0403891        1544482995.1224976        23369109761779.199       0.29499999999999998     
   5084664380.1970949        1644085404.9394531        23800678612384.371       0.29499999999999998     
   5233494527.3864384        1702919629.9818420        24421621385741.871       0.29499999999999998     
   5352812767.6664104        1730509442.6213379        25058036897690.582       0.29499999999999998     
   5449043674.6650591        1712728324.1801147        25838836006835.750       0.29499999999999998     
   5516726676.1173611        1664123389.0165100        26642865863617.105       0.29499999999999998     
   5546579441.4341316        1707747359.4979553        26642474683468.531       0.29499999999999998     
   5612290722.0946884        1786758234.6877136        26642083508811.773       0.29499999999999998     
   5646437423.3171444        1923091816.2153931        26075178391678.629       0.29499999999999998     
   5687252523.0688610        2063600345.8539124        25519817841867.773       0.29499999999999998     
   5764634745.0535889        2030642598.2935486        26292383064354.855       0.29499999999999998     
   5721216097.1246662        1873762396.4150696        27087280567829.598       0.29499999999999998     
   5636399350.1446171        1719956368.0221558        27607041317334.055       0.29499999999999998     
   5544281549.0519333        1558403505.6199036        28136329366622.742       0.29499999999999998     
   5444570405.0184231        1571762545.9486694        27493204501959.930       0.29499999999999998     
   5400474237.7968063        1638014541.2289124        26864148404790.984       0.29499999999999998     
   5337304365.3087626        1381579890.1915588        28205967492381.383       0.29499999999999998     
   5138695870.2692928        981955798.76077271        29611723355022.145       0.29499999999999998     
   4969060144.6519861        929814567.52044678        28960382065184.641       0.29499999999999998     
   4901161013.0267448        976068519.59304810        28322751057469.383       0.29499999999999998     
   4822444002.0131216        899863756.90542603        28416340441428.992       0.29499999999999998     
   4704508444.1147480        783046102.01950073        28510225446386.949       0.29499999999999998     
   4797854653.1489582        718850783.18136597        29709615079303.094       0.29499999999999998     
   5064528862.0777264        917703416.07180786        30957152962516.023       0.29499999999999998     
   6542187601.8379059        2519594607.1378479        30931523058014.504       0.29499999999999998     
   4910922842.9100618        1041942108.8514099        30905913439273.305       0.29499999999999998     
   4178718962.2553849       -107544912625.49963        31521637835784.863       0.29499999999999998     
   6126211783.9929600        2292360535.1351929        32149078387513.270       0.29499999999999998     
   4095409233.9224725        360004786.96740723        32653855939725.605       0.29499999999999998     
   4504126790.4510012        792641810.74371338        33166204398597.281       0.29499999999999998     
   3763286285.5326772        307895489.31295776        31521749579670.371       0.29499999999999998     
   3811980631.6886015        555870219.12286377        29955410016626.207       0.29499999999999998     
   3817458143.8609419        378245562.86642456        31599792092744.945       0.29499999999999998     
   6179849217.9728708        2508871743.3213501        33330257486557.766       0.29499999999999998     
   3762170155.8862886        280115640.10249329        32707643566551.031       0.29499999999999998     
   3699856982.9765139        305743161.37910461        32096156560714.246       0.29499999999999998     
   4263767222.5676632        755331127.87532043        33139236962674.465       0.29499999999999998     
   4005830080.8556614        447027877.36787415        34214674767431.074       0.29499999999999998     
   3589973021.8138690        233359820.48175049        32922856986938.254       0.29499999999999998     
   3620152001.6199312        412765940.24671936        31677740673640.406       0.29499999999999998     
   3666473641.8747940        382112797.06399536        32467364829203.340       0.29499999999999998     
   3665069870.3027015        299461055.87051392        33275783533030.297       0.29499999999999998     
   3794662840.4040880        314578043.95596313        34411453824545.918       0.29499999999999998     
   3768129822.1410041        209801890.42033386        35584117055007.734       0.29499999999999998     
   4363476969.6287479        850302617.16893005        35846787961505.367       0.29499999999999998     
   3665372911.9654856       -27153671100.528397        36111311543294.555       0.29499999999999998     
   3857628662.3455243        399648276.50505066        36229492331404.055       0.29499999999999998     
   4109422297.0303888        661408350.13320923        36348042743119.180       0.29499999999999998     
   3863534500.2917404        430385490.77175903        36526406569565.547       0.29499999999999998     
   3696070331.5290651        271736895.43183899        36705606780137.492       0.29499999999999998     
   3590166778.8716125       -34867331836.458694        37066468498064.023       0.29499999999999998     
   3586183052.5224924       -56573700215.345276        37430719597667.219       0.29499999999999998     
   3554144164.1121130        183345119.33518982        37006002670276.289       0.29499999999999998     
   3582992088.2042689        262168000.98045349        36585894147280.672       0.29499999999999998     
   3601319901.7309837        274424431.84866333        36735792210654.734       0.29499999999999998     
   3608401226.2733212        274375838.91897583        36886277179628.570       0.29499999999999998     
   3611804612.3868942        249651348.23641968        37248656395755.289       0.29499999999999998     
   3610317538.8495784        219783206.51040649        37614436808874.406       0.29499999999999998     
   3629807587.6943731        322369883.71430969        36825530488847.852       0.29499999999999998     
   3670915830.5244188        444974252.15849304        36052453534097.578       0.29499999999999998     
   3672325552.8434992        304875423.02255249        37583943607274.164       0.29499999999999998     
   3772568829.2257595        261921585.79452515        39177497117824.500       0.29499999999999998     
   3624005053.7681670        167116009.33403015        38859928483267.367       0.29499999999999998     
   3653645161.8350554        233858489.08639526        38544820949591.367       0.29499999999999998     
   3682361847.2980661        241751938.14454651        38828420432642.070       0.29499999999999998     
   3700974091.3682723        238591230.93009949        39114013529082.609       0.29499999999999998     
   3737393845.5006318        328140659.97351074        38607752946740.227       0.29499999999999998     
   3790306399.1008644        433344269.91355896        38107758606820.586       0.29499999999999998     
   3826569630.0796881        423556081.38017273        38639014424399.250       0.29499999999999998     
   3845109403.9880104        394334346.60484314        39177344298225.258       0.29499999999999998     
   3862816672.5831165        366636338.27301025        39690217835752.891       0.29499999999999998     
   3871180866.0988669        329417333.33879089        40209504411660.781       0.29499999999999998     
   3889620420.0303240        342546336.19744873        40307587184001.047       0.29499999999999998     
   3920003894.4130545        367339115.02148438        40405898582369.273       0.29499999999999998     
   3954411299.2805462        408302407.12211609        40373177836607.180       0.29499999999999998     
   3991945360.8295403        451998646.07760620        40340482415239.984       0.29499999999999998     
   4041563085.9472613        568068328.70524597        39657973891167.750       0.29499999999999998     
   4107766192.1699977        699161783.76219177        38986509483166.008       0.29499999999999998     
   4151527636.9779530        702555538.72837830        39432530468237.023       0.29499999999999998     
   4173486980.3789024        682252448.92182922        39883425718320.391       0.29499999999999998     
   4225808873.2142634        791166403.84732056        39272498685205.078       0.29499999999999998     
   4304556572.9771051        925252794.74255371        38670521487765.734       0.29499999999999998     
   4353164104.7619267        928185280.91003418        39145335770310.969       0.29499999999999998     
   4372870310.0674372        900613007.01568604        39625718913312.516       0.29499999999999998     
   4432027801.9269285        1040019415.3338928        38733453063365.180       0.29499999999999998     
   4527152301.9469490        1213238840.4521790        37860408657501.234       0.29499999999999998     
   4585720025.7898397        1230595613.8515320        38263341304322.695       0.29499999999999998     
   4608604985.3591623        1210223694.6907806        38670370532152.102       0.29499999999999998     
   4652323123.1812706        1260629290.0933533        38544755738980.672       0.29499999999999998     
   4710017793.0434952        1324447564.6448059        38419530985377.773       0.29499999999999998     
   4763101070.0912352        1368509005.9779053        38450751876381.594       0.29499999999999998     
   4812751474.5880222        1408553328.6710205        38481997015287.789       0.29499999999999998     
   4865246536.1655922        1459933922.4174805        38419345962727.477       0.29499999999999998     
   4919759871.8482113        1512786512.2984619        38356792403493.719       0.29499999999999998     
   4966648399.9109077        1563841163.1481628        38232101617832.938       0.29499999999999998     
   5018109149.1832924        1618856294.2954712        38107798297279.078       0.29499999999999998     
   5095165888.4684505        1759283081.7693787        37339523551055.156       0.29499999999999998     
   5193527553.4721680        1919156345.1031494        36586065955629.641       0.29499999999999998     
   5399902497.4531994        2102078428.7322083        36675665095510.008       0.29499999999999998     
   5641074235.1386080        2315411756.6077271        36765473951968.734       0.29499999999999998     
   6031803144.0664663        2743029533.4327087        36111292686880.352       0.29499999999999998     
   6496296087.3433542        3239410125.1003113        35468245925659.719       0.29499999999999998     
   6944906930.2599220        3691852022.4524536        35093457728974.508       0.29499999999999998     
   7374109642.5227270        4122190065.9194031        34722456752095.965       0.29499999999999998     
   7802520213.7756729        4568315051.7406921        34158945008960.766       0.29499999999999998     
   8228419046.0468025        5009460793.0634766        33604181185880.238       0.29499999999999998     
   8606885107.0153942        5402311229.4065552        33058126770707.656       0.29499999999999998     
   8957386932.1907883        5766008909.0189819        32520560305886.219       0.29499999999999998     
   9275178390.2288170        6080012674.7301941        32149196478055.066       0.29499999999999998     
   9551884392.6753025        6352569574.1223145        31781888530864.387       0.29499999999999998     
   9802734905.2372208        6610133781.8190918        31315444954732.496       0.29499999999999998     
   10028031958.090536        6841986827.0447998        30855549800810.723       0.29499999999999998     
   10244888904.613115        7080822853.8576050        30252465625738.582       0.29499999999999998     
   10440443620.773991        7298210680.5621948        29660659899430.621       0.29499999999999998     
   10613190915.717407        7513316856.0828247        28888922285463.164       0.29499999999999998     
   10706719191.950981        7651012674.9395752        28136403634219.457       0.29499999999999998     
   10721828747.705471        7672568040.2872314        27767116650180.191       0.29499999999999998     
   10669434604.352777        7628345143.7373657        27402466286485.395       0.29499999999999998     
   10613751928.933203        7574391517.2896729        27109455205495.773       0.29499999999999998     
   10554512285.344362        7517632393.7028809        26819441102863.742       0.29499999999999998     
   10485784208.918802        7490184682.9468384        26205268041545.812       0.29499999999999998     
   10446996871.087147        7492332733.5624390        25604556250104.109       0.29499999999999998     
   10424666730.611713        7474174884.1912231        25330088735587.969       0.29499999999999998     
   10372295464.423483        7426732072.1206055        25058435721661.703       0.29499999999999998     
   10323470464.001362        7363878852.5476074        24954741691476.199       0.29499999999999998     
   10272901468.103611        7299808516.6124268        24851458026918.441       0.29499999999999998     
   10229859182.740442        7268266632.4546509        24543868050646.699       0.29499999999999998     
   10232398381.826790        7281890038.7005615        24239920363294.508       0.29499999999999998     
   10289390002.163904        7308867767.7440186        24260054298274.492       0.29499999999999998     
   10339950015.480370        7328862721.2849121        24280204223736.137       0.29499999999999998     
   10348637306.848450        7395838577.3824463        23603631921024.656       0.29499999999999998     
   10434105004.885038        7537543973.3413696        22945109347396.840       0.29499999999999998     
   10633234971.013256        7671898918.3677368        23214177427500.109       0.29499999999999998     
   10738317928.709061        7711674527.3349609        23486261168379.285       0.29499999999999998     
   10341393268.171713        7655418208.0332031        20741022023690.059       0.29499999999999998     
   10142448402.996971        7759498542.6228027        18304251461309.262       0.29499999999999998     
   10600094766.658682        8034022329.7346191        19494407367846.914       0.29499999999999998     
   10560497549.883484        7805459844.3387451        20758367574558.391       0.29499999999999998     
   10184747492.225063        7440576521.0369873        20602656373025.840       0.29499999999999998     
   10014773464.440252        7276706129.8743896        20448062581147.254       0.29499999999999998     
   10010452864.824312        7151185621.0517578        21196871466345.770       0.29499999999999998     
   9861815121.6200657        6880669161.6923828        21971862733421.504       0.29499999999999998     
   9551843989.8118172        6573871228.5427246        21880303908243.465       0.29499999999999998     
   9369425049.9652386        6392141981.4827576        21789110013167.359       0.29499999999999998     
   9218394029.9407539        6223986474.0063782        21825525229545.379       0.29499999999999998     
   9056832219.1592655        6045578114.8610229        21861998642338.031       0.29499999999999998     
   8891748261.4053612        5872538255.3371887        21843789631325.367       0.29499999999999998     
   8737787015.7180424        5710854346.0199280        21825595124601.273       0.29499999999999998     
   8519436377.4726334        5557305001.5707397        21321133098639.949       0.29499999999999998     
   8351752094.5702372        5453587288.3855286        20827832985982.086       0.29499999999999998     
   8208492411.3106594        5353346227.4521484        20482402804083.113       0.29499999999999998     
   8056600067.9213428        5244083268.5644226        20142455613031.902       0.29499999999999998     
   8009170561.8194313        5134974392.4026184        20499579872888.383       0.29499999999999998     
   7891553630.6338835        4955623013.1328125        20862754998204.629       0.29499999999999998     
   7663381645.8319044        4766602889.8367615        20568172879841.109       0.29499999999999998     
   7523662362.8466940        4664728317.6022034        20277571227013.758       0.29499999999999998     
   7435078991.3388462        4570117729.6011658        20277563083711.016       0.29499999999999998     
   7321345596.9899473        4450481926.5046082        20277554940411.551       0.29499999999999998     
   7161300578.3999205        4338854706.5479736        19923996034091.434       0.29499999999999998     
   7043011849.2795076        4268650830.6793213        19576337468038.816       0.29499999999999998     
   6920245828.2556190        4205469006.3796387        19153906208780.797       0.29499999999999998     
   6805384718.7467384        4149202237.7446899        18740201561369.684       0.29499999999999998     
   6704485433.1400757        4091693788.3876343        18427793828100.871       0.29499999999999998     
   6596299381.4144983        4026488907.8590698        18120371010795.137       0.29499999999999998     
   6491378254.3269720        3959459378.8093262        17847910012637.539       0.29499999999999998     
   6383520221.0013866        3889123350.0132446        17579370159589.131       0.29499999999999998     
   6265795351.3222227        3813565872.6658325        17285532165126.625       0.29499999999999998     
   6149097544.4043255        3738633519.1581421        16996395596248.646       0.29499999999999998     
   6064228439.2370644        3666654954.1733398        16896301806392.506       0.29499999999999998     
   5968140363.5273895        3583213448.9307556        16796772016969.656       0.29499999999999998     
   5864398398.5846243        3542559052.7794800        16362632371114.855       0.29499999999999998     
   5824914435.6536093        3563755703.9874268        15939238715239.873       0.29499999999999998     
