 TLBIPEROOH               Loss by CS     Actual loss   Csat   molar mass
   0.0000000000000000        0.0000000000000000        2.1138271836439958E+017  0.17415130000000001     
   1.3736736531116328E-010   0.0000000000000000        2.1138211032938301E+017  0.17415130000000001     
   91184498.678609997        35874373.737169266        2.1138150228590266E+017  0.17415130000000001     
   201097218.83776510        2403780.1562671661        2.1059107462418006E+017  0.17415130000000001     
   308783046.50939190        126409786.80468559        2.0980345669639139E+017  0.17415130000000001     
   448427332.83508468        2774233.9342155457        2.1313301023044598E+017  0.17415130000000001     
   686837188.63174558        262114827.87387085        2.1651274472689555E+017  0.17415130000000001     
   855099603.05622518        2716980.8965377808        2.2027168129302032E+017  0.17415130000000001     
   1008623172.5930904        381375050.79847717        2.2409258689592714E+017  0.17415130000000001     
   1159739876.3602512        3036174.1131515503        2.2027128609236269E+017  0.17415130000000001     
   1211295271.5972157        493536256.22732544        2.1651196713015696E+017  0.17415130000000001     
   1329744308.9812562        2405207.2865295410        2.1699885216099178E+017  0.17415130000000001     
   1451936990.2417758        2165129.3042449951        2.1748677766931104E+017  0.17415130000000001     
   1565494706.5147634        2048055.2514801025        2.1764926036927718E+017  0.17415130000000001     
   1670724025.8323030        1895625.0852203369        2.1781185841380806E+017  0.17415130000000001     
   1766175813.6847975        2598112.2048950195        2.1265422028127376E+017  0.17415130000000001     
   1853321974.6137457        2560234.5786895752        2.0761279471963306E+017  0.17415130000000001     
   1935372555.2371609        1302177.4409942627        2.0917567999030061E+017  0.17415130000000001     
   2011787437.9362555        1177380.6124877930        2.1074974348526090E+017  0.17415130000000001     
   2083404044.3324435        1080545.9912872314        2.1233536608115293E+017  0.17415130000000001     
   2150918932.0436616        988520.60737609863        2.1393232293194973E+017  0.17415130000000001     
   2214154608.5327520        1093299.6988220215        2.1457458423684493E+017  0.17415130000000001     
   2273663837.9458017        1022519.8177795410        2.1521867785245555E+017  0.17415130000000001     
   2329015778.5752716        1464767.5455627441        2.1345223554870736E+017  0.17415130000000001     
   2381194159.4403834        1433928.2698669434        2.1169957855901357E+017  0.17415130000000001     
   2431992590.0237141        332575.04682922363        2.1473502420657712E+017  0.17415130000000001     
   2480236009.0739636        269019.34584045410        2.1781180627747136E+017  0.17415130000000001     
   2526474807.3322468        109700.82751464844        2.2142715092647981E+017  0.17415130000000001     
   2570775796.9129615        60664.604919433594        2.2509948043906666E+017  0.17415130000000001     
   2613127081.0190768        159002.14529418945        2.2814716642647763E+017  0.17415130000000001     
   2653852384.5939398        120521.04541015625        2.3123404064932851E+017  0.17415130000000001     
   2691318415.7467861        1644165.5663299561        2.2712723861016522E+017  0.17415130000000001     
   2728946798.5347028        1706101.1339416504        2.2308981476082384E+017  0.17415130000000001     
   2767525522.8253975        1616727.4563598633        2.1977771422250666E+017  0.17415130000000001     
   2807298415.3886242        1686634.0617675781        2.1651238186903981E+017  0.17415130000000001     
   2851702780.3474455        1133844.9532775879        2.1602632738069984E+017  0.17415130000000001     
   2905048363.2494731        1357786.2965087891        2.1554131009351200E+017  0.17415130000000001     
   2972413257.3714933        918156.47113037109        2.1781222337828842E+017  0.17415130000000001     
   3056862578.9048409        1255166.4768981934        2.2010586407566214E+017  0.17415130000000001     
   3158443587.6031613        3907199.3680419922        2.1457440431961363E+017  0.17415130000000001     
   3281595435.4505181        4557920.6907043457        2.0917522851759507E+017  0.17415130000000001     
   3428950612.6869960        4155284.3704223633        2.0698951182881590E+017  0.17415130000000001     
   3600436325.3976097        4773011.1660766602        2.0482551418330432E+017  0.17415130000000001     
   3798354564.5143533        4052310.9170532227        2.0605950387579990E+017  0.17415130000000001     
   4022811099.6834850        4591988.4505615234        2.0730055754753843E+017  0.17415130000000001     
   4274355984.2859631        5863019.3474731445        2.0698966084052774E+017  0.17415130000000001     
   4554508125.0644836        6536114.9993896484        2.0667920732125283E+017  0.17415130000000001     
   4863032564.9169235        7547369.6660461426        2.0575022840130682E+017  0.17415130000000001     
   5199914698.7377081        8294370.2974243164        2.0482521913319859E+017  0.17415130000000001     
   5558470958.5115862        12080045.874572754        1.9905976722446294E+017  0.17415130000000001     
   5936977054.7549858        13298750.962066650        1.9344878729951066E+017  0.17415130000000001     
   6335993607.8297758        12995453.438812256        1.8984017030728208E+017  0.17415130000000001     
   6753455768.7199879        14038449.839111328        1.8629560103444947E+017  0.17415130000000001     
   7191585354.6633511        10109166.076904297        1.8770557694589782E+017  0.17415130000000001     
   7645426492.2750845        10428939.528259277        1.8912569324531133E+017  0.17415130000000001     
   8114073442.8851366        19503134.154357910        1.8322644502653210E+017  0.17415130000000001     
   8607572555.5123558        21594940.360595703        1.7750239170606086E+017  0.17415130000000001     
   9132351946.0361538        11505888.434020996        1.8020689691801699E+017  0.17415130000000001     
   9682123026.3458233        11885301.303100586        1.8295054583809104E+017  0.17415130000000001     
   10258286853.942410        12780466.232604980        1.8545322379533779E+017  0.17415130000000001     
   10862373480.756924        13354104.719787598        1.8798842417745875E+017  0.17415130000000001     
   11491398912.333363        20614806.628723145        1.8657624824530387E+017  0.17415130000000001     
   12146946436.889364        22049940.784545898        1.8517416030164618E+017  0.17415130000000001     
   12828390792.930994        26768488.204528809        1.8226144632041958E+017  0.17415130000000001     
   13540137056.066618        29005391.186279297        1.7939231995481635E+017  0.17415130000000001     
   14283337594.423819        34893669.929138184        1.7523641632946912E+017  0.17415130000000001     
   15061135926.179497        38227208.649780273        1.7117214681097488E+017  0.17415130000000001     
   15875633386.447990        42402684.367187500        1.6706958048535661E+017  0.17415130000000001     
   16736959500.276604        46898737.636352539        1.6306060901167264E+017  0.17415130000000001     
   17652224865.099548        45393853.217651367        1.6072431847200669E+017  0.17415130000000001     
   18624170146.941254        49694638.955444336        1.5841987672586384E+017  0.17415130000000001     
   19648179104.781567        35125832.080078125        1.5999310519243859E+017  0.17415130000000001     
   20699430398.741398        35869958.464355469        1.6158118096210589E+017  0.17415130000000001     
   21762053738.447361        25816276.953857422        1.6517844629135382E+017  0.17415130000000001     
   22808629813.373257        24120768.627075195        1.6885176969210093E+017  0.17415130000000001     
   23833296704.151466        19771183.023559570        1.7312632868908461E+017  0.17415130000000001     
   24832680508.164497        17886108.168823242        1.7750363626838938E+017  0.17415130000000001     
   25809921482.329411        25246877.475341797        1.8020752822847590E+017  0.17415130000000001     
   26768634585.421967        24252534.341674805        1.8295054585755421E+017  0.17415130000000001     
   27713591714.782696        32444141.827880859        1.8405880561528128E+017  0.17415130000000001     
   28648138353.407825        32336585.625244141        1.8517344542331014E+017  0.17415130000000001     
   29558311594.978676        12537171.429809570        1.8969650306444106E+017  0.17415130000000001     
   30442230924.666477        10719977.910522461        1.9432445456055322E+017  0.17415130000000001     
   31313194948.090073        15065506.960815430        1.9801420217819834E+017  0.17415130000000001     
   32175500774.047340        14119828.918212891        2.0177048040149373E+017  0.17415130000000001     
   33012606561.332150        17889289.078002930        2.0451780297806339E+017  0.17415130000000001     
   33801460132.828709        15909369.526123047        2.0730065704434109E+017  0.17415130000000001     
   34539743179.250458        11216522.059204102        2.1059198342095786E+017  0.17415130000000001     
   35229878286.053558        9262643.3801269531        2.1393293788561978E+017  0.17415130000000001     
   35841028575.475456       -22017562.772094727        2.2442827783129677E+017  0.17415130000000001     
   36390348972.066559       -23053858.488159180        2.3541176916182442E+017  0.17415130000000001     
   36934396709.915924       -11959996.974609375        2.4289509626851203E+017  0.17415130000000001     
   37477107802.965691       -11911076.339965820        2.5060411852288246E+017  0.17415130000000001     
   38009875714.277100       -12700848.162109375        2.5873750658405968E+017  0.17415130000000001     
   38533744801.902000       -12596530.473022461        2.6712131154930458E+017  0.17415130000000001     
   39052054459.978668       -11529750.957763672        2.7535643379928310E+017  0.17415130000000001     
   39563311134.887604       -11803613.064331055        2.8383240127278390E+017  0.17415130000000001     
   40063935396.672279       -8275809.5683593750        2.9104574096184902E+017  0.17415130000000001     
   40541544139.192917       -9230909.1184082031        2.9843302117340083E+017  0.17415130000000001     
   40974312992.360352       -16973338.589965820        3.0917053448765946E+017  0.17415130000000001     
   41378869499.506699       -17762373.565917969        3.2027438947085107E+017  0.17415130000000001     
   41733652759.917969       -27136416.145263672        3.3566513667672544E+017  0.17415130000000001     
   42074035817.029045       -28044649.412475586        3.5175671347797779E+017  0.17415130000000001     
   42498405182.060104       -5745911.0618896484        3.5876371369092230E+017  0.17415130000000001     
   42971200725.031448       -4961058.9436035156        3.6590314954542784E+017  0.17415130000000001     
   43468644983.036049       -11124794.642333984        3.7644970244321798E+017  0.17415130000000001     
   43989786996.558876       -10909593.670410156        3.8728453618361530E+017  0.17415130000000001     
   44598032229.531097        11298178.000976562        3.8813499782022502E+017  0.17415130000000001     
   45329546878.335487        14008142.236083984        3.8898723270572442E+017  0.17415130000000001     
   46185205820.852554       -2301423.8320312500        3.9988209712901926E+017  0.17415130000000001     
   47257067477.239227       -1649223.3767089844        4.1106632919659930E+017  0.17415130000000001     
   48621095570.445061        12183336.384765625        4.1736728856156544E+017  0.17415130000000001     
   50284899427.030945        16135333.475097656        4.2375988968365798E+017  0.17415130000000001     
   52339070731.600761        38407518.695556641        4.2253588477144320E+017  0.17415130000000001     
   54809323102.452377        45621241.422607422        4.2131523755634406E+017  0.17415130000000001     
   57626799813.645508        21047241.915039062        4.3243607464012192E+017  0.17415130000000001     
   60898097571.965561        25871797.053466797        4.4383526530439053E+017  0.17415130000000001     
   64732510512.688225        42589772.446533203        4.5094188873801030E+017  0.17415130000000001     
   69088460254.105438        48011166.361083984        4.5815646521450982E+017  0.17415130000000001     
   73975041453.967529        45502658.398925781        4.6850649320487053E+017  0.17415130000000001     
   79515263516.527588        52096238.167724609        4.7907825516638765E+017  0.17415130000000001     
   85781231873.544647        52240914.547119141        4.9199994429602579E+017  0.17415130000000001     
   92824497661.979233        57652640.296386719        5.0525205565515757E+017  0.17415130000000001     
   100730622154.57443        104468493.18066406        5.0524562120589190E+017  0.17415130000000001     
   109301465552.09976        112599796.95849609        5.0523918683441779E+017  0.17415130000000001     
   118591933070.55017        157996668.81494141        4.9590097121435194E+017  0.17415130000000001     
   128578270799.98935        174615752.90332031        4.8672676236556845E+017  0.17415130000000001     
   138794049358.99908        80718101.552734375        4.9948197822001261E+017  0.17415130000000001     
   149275706533.10910        78947138.467285156        5.1255410333034541E+017  0.17415130000000001     
   160120930932.93872        99252358.273437500        5.2107401268506029E+017  0.17415130000000001     
   171282805628.78253        99443043.096679688        5.2972824764343744E+017  0.17415130000000001     
   182999690006.19257        200130427.66503906        5.1920983561678579E+017  0.17415130000000001     
   194908646554.55066        211765859.62402344        5.0888988784079283E+017  0.17415130000000001     
   206338456503.78708        21038304.578125000        5.3086526422873312E+017  0.17415130000000001     
   217937843227.51392        15427744.851562500        5.5373948513620275E+017  0.17415130000000001     
   230338956931.44473        209623595.91210938        5.4315931128498438E+017  0.17415130000000001     
   242680760715.29486        218009311.89550781        5.3277121251578490E+017  0.17415130000000001     
   254664856197.04211        139319178.03222656        5.3429787093767142E+017  0.17415130000000001     
   266459434357.78943        136468565.31640625        5.3582868137321427E+017  0.17415130000000001     
   277738125346.10175        1751167.1015625000        5.5532692148246131E+017  0.17415130000000001     
   289134189114.11133       -2359427.8447265625        5.7549739628023878E+017  0.17415130000000001     
   301222909349.89734        143608875.48242188        5.7508410571565075E+017  0.17415130000000001     
   313347916065.38867        144731531.44628906        5.7467109687118637E+017  0.17415130000000001     
   325218159468.96899        66493978.262695312        5.8458846111232371E+017  0.17415130000000001     
   336888318557.93835        60260456.253906250        5.9466812495262656E+017  0.17415130000000001     
   348399575407.67395        69795316.679687500        6.0275828701045722E+017  0.17415130000000001     
   359747387284.64362        66740545.546875000        6.1095283534713574E+017  0.17415130000000001     
   371622913832.01501        345088486.22265625        5.8459025860383693E+017  0.17415130000000001     
   383348627796.14343        370942723.23046875        5.5930973974897574E+017  0.17415130000000001     
   393226722132.54340        62448210.927734375        5.8584542972312614E+017  0.17415130000000001     
   402405346364.75275        62262803.503906250        6.1357315413957914E+017  0.17415130000000001     
   412269478020.80560        196813919.03710938        6.0361936852019994E+017  0.17415130000000001     
   421752613673.11731        199220171.76757812        5.9381896496754330E+017  0.17415130000000001     
   429932789903.60284       -136588743.73242188        6.1052193671199232E+017  0.17415130000000001     
   437640156901.67383       -160364417.13476562        6.2767016597031923E+017  0.17415130000000001     
   446269820356.10291        286744725.35546875        6.0706282519353037E+017  0.17415130000000001     
   454841507972.71375        302361095.88281250        5.8709867953983590E+017  0.17415130000000001     
   461938620653.74890       -50905888.066406250        5.9977130667173248E+017  0.17415130000000001     
   468158383559.88214       -60526110.482421875        6.1270326549946547E+017  0.17415130000000001     
   473636255499.65222       -120856358.45703125        6.3080007459162291E+017  0.17415130000000001     
   478661436747.38367       -127840987.45507812        6.4940338469920781E+017  0.17415130000000001     
   483867965888.64502        27357602.720703125        6.5355919790060608E+017  0.17415130000000001     
   488771251587.62012        24075806.089843750        6.5774024062682906E+017  0.17415130000000001     
   493428619200.03265        41476181.740234375        6.5960688352401024E+017  0.17415130000000001     
   497754291789.02411        38157156.064453125        6.6147855282250982E+017  0.17415130000000001     
   501674122632.11328        25837498.736328125        6.6429302882027098E+017  0.17415130000000001     
   505182928159.34515        21865808.951171875        6.6711886621322470E+017  0.17415130000000001     
   508204771633.35822       -14616819.130859375        6.7280380970648678E+017  0.17415130000000001     
   510815024577.95544       -23792864.968750000        6.7853470452916544E+017  0.17415130000000001     
   513374072673.13208        94079791.037109375        6.7185175728107955E+017  0.17415130000000001     
   515658580076.68066        92562672.525390625        6.6523130173229427E+017  0.17415130000000001     
   517411304279.92114        8269623.2714843750        6.6759468479379533E+017  0.17415130000000001     
   518760264975.62646        5541505.1035156250        6.6996603430289562E+017  0.17415130000000001     
   519707614922.55035        27884629.050781250        6.7567116779272576E+017  0.17415130000000001     
   520337602502.39923        27689680.593750000        6.8142238275962829E+017  0.17415130000000001     
   521158420076.14557        130505701.80664062        6.6900893980749530E+017  0.17415130000000001     
   521887936032.67261        132916672.54687500        6.5681028733231117E+017  0.17415130000000001     
   521061274818.16107        217069479.51171875        6.8094321857338266E+017  0.17415130000000001     
   519644471254.33710        231597661.08203125        7.0591599654424320E+017  0.17415130000000001     
   519080871328.16492        46444548.333984375        7.0095026730210368E+017  0.17415130000000001     
   518498804101.36572        46697172.931640625        6.9601769527461504E+017  0.17415130000000001     
   517590694955.60638        35494381.576171875        7.0045729195016179E+017  0.17415130000000001     
   516552722205.22272        47653882.505859375        7.0492375053361037E+017  0.17415130000000001     
   515853496313.40643        70366879.773437500        6.9700323488073024E+017  0.17415130000000001     
   515294275741.62360        72668599.898437500        6.8916721435707750E+017  0.17415130000000001     
   514327855724.41064        81404956.488281250        6.9749272252772954E+017  0.17415130000000001     
   513251027615.96185        78692318.027343750        7.0591360823624934E+017  0.17415130000000001     
   512107121192.32208        77196822.628906250        7.1392201422178074E+017  0.17415130000000001     
   510876784780.25195        66234764.513671875        7.2201657738517722E+017  0.17415130000000001     
   509908168386.39209        17035876.730468750        7.2354391461822246E+017  0.17415130000000001     
   509021137834.84198        26502535.437500000        7.2507431707462976E+017  0.17415130000000001     
   508233198117.88361        6182213.3613281250        7.2456501184315942E+017  0.17415130000000001     
   507486610744.70129        8391552.6484375000        7.2405604606712781E+017  0.17415130000000001     
   507018211871.28296        89606458.257812500        7.1341893857698470E+017  0.17415130000000001     
   506709314451.49481        92802262.064453125        7.0293022105387904E+017  0.17415130000000001     
   506005504955.62952        58549509.265625000        7.0990001140051622E+017  0.17415130000000001     
   505125381889.58893        56731969.736328125        7.1693534277351424E+017  0.17415130000000001     
   504724757501.72308        82849000.888671875        7.0740046887644992E+017  0.17415130000000001     
   504486216066.58179        85681628.806640625        6.9798600234046554E+017  0.17415130000000001     
   503795503037.60889        66834594.580078125        7.0541334263140685E+017  0.17415130000000001     
   502937037100.56024        69637498.560546875        7.1291563647111616E+017  0.17415130000000001     
   502691930214.77631        121945001.86328125        6.9897110991488410E+017  0.17415130000000001     
   502650632293.11310        127003911.89843750        6.8528565508271322E+017  0.17415130000000001     
   502082100822.62946        55694992.683593750        6.9160699461090112E+017  0.17415130000000001     
   501255482819.66809        73517408.628906250        6.9798363908153472E+017  0.17415130000000001     
   500716895363.10419        20548903.398437500        6.9601667394032896E+017  0.17415130000000001     
   500186147993.12354        21395009.380859375        6.9405496931961626E+017  0.17415130000000001     
   499582514781.13214       -2700908.7578125000        6.9454413855943885E+017  0.17415130000000001     
   498953181887.47614       -3273846.3222656250        6.9503363494138790E+017  0.17415130000000001     
   498345810977.44501        12874531.988281250        6.9405207022561626E+017  0.17415130000000001     
   497717916298.21222       -4252945.5468750000        6.9307182098666816E+017  0.17415130000000001     
   497132724862.25598        19582131.261718750        6.9111721323279923E+017  0.17415130000000001     
   496531766982.18420        19568417.361328125        6.8916783693397158E+017  0.17415130000000001     
   496183224377.07709        111640627.56640625        6.7710058134909914E+017  0.17415130000000001     
   495915706220.88672        115257640.27929688        6.6523401130080934E+017  0.17415130000000001     
   495232613858.88696       -15625542.015625000        6.6664683853715072E+017  0.17415130000000001     
   494372572196.29407       -17571267.595703125        6.6806251303187584E+017  0.17415130000000001     
   493842149676.00043        100607258.90625000        6.5773994272875482E+017  0.17415130000000001     
   493423623606.51135        103944131.48828125        6.4756885213011405E+017  0.17415130000000001     
   492910120752.73767        62556998.849609375        6.4162954514873114E+017  0.17415130000000001     
   492370772471.52496        63778407.500000000        6.3574195795579302E+017  0.17415130000000001     
   491931944981.68280        98650235.880859375        6.2678331156773619E+017  0.17415130000000001     
   491523448112.15869        100494447.96679688        6.1794455942947955E+017  0.17415130000000001     
   491099715844.10101        102923407.28515625        6.0922563847756582E+017  0.17415130000000001     
   490679130183.42706        103734661.09179688        6.0062355654527053E+017  0.17415130000000001     
   490184199492.72144        73082537.117187500        5.9467001957315674E+017  0.17415130000000001     
   489649543362.76099        75030132.558593750        5.8877252041697459E+017  0.17415130000000001     
   489194373260.94904        97786358.634765625        5.8127023652600064E+017  0.17415130000000001     
   488744085970.30859        99736033.095703125        5.7385874498307226E+017  0.17415130000000001     
   488379687111.50421        134725074.81640625        5.6411739595580998E+017  0.17415130000000001     
   488039347722.96240        138581078.51367188        5.5453313911781325E+017  0.17415130000000001     
   487904435555.30579        188589173.02539062        5.4199663138672256E+017  0.17415130000000001     
   487921932427.99042        197812402.02929688        5.2972946044648051E+017  0.17415130000000001     
   487723293947.67944        103244607.86328125        5.2369366165776474E+017  0.17415130000000001     
   487376804327.98712        103266639.37695312        5.1772318468315757E+017  0.17415130000000001     
   486954724209.74786        84533384.558593750        5.1291802988037446E+017  0.17415130000000001     
   486494174275.10596        80894009.052734375        5.0815523201569702E+017  0.17415130000000001     
   486263389012.84454        183022692.43554688        4.9804620475829056E+017  0.17415130000000001     
   486091707094.21899        190115891.15234375        4.8812828700147296E+017  0.17415130000000001     
   485731030758.80103        91940500.449218750        4.8358650867453178E+017  0.17415130000000001     
   485269620473.76392        91332347.634765625        4.7908486893697011E+017  0.17415130000000001     
   484674343025.69177        34564176.519531250        4.7736482091312026E+017  0.17415130000000001     
   484054919715.52252        33949919.787109375        4.7565063689490842E+017  0.17415130000000001     
   483556124485.21436        105238882.95312500        4.7053999179408723E+017  0.17415130000000001     
   483121411450.36737        107119768.35937500        4.6548150880923251E+017  0.17415130000000001     
   482477508476.41510        1402100.0859375000        4.6581684925084704E+017  0.17415130000000001     
   481739255042.65192       -13114818.552734375        4.6615241905107021E+017  0.17415130000000001     
   481448422169.55292        246332137.76171875        4.5486458991512480E+017  0.17415130000000001     
   481349450410.64307        259661820.68945312        4.4383659807464832E+017  0.17415130000000001     
   480595328591.02380       -23028215.841796875        4.4834757182695910E+017  0.17415130000000001     
   479537355649.17224       -20897731.541015625        4.5290205457589126E+017  0.17415130000000001     
   480518566970.02954        1243804780.1230469        4.0661135925388762E+017  0.17415130000000001     
   482497158198.31250        1454646531.7089844        3.6483702585495648E+017  0.17415130000000001     
   481211196926.85022       -318613802.60156250        3.8532678249067699E+017  0.17415130000000001     
   478511587298.09839       -315397912.17382812        4.0690629550487053E+017  0.17415130000000001     
   477872794164.88275        74490325.894531250        4.0425747512035360E+017  0.17415130000000001     
   477389884664.14685        70312146.021484375        4.0162503418371251E+017  0.17415130000000001     
   475881168423.84979       -178235706.94531250        4.1435164679157101E+017  0.17415130000000001     
   474278875967.79016       -182773102.04687500        4.2746059503426176E+017  0.17415130000000001     
   473666386430.67493        36863548.119140625        4.2591511762610656E+017  0.17415130000000001     
   473150302851.72095        38516816.330078125        4.2437494690517434E+017  0.17415130000000001     
   472536755180.54980       -8537563.2597656250        4.2499006468560595E+017  0.17415130000000001     
   471852041218.34180       -67599177.855468750        4.2560602902150560E+017  0.17415130000000001     
   471293812493.80127        6141759.3066406250        4.2529853163234291E+017  0.17415130000000001     
   470733927956.75806        5812803.6679687500        4.2499124520642323E+017  0.17415130000000001     
   470484705952.00958        228718659.46679688        4.1645775128638106E+017  0.17415130000000001     
   470391116561.36224        239378806.20507812        4.0808712797580749E+017  0.17415130000000001     
   470217111918.49475        176643940.61914062        4.0221001091991110E+017  0.17415130000000001     
   469986934074.80981        179390230.93359375        3.9641332802247296E+017  0.17415130000000001     
   469143342357.19604       -99130837.013671875        4.0250256897067002E+017  0.17415130000000001     
   468113815644.30457       -106101616.35351562        4.0868056474609459E+017  0.17415130000000001     
   467710747025.32501        143847512.73632812        4.0367051398979846E+017  0.17415130000000001     
   467469078768.27936        149548430.98828125        3.9871882337293062E+017  0.17415130000000001     
   467043128922.83008        2854639.0917968750        3.9871868448423955E+017  0.17415130000000001     
   466506893749.52734       -180582.17773437500        3.9871854559559347E+017  0.17415130000000001     
   466196597420.59363        184316730.08984375        3.9268137413332998E+017  0.17415130000000001     
   466032056685.34863        193302616.16992188        3.8673107779703277E+017  0.17415130000000001     
   465920854672.74719        245628886.44531250        3.7948210256726816E+017  0.17415130000000001     
   465841055638.70618        253555717.31250000        3.7236229035912973E+017  0.17415130000000001     
   465702831856.02716        201449618.26171875        3.6697197484513094E+017  0.17415130000000001     
   465541876859.59143        204235213.02343750        3.6165582156132563E+017  0.17415130000000001     
   465352453659.60931        187575007.77734375        3.5693424410901939E+017  0.17415130000000001     
   465147384822.20764        190889999.24414062        3.5227125131364774E+017  0.17415130000000001     
   464978840430.52441        215292946.64257812        3.4715813036373382E+017  0.17415130000000001     
   464817253574.77386        220058051.10351562        3.4211555148132205E+017  0.17415130000000001     
   464528492608.56390        83131976.494140625        3.4036725917907546E+017  0.17415130000000001     
   464150115465.88232        80901417.994140625        3.3862745505797018E+017  0.17415130000000001     
   464029632700.54773        347088793.16015625        3.3102246965956493E+017  0.17415130000000001     
   464065171105.31262        363195501.20507812        3.2357990031397210E+017  0.17415130000000001     
