#                     time          SMEAR_TEMP_168.dat             SMEAR_PRESS.dat                SMEAR_RH.dat               SMEAR_SWR.dat                SA_tower.dat               SA_ground.dat                     NH3.dat                SMEAR_CS.dat            SMEAR_GAS_CO.dat           SMEAR_GAS_NO2.dat            SMEAR_GAS_NO.dat            SMEAR_GAS_O3.dat           SMEAR_GAS_SO2.dat
1.12000000000000000000e+02  3.77000000000000001776e+00  9.83740000000000009095e+02  9.33400000000000034106e+01  -1.31848999999999993982e-01  9.03425781250000000000e+04  7.03777500000000000000e+04  2.00000000000000000000e+00  2.30291000000000002645e-03  1.48503999999999990678e+02  9.40000000000000002220e-02  5.00000000000000027756e-02  3.65760000000000005116e+01  5.00000000000000027756e-02
1.12006944444444442865e+02  3.65006394884008456003e+00  9.83790057553955989533e+02  9.39700063948840096373e+01  -1.33851099365099801553e+00  8.80034270876908703940e+04  6.60143385497951530851e+04  2.00000000000000000000e+00  2.20459650793653405207e-03  1.49939333335629243038e+02  9.06666133324801198912e-02  5.00000000000000027756e-02  3.64653333331563160868e+01  5.99992320060803996373e-02
1.12013888888888885731e+02  3.71999360511537835450e+00  9.83820015987211604624e+02  9.44399856115095985842e+01  -1.75442029682623101827e+00  8.56642760503817407880e+04  6.16509270995902916184e+04  2.00000000000000000000e+00  2.10628301587306807768e-03  1.51374666671258495398e+02  8.73332266649602395603e-02  5.00000000000000027756e-02  3.63546666663126245567e+01  5.00000000000000027756e-02
1.12020833333333328596e+02  3.65998561151082801857e+00  9.83910067146282813155e+02  9.52300000000000039790e+01  -1.50972360952519490951e+00  8.33251250130726257339e+04  5.72875156493854374276e+04  2.00000000000000000000e+00  2.00796952380960210330e-03  1.52809999985379903364e+02  8.40015999487976061655e-02  5.00000000000000027756e-02  3.62439999989186887319e+01  5.00000000000000027756e-02
1.12027777777777771462e+02  3.60999040767368040150e+00  9.83900022382094675777e+02  9.56499680255789428429e+01  -2.62071212380691953570e+00  6.81795586219745891867e+04  3.60157702219327256898e+04  2.00000000000000000000e+00  2.00922481481481110185e-03  1.49763333328462039162e+02  1.17333866649576457064e-01  5.00000000000000027756e-02  3.60186666663063803639e+01  5.00000000000000027756e-02
1.12034722222222228538e+02  3.42998401278946785098e+00  9.83940047961631648832e+02  9.62600127897684245681e+01  -2.42392322856959729904e+00  5.30339921592754108133e+04  1.47440246999422743102e+04  2.00000000000000000000e+00  2.01292851851852128836e-03  1.46716666671537950606e+02  1.50666133350423531168e-01  5.00000000000000027756e-02  3.57933333336936172486e+01  5.00000000000000027756e-02
1.12041666666666671404e+02  3.42998081534777066182e+00  9.83990014388489157682e+02  9.67099568345324769325e+01  -1.77987426666689763088e+00  3.78884258352076722076e+04  -6.52772068619189758465e+03  2.00000000000000000000e+00  2.01663222222222366861e-03  1.43670000014620086404e+02  1.83998400051202382066e-01  5.00000000000000027756e-02  3.55680000010813088807e+01  5.00000000000000027756e-02
1.12048611111111114269e+02  3.40999520383653376143e+00  9.84050004796163420906e+02  9.66299999999999954525e+01  -1.52093523015848619551e+00  4.75433489943051172304e+04  -3.49779377126334793502e+03  2.00000000000000000000e+00  2.04715830555556857137e-03  1.44326666664565891551e+02  1.68667157341182899488e-01  5.00000000000000027756e-02  3.53960000005502521958e+01  5.00000000000000027756e-02
1.12055555555555557135e+02  3.33003836930405094918e+00  9.84090102318144204219e+02  9.68999872102319841360e+01  -1.20376012380969155124e+00  5.71982721534025622532e+04  -4.67866856334799194883e+02  2.00000000000000000000e+00  2.07903677777778990790e-03  1.44983333332282938954e+02  1.53333578670591441639e-01  5.00000000000000027756e-02  3.52240000002751258990e+01  5.00000000000000027756e-02
1.12062500000000000000e+02  3.37999999999999989342e+00  9.84149999999999977263e+02  9.69399999999999977263e+01  -1.07149000000000005350e+00  6.68531953125000000000e+04  2.56206005859375000000e+03  2.00000000000000000000e+00  2.11373261904764311869e-03  1.45639999999999986358e+02  1.38000000000000011546e-01  5.00000000000000027756e-02  3.50519999999999996021e+01  5.00000000000000027756e-02
1.12069444444444442865e+02  3.25001918465202566111e+00  9.84120031974420044207e+02  9.69100255795360254751e+01  -2.06555052698377572540e+00  6.89486744752630620496e+04  1.10059039556243624247e+04  2.00000000000000000000e+00  2.18474121693122214430e-03  1.44755999998585963340e+02  1.31999903998464229726e-01  5.00000000000000027756e-02  3.48119999996161055833e+01  5.00000000000000027756e-02
1.12076388888888885731e+02  3.12000319744231102703e+00  9.84110015987211568245e+02  9.69300127897692505030e+01  -1.76501697460337814150e+00  7.10441536380261095474e+04  1.94497478526549748494e+04  2.00000000000000000000e+00  2.25574981481480116990e-03  1.43871999997171940322e+02  1.25999807996928447906e-01  5.00000000000000027756e-02  3.45719999992322044591e+01  5.00000000000000027756e-02
1.12083333333333328596e+02  3.09000959232611460692e+00  9.84160071942445824789e+02  9.73500239808152798560e+01  -1.51003957619106610188e+00  7.31396328007891715970e+04  2.78935917496855872741e+04  2.00000000000000000000e+00  2.32770523809519699551e-03  1.42988000004590787739e+02  1.20001471952893790096e-01  5.00000000000000027756e-02  3.43319999977350036602e+01  8.99992800072351301077e-02
1.12090277777777771462e+02  3.01000959232631926099e+00  9.84110041566747440811e+02  9.75099936051157953898e+01  -8.60397600004842666443e-01  6.56772630347398662707e+04  2.22305276798242630321e+04  2.00000000000000000000e+00  2.41843936507929978263e-03  1.43944666668196276760e+02  1.50667157317610350686e-01  5.00000000000000027756e-02  3.38599999992453248865e+01  5.00000000000000027756e-02
1.12097222222222228538e+02  3.01999680255789337835e+00  9.84240015987210540516e+02  9.76399968025578885999e+01  -6.41287384127106285803e-01  5.82148932152601337293e+04  1.65674635311132369679e+04  2.00000000000000000000e+00  2.50917349206358818517e-03  1.44901333331803726878e+02  1.81332842682389638878e-01  5.00000000000000027756e-02  3.33880000007546726692e+01  5.00000000000000027756e-02
1.12104166666666671404e+02  2.95998081534777046642e+00  9.84220023980815312825e+02  9.77899904076738977210e+01  -1.15012441428712541835e+00  5.07525234548760781763e+04  1.09043994540010880883e+04  2.00000000000000000000e+00  2.60058928571438047889e-03  1.45857999995409215899e+02  2.11998528047106199468e-01  5.00000000000000027756e-02  3.29160000022649938956e+01  5.00000000000000027756e-02
1.12111111111111114269e+02  2.90999200639422284098e+00  9.84400009592326910024e+02  9.75699968025576822583e+01  -1.02647305079324380195e+00  5.38617148553340521175e+04  1.80508157818340587255e+04  2.00000000000000000000e+00  2.71972619047625369451e-03  1.49691333321069947715e+02  1.86667477346302151942e-01  5.00000000000000027756e-02  3.23780000017211406771e+01  9.99996640005115233762e-02
1.12118055555555557135e+02  2.82999360511599151735e+00  9.84500076738608072446e+02  9.75000191846520323224e+01  1.95348609523919608533e-01  5.69709062557920260588e+04  2.51972321096670275438e+04  2.00000000000000000000e+00  2.83886309523812691014e-03  1.53524666660534961693e+02  1.61333738673151094734e-01  5.00000000000000027756e-02  3.18400000008605701396e+01  5.00000000000000027756e-02
1.12125000000000000000e+02  2.79999999999999982236e+00  9.84580000000000040927e+02  9.73599999999999994316e+01  -3.90838999999999991974e-01  6.00800976562500000000e+04  3.23436484375000000000e+04  2.00000000000000000000e+00  2.95800000000000012576e-03  1.57358000000000004093e+02  1.36000000000000009770e-01  5.00000000000000027756e-02  3.13019999999999996021e+01  5.00000000000000027756e-02
1.12131944444444442865e+02  2.81000000000000005329e+00  9.84749878497203894767e+02  9.73399744204639745249e+01  -7.53940584126454704794e-01  4.34803603824856982101e+04  1.95887109612608219322e+04  2.00000000000000000000e+00  3.03384325396823407300e-03  1.55709999997363894408e+02  1.35333322666496030928e-01  5.00000000000000027756e-02  3.08333333325836669303e+01  5.00000000000000027756e-02
1.12138888888888885731e+02  2.74000159872115567339e+00  9.84759999999999990905e+02  9.73999936051153838434e+01  -1.35386771587207976886e+00  2.68806231087213891442e+04  6.83377348502164386446e+03  2.00000000000000000000e+00  3.10968650793646758657e-03  1.54061999994727784724e+02  1.34666645332992052086e-01  5.00000000000000027756e-02  3.03646666651673342585e+01  5.00000000000000027756e-02
1.12145833333333328596e+02  2.73998561151082808962e+00  9.84829995203837029294e+02  9.73100095923261108055e+01  -1.08803203333479592274e+00  1.02808858349570873543e+04  -5.92116399121753056534e+03  2.00000000000000000000e+00  3.18552976190470153381e-03  1.52413999987872017527e+02  1.33999616012288574884e-01  5.00000000000000027756e-02  2.98959999987971229984e+01  5.00000000000000027756e-02
1.12152777777777771462e+02  2.70000639488421301238e+00  9.85019958433252554642e+02  9.75600000000000022737e+01  7.97792031729754186342e-02  2.38952935944204728003e+04  -2.51297152327843605235e+03  2.00000000000000000000e+00  3.25140322751315755112e-03  1.49886666662625714252e+02  1.25999872004101648448e-01  5.00000000000000027756e-02  2.96453333329325445789e+01  5.00000000000000027756e-02
1.12159722222222228538e+02  2.66999680255789328953e+00  9.85139939248599944221e+02  9.78100031974421142422e+01  -6.76030253966219268902e-02  3.75097015227670271997e+04  8.95221034997186507098e+02  2.00000000000000000000e+00  3.31703153439158156604e-03  1.47359333337374266648e+02  1.18000127995898346223e-01  5.00000000000000027756e-02  2.93946666670674545685e+01  5.00000000000000027756e-02
1.12166666666666671404e+02  2.63999520383694274983e+00  9.85109966426858591149e+02  9.82199760191847133228e+01  1.04583524762328128332e+00  5.11241093451074193581e+04  4.30341360006060585874e+03  2.00000000000000000000e+00  3.38265984126987113989e-03  1.44832000012127963373e+02  1.10000383987711419786e-01  5.00000000000000027756e-02  2.91440000012028761489e+01  5.00000000000000027756e-02
1.12173611111111114269e+02  2.52999999999999980460e+00  9.85149993605115355422e+02  9.87300063948846258199e+01  1.54852248888978416552e+00  4.57752760217382747214e+04  8.92742937920707117883e+03  2.00000000000000000000e+00  3.40198833333333651441e-03  1.45773999996986390215e+02  1.47998783980546749772e-01  5.00000000000000027756e-02  2.94126666658071620475e+01  5.00000000000000027756e-02
1.12180555555555557135e+02  2.54000639488400858923e+00  9.85359891286971901536e+02  9.90599808153479699513e+01  2.14519466031759620250e+00  4.04264426983691373607e+04  1.35514451583535355894e+04  2.00000000000000000000e+00  3.41898238095237954823e-03  1.46715999998493202838e+02  1.85999391990273377218e-01  5.00000000000000027756e-02  2.96813333329035806685e+01  5.00000000000000027756e-02
1.12187500000000000000e+02  2.54999999999999982236e+00  9.85330000000000040927e+02  9.93400000000000034106e+01  2.44948599999999983012e+00  3.50776093750000000000e+04  1.81754609375000000000e+04  2.04004489825763046795e+00  3.43597642857142301573e-03  1.47657999999999987040e+02  2.24000000000000004663e-01  5.00000000000000027756e-02  2.99499999999999992895e+01  5.00000000000000027756e-02
1.12194444444444442865e+02  2.55002557953603359309e+00  9.85639852917667781185e+02  9.95400127897680278011e+01  2.97186192380865366047e+00  3.73734075478065569769e+04  1.60645843138281270512e+04  2.00000000000000000000e+00  3.27756788888895539066e-03  1.48265333334304784785e+02  1.88666101324289292585e-01  5.00000000000000027756e-02  2.99159999999456154285e+01  5.00000000000000027756e-02
1.12201388888888885731e+02  2.57000799360577714125e+00  9.85709969624298082636e+02  9.96899968025576868058e+01  4.02187940158245815780e+00  3.96692057206131066778e+04  1.39537076901562541025e+04  2.00000000000000000000e+00  3.10555052777784909232e-03  1.48872666668609610952e+02  1.53332202648578552751e-01  5.00000000000000027756e-02  2.98819999998912280148e+01  5.00000000000000027756e-02
1.12208333333333328596e+02  2.58000000000000007105e+00  9.85679985611510801391e+02  9.98100047961630565396e+01  6.53508194761478833357e+00  4.19650038934196636546e+04  1.18428310664843811537e+04  2.00000000000000000000e+00  2.93944825396827641786e-03  1.49479999996100218596e+02  1.18003103900667330461e-01  5.00000000000000027756e-02  2.98479999971335629994e+01  5.00000000000000027756e-02
1.12215277777777771462e+02  2.55999040767368057914e+00  9.85829948840926363118e+02  9.99099968025578846209e+01  1.09287994920472577576e+01  3.30827812665525052580e+04  2.71438313516940834234e+04  2.00000000000000000000e+00  2.89066187830691340849e-03  1.48667333332033962279e+02  1.82667701300178342283e-01  5.00000000000000027756e-02  2.92506666657115950159e+01  5.00000000000000027756e-02
1.12222222222222228538e+02  2.48000319744210662165e+00  9.85889999999999986358e+02  9.99900031974421068526e+01  1.37080986984065820167e+01  2.42005585771974911040e+04  4.24448317342434165766e+04  2.00000000000000000000e+00  2.84187550264545065251e-03  1.47854666667966029081e+02  2.47332298699821678811e-01  5.00000000000000027756e-02  2.86533333342884048989e+01  5.00000000000000027756e-02
1.12229166666666671404e+02  2.54998081534777032431e+00  9.86080038369304475054e+02  1.00000000000000000000e+02  1.30675369523962903173e+01  1.53183359730001648131e+04  5.77458320327069232007e+04  2.00000000000000000000e+00  2.79419841269841050940e-03  1.47042000003899772764e+02  3.11996896099332676755e-01  5.00000000000000027756e-02  2.80560000028664369154e+01  5.00000000000000027756e-02
1.12236111111111114269e+02  2.50000319744231092045e+00  9.86220019184653892808e+02  1.00000000000000000000e+02  1.44023376507945943814e+01  2.16705625236667765421e+04  5.80065273447212821338e+04  2.00000000000000000000e+00  2.79163227513227378898e-03  1.48571999995105301196e+02  3.79997823965188941120e-01  5.00000000000000027756e-02  2.77486666676498714423e+01  5.00000000000000027756e-02
1.12243055555555557135e+02  2.15004476418805934301e+00  9.86409987210231975041e+02  1.00000000000000000000e+02  1.93609599682506328122e+01  2.80227890743333882710e+04  5.82672226567356410669e+04  2.00000000000000000000e+00  2.78906613756613663488e-03  1.50101999997552667310e+02  4.47998911982594449910e-01  5.00000000000000027756e-02  2.74413333338249358917e+01  5.00000000000000027756e-02
1.12250000000000000000e+02  1.80000000000000004441e+00  9.86750000000000000000e+02  1.00000000000000000000e+02  2.00400300000000015643e+01  3.43750156250000000000e+04  5.85279179687500000000e+04  2.00000000000000000000e+00  2.78649999999999991446e-03  1.51632000000000005002e+02  5.16000000000000014211e-01  5.00000000000000027756e-02  2.71340000000000003411e+01  5.00000000000000027756e-02
1.12256944444444442865e+02  1.29998721023198315905e+00  9.86999923261391927554e+02  1.00000000000000000000e+02  2.46233475873008984536e+01  5.34518775686289009172e+04  6.94294713338584697340e+04  2.00000000000000000000e+00  2.67413558201061180714e-03  1.54618000004776320111e+02  4.44665525315074583457e-01  5.00000000000000027756e-02  2.81206666682449117900e+01  5.00000000000000027756e-02
1.12263888888888885731e+02  1.05000799360577734554e+00  9.87040001598721119080e+02  1.00000000000000000000e+02  2.74540160158732327034e+01  7.25287395122578018345e+04  8.03310246989669249160e+04  2.00000000000000000000e+00  2.56177116402122369981e-03  1.57604000009552663641e+02  3.73331050630149152703e-01  5.00000000000000027756e-02  2.91073333364898267916e+01  1.09999968000048714556e-01
1.12270833333333328596e+02  1.03997122302165578844e+00  9.87449932853717200487e+02  1.00000000000000000000e+02  2.65958846666553760940e+01  9.16056014558867173037e+04  9.12325780640753946500e+04  2.00000000000000000000e+00  2.44940674603183559249e-03  1.60590000011142620906e+02  3.01999552014336647421e-01  5.00000000000000027756e-02  3.00939999984804060773e+01  5.00000000000000027756e-02
1.12277777777777771462e+02  7.70003197442106546156e-01  9.87559971223020966136e+02  1.00000000000000000000e+02  4.32039052698228545069e+01  7.74822682554862694815e+04  9.18876718737791961757e+04  2.00000000000000000000e+00  2.35643000000009808156e-03  1.62912000003712620355e+02  2.92666517338118603586e-01  5.00000000000000027756e-02  2.97773333328270162212e+01  5.00000000000000027756e-02
1.12284722222222228538e+02  7.00003197442106483983e-01  9.87640044764189497073e+02  1.00000000000000000000e+02  5.69761563808890585392e+01  6.33589348695137305185e+04  9.25427656262208038243e+04  2.00000000000000000000e+00  2.26392999999993358232e-03  1.65233999996287394652e+02  2.83333482661881408404e-01  5.00000000000000027756e-02  2.94606666671729833240e+01  5.00000000000000027756e-02
1.12291666666666671404e+02  7.19999999999999973355e-01  9.87979918465228024615e+02  1.00000000000000000000e+02  4.86375190953164917573e+01  4.92356015375272399979e+04  9.31978593343304382870e+04  2.00000000000000000000e+00  2.17142999999995816793e-03  1.67555999988857394101e+02  2.74000447985663364570e-01  5.00000000000000027756e-02  2.91440000015195934679e+01  5.00000000000000027756e-02
1.12298611111111114269e+02  7.99998401278844584184e-01  9.88149992006394199962e+02  9.99399984012788422660e+01  6.87651696824946441211e+01  4.47670976396014957572e+04  8.59206458062202873407e+04  2.00000000000000000000e+00  2.20564516666668349390e-03  1.69259333327884121445e+02  3.03332394651650127937e-01  5.00000000000000027756e-02  2.88533333342632190011e+01  5.00000000000000027756e-02
1.12305555555555557135e+02  8.19974420463966069406e-01  9.88300031974419994185e+02  9.97400127897680164324e+01  6.27238098730186237617e+01  4.02985937416757442406e+04  7.86434322781101509463e+04  2.00000000000000000000e+00  2.24624933333334927954e-03  1.70962666663942059131e+02  3.32666197325825085951e-01  5.00000000000000027756e-02  2.85626666671316087331e+01  5.00000000000000027756e-02
1.12312500000000000000e+02  7.09999999999999964473e-01  9.88620000000000004547e+02  9.94300000000000068212e+01  7.48570200000000056662e+01  3.58300898437500000000e+04  7.13662187500000000000e+04  2.00000000000000000000e+00  2.27866380952378459399e-03  1.72665999999999996817e+02  3.61999999999999988454e-01  5.00000000000000027756e-02  2.82719999999999984652e+01  5.99999999999999977796e-02
1.12319444444444442865e+02  7.70006394884008460444e-01  9.88809942446043919517e+02  9.89699680255799592032e+01  7.75020385079289582109e+01  3.79593528606167892576e+04  7.90057239441019046353e+04  2.00000000000000000000e+00  2.20552227513226952252e-03  1.70659333330123502037e+02  3.12665877320705776210e-01  5.00000000000000027756e-02  2.85386666670932171996e+01  1.09999552003546899326e-01
1.12326388888888885731e+02  8.49988808951911867240e-01  9.88720017585932737347e+02  9.85500079936057744590e+01  6.50304527937024232642e+01  4.00886158774835785152e+04  8.66452291382038238226e+04  2.00000000000000000000e+00  2.13238074074075445105e-03  1.68652666660247035679e+02  2.63331754641411563966e-01  5.00000000000000027756e-02  2.88053333341864394868e+01  5.00000000000000027756e-02
1.12333333333333328596e+02  7.99990407673885295381e-01  9.89039952038369392540e+02  9.84699856115108218546e+01  9.18705649998058788697e+01  4.22178788943503604969e+04  9.42847343323057284579e+04  2.00000000000000000000e+00  2.06272349206349219636e-03  1.66645999985962134815e+02  2.14002559918076151746e-01  5.99999904000227402001e-02  2.90720000002623280011e+01  5.00000000000000027756e-02
1.12340277777777771462e+02  8.00000000000000044409e-01  9.89080028776979020222e+02  9.80900127897684228628e+01  1.81473792380496604437e+02  5.33713150833816325758e+04  9.65513984332759428071e+04  2.00000000000000000000e+00  2.06217124338624368043e-03  1.63720666661989355362e+02  2.67334186639322346490e-01  5.00000000000000027756e-02  2.91266666667540725655e+01  5.00000000000000027756e-02
1.12347222222222228538e+02  9.50038369305277741184e-01  9.89100028776979002032e+02  9.78699968025578925790e+01  1.67026944126817312508e+02  6.45247513228683674242e+04  9.88180625042240571929e+04  2.00000000000000000000e+00  2.06161899470899386347e-03  1.60795333338010635771e+02  3.20665813360677676158e-01  5.00000000000000027756e-02  2.91813333332459272640e+01  5.00000000000000027756e-02
1.12354166666666671404e+02  1.34998561151082796528e+00  9.89329980815347767020e+02  9.74200527577936270518e+01  1.62419767619030324113e+02  7.56781874683276837459e+04  1.01084726496318078716e+05  2.00000000000000000000e+00  2.05994539682535912281e-03  1.57870000014037856317e+02  3.73997440081923815391e-01  5.00000000000000027756e-02  2.92359999997376718284e+01  5.00000000000000027756e-02
1.12361111111111114269e+02  1.26999360511537817686e+00  9.89479987210230774508e+02  9.77200015987211543234e+01  1.37398569841203169517e+02  7.00108984163851273479e+04  8.92424556850453809602e+04  2.00000000000000000000e+00  2.01267026455023917766e-03  1.58274666665372080843e+02  3.79333162663936407366e-01  5.00000000000000027756e-02  2.92719999998848301459e+01  5.00000000000000027756e-02
1.12368055555555557135e+02  1.37000000000000010658e+00  9.89769929656275849084e+02  9.59201598721002142156e+01  1.37634590476169336171e+02  6.43436093644425636739e+04  7.74001848737726977561e+04  2.00000000000000000000e+00  1.96539513227511966620e-03  1.58679333332686042013e+02  3.84666581331968182589e-01  5.00000000000000027756e-02  2.93079999999424174462e+01  1.00000191998479898148e-01
1.12375000000000000000e+02  1.20999999999999996447e+00  9.89919999999999959073e+02  9.57500000000000000000e+01  1.18186599999999998545e+02  5.86763203125000000000e+04  6.55579140625000000000e+04  2.00000000000000000000e+00  1.91811999999999993789e-03  1.59084000000000003183e+02  3.90000000000000013323e-01  5.00000000000000027756e-02  2.93440000000000011937e+01  8.00000000000000016653e-02
1.12381944444444442865e+02  1.28001918465202546571e+00  9.89900102318144149649e+02  9.48800191846520277750e+01  2.01642456825414370769e+02  5.27988828234489192255e+04  9.06195728699799947208e+04  2.00000000000000000000e+00  1.89799764550265090586e-03  1.58254666665340096188e+02  3.64666261326848928359e-01  5.00000000000000027756e-02  2.88253333325036891210e+01  5.00000000000000027756e-02
1.12388888888888885731e+02  1.52002078337502077865e+00  9.90199977617903869032e+02  9.53499680255768851111e+01  1.77635436031813924274e+02  4.69214453343978311750e+04  1.15681231677459989442e+05  2.00000000000000000000e+00  1.87787529100530165699e-03  1.57425333330680189192e+02  3.39332522653697843396e-01  5.00000000000000027756e-02  2.83066666650073770484e+01  1.00000095999853849671e-01
1.12395833333333328596e+02  1.38995203836942615716e+00  9.90449942446043337441e+02  9.53599664268585911486e+01  9.38135872380149038463e+01  4.10440078453467504005e+04  1.40742890484939969610e+05  2.00000000000000000000e+00  1.85775293650795262496e-03  1.56596000002610509227e+02  3.13995776135174320398e-01  5.20000003199992399949e-02  2.77879999995105322341e+01  5.00000000000000027756e-02
1.12402777777777771462e+02  1.61992006394733811803e+00  9.90679961630694720043e+02  9.55199488409262897903e+01  1.06024020634826129594e+02  3.30298750149347761180e+04  1.18615411499569105217e+05  2.00000000000000000000e+00  1.74947105820117548847e-03  1.57140000000869804353e+02  2.25998592045118129601e-01  5.26666667733326210321e-02  2.76859999998369126217e+01  5.00000000000000027756e-02
1.12409722222222228538e+02  1.33001918465263901936e+00  9.90680035171863096366e+02  9.62000223820947439890e+01  1.36787905079048300649e+02  2.50157421725652238820e+04  9.64879322504308947828e+04  2.00000000000000000000e+00  1.63902132275124332028e-03  1.57683999999130207925e+02  1.38001407954881860629e-01  5.33333332266673759703e-02  2.75840000001630869519e+01  5.00000000000000027756e-02
1.12416666666666671404e+02  1.25001918465222949806e+00  9.91069937649880330355e+02  9.68599999999999994316e+01  1.10485366190531905772e+02  1.70016093975343828788e+04  7.43604530788985866820e+04  2.00000000000000000000e+00  1.52857158730153709983e-03  1.58227999997389503051e+02  5.00042238648256698319e-02  5.39999996800007570075e-02  2.74820000004894673395e+01  5.00000000000000027756e-02
1.12423611111111114269e+02  1.13999680255768898185e+00  9.91339971223019233548e+02  9.66100015987211548918e+01  1.02183091269821460401e+02  2.10338020983562564652e+04  6.61112916359324008226e+04  2.00000000000000000000e+00  1.57853574074075177387e-03  1.59867999994753404280e+02  1.06664853304324111494e-01  5.00000000000000027756e-02  2.73873333336361852730e+01  5.00000000000000027756e-02
1.12430555555555557135e+02  1.21003197442004228890e+00  9.91269993605115928403e+02  9.59897889688277103915e+01  1.01350746666651417627e+02  2.50659947991781264136e+04  5.78621301929662004113e+04  2.00000000000000000000e+00  1.63658798941798493652e-03  1.61507999997376685997e+02  1.63332426652162049363e-01  5.00000000000000027756e-02  2.72926666668180928355e+01  5.00000000000000027756e-02
1.12437500000000000000e+02  1.08000000000000007105e+00  9.91620000000000004547e+02  9.74699999999999988631e+01  1.15312899999999999068e+02  2.90981875000000000000e+04  4.96129687500000000000e+04  2.00000000000000000000e+00  1.69464023809521831601e-03  1.63147999999999996135e+02  2.20000000000000001110e-01  5.00000000000000027756e-02  2.71980000000000003979e+01  5.00000000000000027756e-02
1.12444444444444442865e+02  1.12000000000000010658e+00  9.91769968025579942150e+02  9.83600511590720714139e+01  1.27888891746043555031e+02  2.46666520264845530619e+04  4.96636888019888501731e+04  2.00000000000000000000e+00  1.69391255555555761241e-03  1.67348000006718194754e+02  2.45333738673151086074e-01  5.00000000000000027756e-02  2.75273333338601275955e+01  5.00000000000000027756e-02
1.12451388888888885731e+02  9.29998401278844588624e-01  9.92029988808951884494e+02  9.86999952038365364615e+01  1.12582774285852480034e+02  2.02351165529691061238e+04  4.97144088539776930702e+04  2.00000000000000000000e+00  1.68862436111111334849e-03  1.71548000013436421796e+02  2.70667477346302143282e-01  5.00000000000000027756e-02  2.78566666677202512403e+01  5.00000000000000027756e-02
1.12458333333333328596e+02  1.17001438848917205249e+00  9.91990067146282854083e+02  9.85799904076738897629e+01  1.25057251428680558547e+02  1.58035810794536573667e+04  4.97651289059665432433e+04  2.00000000000000000000e+00  1.67489888888897129476e-03  1.75747999993451344380e+02  2.95998784038913831385e-01  5.00000000000000027756e-02  2.81860000046227696657e+01  5.00000000000000027756e-02
1.12465277777777771462e+02  1.03999040767368056137e+00  9.92169964828136812685e+02  9.88199872102315737266e+01  1.28258900634749352321e+02  4.79555018932081438834e+04  8.58544921202455007005e+04  2.00000000000000000000e+00  1.49383407407420454316e-03  1.74383333331151362700e+02  2.70666261346321879167e-01  5.00000000000000027756e-02  2.91493333348735994548e+01  1.19999360005067043367e-01
1.12472222222222228538e+02  9.80009592326319456390e-01  9.92210003197442119927e+02  9.87999488409262909272e+01  1.99880256509240609830e+02  8.01074229114793706685e+04  1.21943855536004499299e+05  2.00000000000000000000e+00  1.31276925925906721125e-03  1.73018666668848624113e+02  2.45333738653678107289e-01  5.00000000000000027756e-02  3.01126666651264010000e+01  5.00000000000000027756e-02
1.12479166666666671404e+02  1.80007194244586088416e+00  9.92260019184652264812e+02  9.34408585131872655438e+01  5.34259295238326558319e+02  1.12259343953681614948e+05  1.58033218957172502996e+05  2.00000000000000000000e+00  1.13657182539684273662e-03  1.71654000006548642432e+02  2.20001215961086182826e-01  5.00000000000000027756e-02  3.10759999953772307890e+01  7.99999520004823494457e-02
1.12486111111111114269e+02  1.70995363708649206202e+00  9.92499992006394222699e+02  9.09400399680288842319e+01  1.12032158730308793793e+02  1.48705140760787762702e+05  1.95103656388114992296e+05  2.00000000000000000000e+00  1.15831455026456191237e-03  1.72188666664956201657e+02  2.68665109308419525203e-01  5.00000000000000027756e-02  3.13799999990274578465e+01  5.00000000000000027756e-02
1.12493055555555557135e+02  9.79980815347974543172e-01  9.92540038369304056687e+02  9.49797633892916906007e+01  2.92793963174661485027e+02  1.85150937567893881351e+05  2.32174093819057510700e+05  2.00000000000000000000e+00  1.18005727513228087129e-03  1.72723333332478091506e+02  3.17332554654209730849e-01  5.00000000000000027756e-02  3.16839999995137304722e+01  5.00000000000000027756e-02
1.12500000000000000000e+02  2.08000000000000007105e+00  9.92690000000000054570e+02  9.34249999999999971578e+01  5.06472599999999999909e+02  2.21596734375000000000e+05  2.69244531250000000000e+05  2.00000000000000000000e+00  1.20180000000000004705e-03  1.73258000000000009777e+02  3.65999999999999992006e-01  5.39999999999999993894e-02  3.19879999999999995453e+01  5.99999999999999977796e-02
1.12506944444444442865e+02  1.73001918465202542130e+00  9.92889910471623920785e+02  9.08300063948840090688e+01  1.60235730793593972976e+02  2.70245854076039569918e+05  3.29112791555139760021e+05  2.00000000000000000000e+00  1.23911481481480496500e-03  1.70576666662377675721e+02  3.74666805335551689193e-01  5.00000000000000027756e-02  3.21146666668692830626e+01  5.00000000000000027756e-02
1.12513888888888885731e+02  1.39999520383653353051e+00  9.92860015987211568245e+02  9.39200415667500436712e+01  3.68443509682258877547e+02  3.18894973777079139836e+05  3.88981051860279461835e+05  2.00000000000000000000e+00  1.27642962962960988295e-03  1.67895333324755341664e+02  3.83333610671103386380e-01  5.00000000000000027756e-02  3.22413333337385594746e+01  5.00000000000000027756e-02
1.12520833333333328596e+02  2.42001438848917205249e+00  9.92850000000000022737e+02  8.94302637889681619754e+01  4.24646796668227693772e+02  3.67544093478118651547e+05  4.48849312165419221856e+05  2.00000000000000000000e+00  1.31374444444441480090e-03  1.65214000003461478627e+02  3.91998720040961923239e-01  5.00000000000000027756e-02  3.23680000000703813612e+01  5.00000000000000027756e-02
1.12527777777777771462e+02  1.81000000000000005329e+00  9.93009980815347375938e+02  9.22798976818525886756e+01  1.71021802539611883276e+02  3.85238906217024778016e+05  4.43109104177363857161e+05  2.00000000000000000000e+00  1.29866058201059931219e-03  1.65935333334486671220e+02  3.65332906680338853622e-01  5.00000000000000027756e-02  3.23826666666901203939e+01  5.00000000000000027756e-02
1.12534722222222228538e+02  2.24013109512636576781e+00  9.93060047961631539692e+02  8.85203517186317156984e+01  9.74767037460891401679e+02  4.02933718782975221984e+05  4.37368895822636142839e+05  2.00000000000000000000e+00  1.28228822751321564974e-03  1.66656666665513313319e+02  3.38667093319661161033e-01  5.00000000000000027756e-02  3.23973333333098807429e+01  5.00000000000000027756e-02
1.12541666666666671404e+02  2.44001438848917207025e+00  9.93259942446043282871e+02  8.59296976241908367911e+01  2.71617960476443045081e+02  4.20628531168461020570e+05  4.31628687525576096959e+05  2.00000000000000000000e+00  1.26591587301586559755e-03  1.67377999996538505911e+02  3.12001279959038091416e-01  5.00000000000000027756e-02  3.24119999999296197757e+01  1.59999328006752788989e-01
1.12548611111111114269e+02  2.44999040767306741628e+00  9.93309995203836479050e+02  8.67199296562691586132e+01  2.96428513174726049328e+02  4.06038343695640680380e+05  4.36205145850384025835e+05  2.00000000000000000000e+00  1.27831255555556117139e-03  1.66530000002712881724e+02  2.93333930676222653933e-01  5.00000000000000027756e-02  3.26633333325292767313e+01  9.99999040001461475535e-02
1.12555555555555557135e+02  2.63002557953603366414e+00  9.93340057553956057745e+02  8.60101278976801779663e+01  3.28790935872991610722e+02  3.91448156222820340190e+05  4.40781604175192012917e+05  2.00000000000000000000e+00  1.29215977777778312334e-03  1.65682000001356442453e+02  2.74666965338111301875e-01  5.00000000000000027756e-02  3.29146666662646367740e+01  1.59998720010134015679e-01
1.12562500000000000000e+02  2.45000000000000017764e+00  9.93580000000000040927e+02  8.80699999999999931788e+01  1.85561599999999998545e+02  3.76857968750000000000e+05  4.45358062500000000000e+05  2.00000000000000000000e+00  1.31281238095241783830e-03  1.64834000000000003183e+02  2.56000000000000005329e-01  5.00000000000000027756e-02  3.31659999999999968168e+01  1.10000000000000000555e-01
1.12569444444444442865e+02  2.39000000000000012434e+00  9.93619974420464018294e+02  8.62705563549087344200e+01  4.63998881904672032306e+02  3.51907447963146318216e+05  4.12935291727066156454e+05  2.00000000000000000000e+00  1.42117878306879117170e-03  1.65074000000383904307e+02  2.13332650655745553747e-01  5.00000000000000027756e-02  3.41206666681937278440e+01  5.00000000000000027756e-02
1.12576388888888885731e+02  3.35000159872115554904e+00  9.93500017585932710062e+02  8.52098800959133342303e+01  4.60596451111101828246e+02  3.26956927176292636432e+05  3.80512520954132312909e+05  2.00000000000000000000e+00  1.52954518518516472195e-03  1.65314000000767805432e+02  1.70665301311491102165e-01  5.00000000000000027756e-02  3.50753333363874517659e+01  5.00000000000000027756e-02
1.12583333333333328596e+02  2.73002398081528685481e+00  9.93769966426858559316e+02  8.14302877697834475157e+01  2.50843713333161105083e+02  3.02006406389438896440e+05  3.48089750181198469363e+05  2.00000000000000000000e+00  1.63362269841268981617e-03  1.65554000005950427976e+02  1.28001535950845707346e-01  5.00000000000000027756e-02  3.60299999997056801249e+01  1.00000047999517657771e-01
1.12590277777777771462e+02  2.95000000000000017764e+00  9.93849961630694792802e+02  7.63304924060844030009e+01  3.11381450158628069858e+02  2.63268697988856525626e+05  3.32513312529027520213e+05  2.00000000000000000000e+00  1.65263724867723504029e-03  1.66794000001982624326e+02  1.60000511983593413090e-01  5.00000000000000027756e-02  3.59686666665686018973e+01  5.00000000000000027756e-02
1.12597222222222228538e+02  3.11000639488421271039e+00  9.93799990407673590198e+02  7.47398017585893938985e+01  5.35563892063944081201e+02  2.24530989511143503478e+05  3.16936874970972479787e+05  2.00000000000000000000e+00  1.67165179894181907885e-03  1.68033999998017378630e+02  1.91999488016406594237e-01  5.00000000000000027756e-02  3.59073333334313957721e+01  5.00000000000000027756e-02
1.12604166666666671404e+02  3.15007673860891790341e+00  9.93830047961630612008e+02  7.71505947242191183477e+01  1.89538978095268845436e+02  1.85793281268966413336e+05  3.01360437333407055121e+05  2.01646297222334647259e+00  1.68988960317459249554e-03  1.69273999994049574980e+02  2.23998464049154299982e-01  5.00000000000000027756e-02  3.58460000002943175446e+01  5.00000000000000027756e-02
1.12611111111111114269e+02  3.03001119104808802618e+00  9.94139984012788431755e+02  7.66100303757019531758e+01  1.88816586825448240461e+02  1.89187036470977589488e+05  2.71551104055604664609e+05  2.00000000000000000000e+00  1.67653973544972835497e-03  1.66578000008624911743e+02  2.29333162663936385162e-01  5.00000000000000027756e-02  3.58060000001279661319e+01  5.00000000000000027756e-02
1.12618055555555557135e+02  3.14993605115991526233e+00  9.94099897681855850351e+02  7.43309208632972229225e+01  2.13453114285705453312e+02  1.92580791672988794744e+05  2.41741770777802332304e+05  3.42450952015797982497e+00  1.66318986772486421440e-03  1.63882000004312459396e+02  2.34666581331968188140e-01  5.00000000000000027756e-02  3.57660000000639826112e+01  5.00000000000000027756e-02
1.12625000000000000000e+02  2.99000000000000021316e+00  9.94090000000000031832e+02  7.76200000000000045475e+01  1.42122899999999987131e+02  1.95974546875000000000e+05  2.11932437500000000000e+05  2.00000000000000000000e+00  1.64984000000000007383e-03  1.61186000000000007049e+02  2.39999999999999991118e-01  5.00000000000000027756e-02  3.57259999999999990905e+01  1.19999999999999995559e-01
1.12631944444444442865e+02  2.75001918465202566111e+00  9.94199942446044019562e+02  7.48602302158243020358e+01  1.61603721904750187832e+02  1.79201708364578982582e+05  1.99828244814215227962e+05  2.00000000000000000000e+00  1.73629171957669667208e-03  1.61380000000310332098e+02  2.37999967999488082349e-01  5.00000000000000027756e-02  3.55086666663190229087e+01  5.00000000000000027756e-02
1.12638888888888885731e+02  3.07998880895191184948e+00  9.94249987210230756318e+02  7.28800383693077264979e+01  1.93136439206324297402e+02  1.62428869854157994268e+05  1.87724052128430455923e+05  2.00000000000000000000e+00  1.82274343915339327032e-03  1.61574000000620628725e+02  2.35999935998976145823e-01  5.00000000000000027756e-02  3.52913333326380538324e+01  5.00000000000000027756e-02
1.12645833333333328596e+02  3.15994724220636902245e+00  9.94389942446043278323e+02  7.59998848920866265644e+01  2.56031837143058169204e+02  1.45656031343736976851e+05  1.75619859442645712988e+05  2.00000000000000000000e+00  1.90919515873009008541e-03  1.61768000002751278998e+02  2.33999136027649323744e-01  5.00000000000000027756e-02  3.50740000030647820495e+01  5.00000000000000027756e-02
1.12652777777777771462e+02  2.90000319744210655060e+00  9.94450003197442129022e+02  7.48798241406841356138e+01  1.52093091111090700451e+02  1.33374010439554869663e+05  1.83306531235675472999e+05  2.00000000000000000000e+00  1.93443708994706477580e-03  1.62341333334250037979e+02  2.15999712009228711507e-01  5.00000000000000027756e-02  3.57126666676878272710e+01  5.00000000000000027756e-02
1.12659722222222228538e+02  3.04999999999999982236e+00  9.94320044764189560738e+02  7.29399584332526131902e+01  1.83425123809559863730e+02  1.21091989560445115785e+05  1.90993203139324527001e+05  2.00000000000000000000e+00  1.95817386243387963826e-03  1.62914666665749962249e+02  1.98000287990771295377e-01  5.00000000000000027756e-02  3.63513333323121727858e+01  5.00000000000000027756e-02
1.12666666666666671404e+02  3.24000959232611496219e+00  9.94430057553956658012e+02  7.09301822541961826118e+01  2.23860492857143384526e+02  1.08809968890297910548e+05  1.98679875121183402371e+05  2.00000000000000000000e+00  1.98191063492064592846e-03  1.63487999997248721229e+02  1.80000863972350710895e-01  5.00000000000000027756e-02  3.69899999969352180074e+01  1.09999760002411711701e-01
1.12673611111111114269e+02  3.05002078337502036121e+00  9.94520019184653847333e+02  7.08000207833750181408e+01  1.88001328571383822919e+02  1.33914192801865283400e+05  2.20363843830788944615e+05  2.00000000000000000000e+00  2.05851111111112622387e-03  1.64112666664668267913e+02  1.43334506685437346185e-01  5.00000000000000027756e-02  3.74613333318254717597e+01  5.99998560002192177221e-02
1.12680555555555557135e+02  3.06005755395607659253e+00  9.94540025579535949873e+02  6.94800319744200436389e+01  2.14732469841268510891e+02  1.59018416713432641700e+05  2.42047812540394486859e+05  2.00000000000000000000e+00  2.13777698412697791247e-03  1.64737333332334117131e+02  1.06667253342718676423e-01  5.00000000000000027756e-02  3.79326666659127340608e+01  5.00000000000000027756e-02
1.12687500000000000000e+02  2.91000000000000014211e+00  9.94639999999999986358e+02  6.82500000000000000000e+01  5.04097399999999993270e+02  1.84122640625000000000e+05  2.63731781250000000000e+05  2.00000000000000000000e+00  2.21704285714283003475e-03  1.65361999999999994770e+02  7.00000000000000066613e-02  5.00000000000000027756e-02  3.84040000000000034674e+01  1.79999999999999993339e-01
1.12694444444444442865e+02  3.95016626698422079755e+00  9.94750063948840079320e+02  6.57591942446149317902e+01  5.83535853968290666671e+02  1.66400281283014512155e+05  2.33655437556028395193e+05  2.00000000000000000000e+00  2.25394433333332006031e-03  1.63331333330085129774e+02  1.03333866675198796092e-01  5.00000000000000027756e-02  3.80793333328140093386e+01  5.00000000000000027756e-02
1.12701388888888885731e+02  3.82998401278844546880e+00  9.94730003197442329110e+02  6.63599632294134238464e+01  2.06248210158727232511e+02  1.48677921941028995207e+05  2.03579093862056790385e+05  2.00000000000000000000e+00  2.28755891666665260586e-03  1.61300666660170264777e+02  1.36667733350397585523e-01  5.00000000000000027756e-02  3.77546666656280081042e+01  6.00000959998538488382e-02
1.12708333333333328596e+02  3.45002398081528705021e+00  9.94690052757793637284e+02  6.83092853717044476980e+01  1.80576543333165318472e+02  1.30955562599043478258e+05  1.73502750168085185578e+05  2.00748674955411221532e+00  2.31786253968255598346e-03  1.59270000009146372122e+02  1.69999840005120250730e-01  5.00000000000000027756e-02  3.74299999949357484752e+01  5.00000000000000027756e-02
1.12715277777777771462e+02  3.27001918465263896607e+00  9.94780035171863119103e+02  6.75199999999999960210e+01  1.49379626666808150048e+02  1.38148302069929282879e+05  1.62215739604367292486e+05  2.03151971556333421631e+00  2.28249878306880857326e-03  1.61176000003047505515e+02  1.66666613335042373967e-01  5.00000000000000027756e-02  3.63746666649793013448e+01  5.99996160030402125862e-02
1.12722222222222228538e+02  3.23996802557893559538e+00  9.94870057553957963137e+02  6.92700095923263177156e+01  1.11295568856916887057e+02  1.45341041680070717121e+05  1.50928729145632707514e+05  2.05555268157260551121e+00  2.24713502645498917204e-03  1.63081999996952504262e+02  1.63333386664957641576e-01  5.00000000000000027756e-02  3.53193333350207012700e+01  1.09999456004306953028e-01
1.12729166666666671404e+02  2.85000479616305746333e+00  9.94990043165467568542e+02  6.86304268585121093338e+01  7.84927505237571807584e+01  1.52533781260096235201e+05  1.39641718626175163081e+05  2.07958564758182751220e+00  2.21246404761904274724e-03  1.64987999990853637655e+02  1.60000159994879764813e-01  5.00000000000000027756e-02  3.42640000050642541396e+01  5.00000000000000027756e-02
1.12736111111111114269e+02  2.85001758593271015130e+00  9.94969987210230783603e+02  6.87000127897692465240e+01  7.15143892221917383267e+01  1.54340354173397499835e+05  1.17485104084116770537e+05  2.10361861359104995728e+00  2.20596603174602829203e-03  1.66507333328472753919e+02  1.51333610671103374612e-01  5.00000000000000027756e-02  3.39253333344167771202e+01  5.00000000000000027756e-02
1.12743055555555557135e+02  3.23995523581194078133e+00  9.95010070343724123632e+02  6.87001918465202550124e+01  8.69560081586170952050e+01  1.56146927086698735366e+05  9.53284895420583779924e+04  2.12765157960027195827e+00  2.19946801587301427050e-03  1.68026666664236387305e+02  1.42666805335551705181e-01  5.00000000000000027756e-02  3.35866666672083908907e+01  5.00000000000000027756e-02
1.12750000000000000000e+02  3.16999999999999992895e+00  9.95039999999999963620e+02  6.76099999999999994316e+01  8.53073600000000027421e+01  1.57953500000000000000e+05  7.31718750000000000000e+04  2.15168454560949395926e+00  2.19296999999999981529e-03  1.69545999999999992269e+02  1.34000000000000007994e-01  5.00000000000000027756e-02  3.32479999999999975557e+01  1.00000000000000005551e-01
1.12756944444444442865e+02  3.07001918465202550124e+00  9.95070044764188082809e+02  6.71998273381317687836e+01  6.02835851746149913311e+01  1.52077875010945543181e+05  7.41046223940957424929e+04  2.17571751161871640434e+00  2.21911417989417280444e-03  1.69596000000079982328e+02  1.66735786705914401651e+00  2.63333372266593146449e-01  3.29719999995585197894e+01  1.39999104007093810864e-01
1.12763888888888885731e+02  2.97000319744231111585e+00  9.95050027178259597349e+02  6.76100351718654195565e+01  5.33701696190353374050e+01  1.46202250021891086362e+05  7.50373697881914849859e+04  2.19975047762793840533e+00  2.24525835978834579360e-03  1.69646000000159943966e+02  3.20071573411828813605e+00  5.06666744533186275135e-01  3.26959999991170349176e+01  5.00000000000000027756e-02
1.12770833333333328596e+02  2.88002877697834414050e+00  9.95060091127098075958e+02  6.75799376498802502056e+01  5.35217350950168864188e+01  1.40326625032836629543e+05  7.59701171822872274788e+04  2.22378344363716085041e+00  2.27140253968251878275e-03  1.69695999993947197027e+02  4.73392701033585350245e+00  7.49999882560278163801e-01  3.24200000055377230979e+01  5.00000000000000027756e-02
1.12777777777777771462e+02  3.02002877697895844022e+00  9.95240031974421071936e+02  6.63601822542000689964e+01  1.04431775873499631757e+02  1.25030901070171079482e+05  6.21414349216038390296e+04  2.24781640964638285141e+00  2.36471449735439678136e-03  1.68434666664649938639e+02  3.21330900344632164334e+00  5.05333294186926296199e-01  3.35740000018451212327e+01  5.00000000000000027756e-02
1.12784722222222228538e+02  2.88998721023157401078e+00  9.95419977617905260558e+02  6.64400127897684171785e+01  3.86491479365294807735e+01  1.09735177054828920518e+05  4.83127525783961609704e+04  2.27184937565565414630e+00  2.45967812169319011151e-03  1.67173333335350065454e+02  1.69269099655367805113e+00  2.60666705813073718012e-01  3.47279999981548783694e+01  1.39999360005067019497e-01
1.12791666666666671404e+02  2.76000959232611453587e+00  9.95440057553956762604e+02  6.65899232613910783130e+01  8.18637198097257083873e+01  9.44394530843681277474e+04  3.44840702794441167498e+04  2.29588234166487614729e+00  2.55464174603178915263e-03  1.65912000006052807066e+02  1.72072989664146192013e-01  5.00000000000000027756e-02  3.58819999944622765042e+01  5.00000000000000027756e-02
1.12798611111111114269e+02  3.21002557953848688399e+00  9.95490004796163475476e+02  6.68499680255768851111e+01  6.53680603015547347923e+01  8.71689843479120900156e+04  2.85692115665044111665e+04  2.31991530767409859237e+00  2.54039799999999189525e-03  1.67157999996013870714e+02  1.83332970660864819079e-01  5.00000000000000027756e-02  3.60019999996161033096e+01  5.00000000000000027756e-02
1.12805555555555557135e+02  3.48001278976801708964e+00  9.95529948840927886522e+02  6.61798017585957438769e+01  5.00785983492034461051e+01  7.98985156114560377318e+04  2.26543528535647055833e+04  2.34394827368332059336e+00  2.52064799999999252650e-03  1.68403999998006923988e+02  1.94666485330432403877e-01  5.00000000000000027756e-02  3.61219999998080467662e+01  5.00000000000000027756e-02
1.12812500000000000000e+02  3.24000000000000021316e+00  9.95539999999999963620e+02  6.67800000000000011369e+01  3.04362199999999987199e+01  7.26280468750000000000e+04  1.67394941406250000000e+04  2.36798123969254259436e+00  2.50187714285714105436e-03  1.69650000000000005684e+02  2.05999999999999988676e-01  5.00000000000000027756e-02  3.62419999999999973284e+01  2.00000000000000011102e-01
1.12819444444444442865e+02  3.11997442046396633586e+00  9.95629936051159916133e+02  6.69305563549087452202e+01  2.37057659682582304583e+01  6.35153906419757186086e+04  1.59537747410470292380e+04  2.39201420570176503944e+00  2.49572634920634892769e-03  1.69510666666443796657e+02  2.30667061339647094798e-01  5.00000000000000027756e-02  3.49779999979781379693e+01  1.19999424004560303891e-01
1.12826388888888885731e+02  2.52999999999999980460e+00  9.95689976019182722666e+02  7.02299680255768947745e+01  1.12523289841319495963e+01  5.44027344089514372172e+04  1.51680553414690566569e+04  2.41604717171098704043e+00  2.48957555555555680102e-03  1.69371333332887587630e+02  2.55334122679294228675e-01  5.00000000000000027756e-02  3.37139999959562786103e+01  5.00000000000000027756e-02
1.12833333333333328596e+02  2.35000479616305746333e+00  9.95509995203836979272e+02  7.12000431654675196569e+01  5.08873490000508077458e+00  4.52900781759271485498e+04  1.43823359418910858949e+04  2.44008013772020948551e+00  2.48192126984128711570e-03  1.69231999986378042422e+02  2.79999584013312652342e-01  5.00000000000000027756e-02  3.24499999934129590429e+01  1.09999328006752800091e-01
1.12840277777777771462e+02  2.24000319744210685258e+00  9.95560041566747372599e+02  7.04400319744210605677e+01  2.01149021587773635389e+00  4.07044218835456194938e+04  2.21421692563724609499e+04  2.46411310372943148650e+00  2.44444772486775195944e-03  1.66393333328794625459e+02  2.71333194671110111695e-01  5.00000000000000027756e-02  3.10773333311385897559e+01  5.00000000000000027756e-02
1.12847222222222228538e+02  2.27999040767368033045e+00  9.95640003197442069904e+02  6.93400767386105627565e+01  4.00691714283191280366e-01  3.61187656164543805062e+04  2.99020026186275390501e+04  2.48814606973870278139e+00  2.40697417989414004166e-03  1.63554666671205382045e+02  2.62666805328889862992e-01  5.00000000000000027756e-02  2.97046666688614138252e+01  5.00000000000000027756e-02
1.12854166666666671404e+02  1.43992805755413910695e+00  9.95600019184652296644e+02  7.32900527577936315993e+01  -4.93079571429828666940e-01  3.15331094644772456377e+04  3.76618358840473520104e+04  2.51217903574792478238e+00  2.37024230158729620407e-03  1.60716000013621965081e+02  2.54000415986687377856e-01  5.00000000000000027756e-02  2.83320000065870445383e+01  1.49998560014470289081e-01
1.12861111111111114269e+02  2.05000799360577712349e+00  9.95620025579538491911e+02  7.16700063948846235462e+01  -7.37670936508445174162e-01  4.75437318304848304251e+04  2.80972789357190667943e+04  2.53621200175714722747e+00  2.36367153439153094077e-03  1.66705333314172577275e+02  3.13998079969284360491e-01  5.00000000000000027756e-02  2.86446666656663992967e+01  5.00000000000000027756e-02
1.12868055555555557135e+02  1.69008313349211025667e+00  9.95639968025579946698e+02  7.25401406874481864406e+01  -9.04701079365016425093e-01  6.35543541964924224885e+04  1.85327219873907852161e+04  2.56024496776636922846e+00  2.35710076719576524379e-03  1.72694666657086287387e+02  3.73999039984642178691e-01  5.00000000000000027756e-02  2.89573333328332012115e+01  5.00000000000000027756e-02
1.12875000000000000000e+02  1.21999999999999997335e+00  9.95629999999999995453e+02  7.22399999999999948841e+01  -8.25342000000000020066e-01  7.95649765625000000000e+04  8.96816503906250000000e+03  2.58427793377559122945e+00  2.35052999999999998049e-03  1.78683999999999997499e+02  4.33999999999999996891e-01  5.00000000000000027756e-02  2.92699999999999995737e+01  5.00000000000000027756e-02
1.12881944444444442865e+02  1.46006394884008483537e+00  9.95710051159072122573e+02  7.31396546762635466621e+01  -1.44589892063498348662e+00  7.05472578292988619069e+04  1.21812486919311013480e+04  2.60831089978481367453e+00  3.40163449735421830750e-03  1.93384000023513721089e+02  4.39333418668031827625e-01  5.00000000000000027756e-02  2.85773333322253613176e+01  1.59998976008107196556e-01
1.12888888888888885731e+02  1.46003037570195326467e+00  9.95670015987211513675e+02  7.14700015987211543234e+01  -1.23190548571359403951e+00  6.15295390960977238137e+04  1.53943323447997026960e+04  2.63234386579403567552e+00  4.45273899470843663451e-03  2.08084000047027473101e+02  4.44666837336063602848e-01  5.00000000000000027756e-02  2.78846666644507230615e+01  5.00000000000000027756e-02
1.12895833333333328596e+02  7.39937649880254011414e-01  9.95799932853717109538e+02  7.58300623501197463838e+01  -1.58737996190463359625e+00  5.25118203628965857206e+04  1.86074159976683040441e+04  2.65637683180325812060e+00  5.50384349206265582888e-03  2.22783999908389205302e+02  4.49999296022529082784e-01  5.00000000000000027756e-02  2.71920000043348437657e+01  5.00000000000000027756e-02
1.12902777777777771462e+02  1.40996163069472224549e+00  9.95660057553957926757e+02  7.25199200639473389174e+01  -1.43328694920675614455e+00  4.39974596512836433249e+04  1.73161064477189247555e+04  2.68040979781248012159e+00  5.33648105820126728016e-03  2.03693333302809435281e+02  4.35333098674186347310e-01  5.00000000000000027756e-02  2.80953333347776670337e+01  5.00000000000000027756e-02
1.12909722222222228538e+02  2.20086330936874935427e-01  9.95750031974421062841e+02  7.58598848920841675181e+01  -1.25121605079324393905e+00  3.54830989424663566751e+04  1.60247968725935734255e+04  2.70444276382175141649e+00  5.13915632275118057504e-03  1.84602666697190556988e+02  4.20666901325813691326e-01  5.00000000000000027756e-02  2.89986666652223341600e+01  5.00000000000000027756e-02
1.12916666666666671404e+02  5.69990407673885202122e-01  9.95720067146282872272e+02  7.46001294964025447598e+01  -1.14208223333343594774e+00  2.69687383399673635722e+04  1.47334872780237201368e+04  2.72847572983097341748e+00  4.94183158730149806048e-03  1.65512000091610786967e+02  4.06000703977470955852e-01  5.00000000000000027756e-02  2.99019999956651574280e+01  5.00000000000000027756e-02
1.12923611111111114269e+02  1.11002078337502085859e+00  9.95899987210230733581e+02  7.22700751398943026516e+01  -1.09914172857039083020e+00  3.74753372787282423815e+04  9.96240037284914615157e+03  2.75250869584019586256e+00  5.01262203703705267605e-03  1.67028666661814639838e+02  4.04666709334015939348e-01  5.00000000000000027756e-02  2.94493333347814818524e+01  1.19999984000024359498e-01
1.12930555555555557135e+02  1.37003836930405098471e+00  9.95959910471623970807e+02  7.36698721023198288549e+01  -1.45236068888893599116e+00  4.79819362174891211907e+04  5.19131346767457216629e+03  2.77654166184941786355e+00  5.09693089947089311709e-03  1.68545333330907311620e+02  4.03333354667007981664e-01  5.00000000000000027756e-02  2.89966666673907411678e+01  5.00000000000000027756e-02
1.12937500000000000000e+02  1.18999999999999994671e+00  9.95940000000000054570e+02  7.51299999999999954525e+01  -9.79451999999999989299e-01  5.84885351562500000000e+04  4.20226562500000000000e+02  2.80057462785863986454e+00  5.18123976190473269077e-03  1.70062000000000011823e+02  4.02000000000000023981e-01  5.00000000000000027756e-02  2.85440000000000004832e+01  5.00000000000000027756e-02
1.12944444444444442865e+02  1.07005755395607637936e+00  9.95979980815347971657e+02  7.45299232613919002688e+01  -1.12685461587312607534e+00  5.66230104201419017045e+04  8.04974868370384047012e+03  2.82460759386786186553e+00  4.69410055555576077868e-03  1.71370666668759980666e+02  3.63999391990273368780e-01  5.00000000000000027756e-02  2.99553333355908648628e+01  5.00000000000000027756e-02
1.12951388888888885731e+02  6.10012789769243557458e-01  9.95950023980817377378e+02  7.60400367705865818380e+01  -7.91174141270309272400e-01  5.47574856840338034090e+04  1.56792708049076809402e+04  2.84864055987708431061e+00  4.16262486111133173106e-03  1.72679333337519949509e+02  3.25998783980546769090e-01  5.00000000000000027756e-02  3.13666666711817292423e+01  1.59999648000535898973e-01
1.12958333333333328596e+02  1.00999520383694263437e+00  9.96059947242206362716e+02  7.47899328537172038978e+01  -7.20268347619535176385e-01  5.28919609479257051134e+04  2.33087929261115205009e+04  2.87267352588630631161e+00  3.64188936507950497198e-03  1.73988000002245797759e+02  2.87998656043010003991e-01  5.00000000000000027756e-02  3.27779999938832276030e+01  5.00000000000000027756e-02
1.12965277777777771462e+02  9.80022382094745347914e-01  9.95870031974421067389e+02  7.43699936051157948214e+01  -6.84074999999999988631e-01  4.74916250100638208096e+04  2.23404661476378641964e+04  2.89670649189552875669e+00  3.33416780423302552133e-03  1.74456000000748275625e+02  2.59999552014355761465e-01  5.00000000000000027756e-02  3.15033333312952805727e+01  5.00000000000000027756e-02
1.12972222222222228538e+02  -7.99840127894676095055e-02  9.96119987210231556674e+02  8.15996642685788202698e+01  -9.47033431744159881482e-01  4.20912890524361791904e+04  2.13721393211121358036e+04  2.92073945790480005158e+00  3.02644624338591679974e-03  1.74923999999251719828e+02  2.32000447985644231430e-01  5.00000000000000027756e-02  3.02286666687047187452e+01  5.00000000000000027756e-02
1.12979166666666671404e+02  1.90057553956688607411e-01  9.96050014388489103112e+02  7.99997697841732389179e+01  -9.38101109525528498168e-01  3.66909531413646545843e+04  2.04038125056937969930e+04  2.94477242391402205257e+00  2.72354281746023212107e-03  1.75391999997754197693e+02  2.04001343956989988904e-01  5.00000000000000027756e-02  2.89540000061167717149e+01  5.00000000000000027756e-02
1.12986111111111114269e+02  -1.39996802557689120627e-01  9.96059996802557634510e+02  8.16499488409230309571e+01  -8.33910795238135937879e-01  3.96191640734097672976e+04  2.14226328162958634493e+04  2.96880538992324449765e+00  2.61657687830682160121e-03  1.74777333335299744022e+02  2.13333034661888659711e-01  5.00000000000000027756e-02  2.95846666646490703556e+01  5.00000000000000027756e-02
1.12993055555555557135e+02  2.89955235811940603696e-01  9.96219923261391954838e+02  8.12897697841757036485e+01  -4.97126139682822765220e-01  4.25473750054548872868e+04  2.24414531268979335437e+04  2.99283835593246649864e+00  2.50961093915341064767e-03  1.74162666667649858709e+02  2.22666517330944335740e-01  5.00000000000000027756e-02  3.02153333323245369968e+01  5.00000000000000027756e-02
1.13000000000000000000e+02  -5.99999999999999977796e-02  9.96159999999999968168e+02  8.14200000000000017053e+01  -9.30223000000000022069e-01  4.54755859375000000000e+04  2.34602734375000000000e+04  3.01687132194168849963e+00  2.40264500000000012780e-03  1.73548000000000001819e+02  2.32000000000000011768e-01  5.00000000000000027756e-02  3.08460000000000000853e+01  1.30000000000000004441e-01
