        0.0000000005
        0.0000000005
        0.0000000196
        0.0000020614
        0.0000355817
        0.0001723341
        0.0004541474
        0.0007375302
        0.0010001694
        0.0015017256
        0.0016925738
        0.0016395108
        0.0018102932
        0.0017758692
        0.0020128242
        0.0018604132
        0.0020705245
        0.0024741595
        0.0023492164
        0.0025117049
        0.0021018272
        0.0022501359
        0.0023905074
        0.0027394742
        0.0040300182
        0.0039122988
        0.0040566835
        0.0041284745
        0.0040812084
        0.0039163120
        0.0036434169
        0.0042216691
        0.0045637689
        0.0047612165
        0.0049963879
        0.0050128864
        0.0050949333
        0.0049674039
        0.0049682957
        0.0051011760
        0.0051644948
        0.0046467968
        0.0049512621
        0.0050057519
        0.0047695996
        0.0049227240
        0.0048427283
        0.0044354369
        0.0047338378
        0.0046796155
        0.0047514958
        0.0047547063
        0.0046064868
        0.0046567851
        0.0046535746
        0.0045600233
        0.0045481622
        0.0044926913
        0.0044724472
        0.0044129632
        0.0044129632
        0.0044129632
        0.0044129632
        0.0044129632
        0.0044129632
        0.0044129632
        0.0044129632
        0.0044129632
        0.0044129632
        0.0044129632
        0.0044129632
        0.0044129632
        0.0044129632
        0.0044129632
        0.0044129632
        0.0044129632
        0.0044129632
        0.0044129632
        0.0044129632
        0.0044129632
        0.0044129632
        0.0044129632
        0.0044129632
        0.0044129632
