#                     time          SMEAR_TEMP_168.dat             SMEAR_PRESS.dat                SMEAR_RH.dat               SMEAR_SWR.dat                SA_tower.dat               SA_ground.dat                     NH3.dat                SMEAR_CS.dat            SMEAR_GAS_CO.dat           SMEAR_GAS_NO2.dat            SMEAR_GAS_NO.dat            SMEAR_GAS_O3.dat           SMEAR_GAS_SO2.dat
1.19000000000000000000e+02  4.11000000000000031974e+00  9.92519999999999981810e+02  7.74800000000000039790e+01  -2.67251700000000003143e+00  3.49256835937500000000e+04  2.26825273437500000000e+04  3.21310481708832096359e+00  4.72729499999999941418e-03  1.47491999999999990223e+02  3.22000000000000008438e-01  5.00000000000000027756e-02  3.82479999999999975557e+01  5.00000000000000027756e-02
1.19006944444444442865e+02  3.79001918465202569664e+00  9.92699865707435833428e+02  7.85699616306959427448e+01  -2.73693285396817520549e+00  4.29298893080058478517e+04  2.17732871110687992768e+04  2.81855726798396277744e+00  5.08636080687821165447e-03  1.48886666668897532873e+02  3.90667765350909523825e-01  5.00000000000000027756e-02  3.77619999992226027530e+01  5.00000000000000027756e-02
1.19013888888888885731e+02  3.78000479616346618528e+00  9.92550019184653820048e+02  7.84099936051153747485e+01  -2.83516761587289378710e+00  5.09340950222617029794e+04  2.08640468783875985537e+04  2.67074235664946213475e+00  5.44542661375642302740e-03  1.50281333337795075522e+02  4.59335530701819039212e-01  5.00000000000000027756e-02  3.72759999984452150557e+01  8.99999520000730746094e-02
1.19020833333333328596e+02  3.86000959232611462468e+00  9.92769980815347707903e+02  7.80099712230216653097e+01  -2.32578119047616471704e+00  5.89383007365175581072e+04  1.99548066457063978305e+04  3.17173476630855466496e+00  5.80449242063463440033e-03  1.51675999998038918193e+02  5.28001215961086178829e-01  5.00000000000000027756e-02  3.67899999984228216476e+01  8.99995680043410850590e-02
1.19027777777777771462e+02  3.93999040767368047256e+00  9.92639996802557902811e+02  7.80199168665052269489e+01  -3.18961365396296381292e+00  7.20575025797183188843e+04  3.02021471163201858872e+04  6.69194207252266171082e+00  6.12217666666633065359e-03  1.51267333332679896785e+02  5.53333738653678075536e-01  5.00000000000000027756e-02  3.64613333328078326190e+01  6.99996800025335236262e-02
1.19034722222222228538e+02  3.80000959232631929652e+00  9.92739968025578946254e+02  7.92299296562736543592e+01  -2.68557743809654070333e+00  8.51767044515316811157e+04  4.04494876493048141128e+04  4.49797608110586910612e+00  6.43884333333356179141e-03  1.50858666667320079569e+02  5.78666261346321930681e-01  5.00000000000000027756e-02  3.61326666671921685747e+01  5.00000000000000027756e-02
1.19041666666666671404e+02  3.61001438848917199920e+00  9.92759928057554134284e+02  7.91800383693044693700e+01  -2.44622515714136889997e+00  9.82959061581840360304e+04  5.06968280710594117409e+04  2.24498646352006625548e+00  6.75551000000014414265e-03  1.50450000001961058160e+02  6.03998784038913827388e-01  5.00000000000000027756e-02  3.58040000015771795461e+01  6.99991360086821695630e-02
1.19048611111111114269e+02  3.91999680255768900849e+00  9.92610000000000013642e+02  7.89100031974423075098e+01  -5.83377473015282976831e-01  8.18668059283726906870e+04  4.10449615525812696433e+04  7.61670115124035529419e+00  6.99842972222232146545e-03  1.52652666659619995926e+02  5.94666965338111253025e-01  5.00000000000000027756e-02  3.56040000006398287269e+01  5.00000000000000027756e-02
1.19055555555555557135e+02  3.35005755395607662805e+00  9.92729897681855845804e+02  8.04498784972038407659e+01  -8.76929441269757470323e-01  6.54377056985613526194e+04  3.13930950341031348216e+04  4.15869633282301442989e+00  7.23763111111120401725e-03  1.54855333329810008536e+02  5.85333482669055604752e-01  5.00000000000000027756e-02  3.54040000003199182288e+01  8.00008319934128742101e-02
1.19062500000000000000e+02  2.70000000000000017764e+00  9.92720000000000027285e+02  8.16899999999999977263e+01  -5.10701999999999989299e-01  4.90086054687500000000e+04  2.17412285156250000000e+04  8.04709486539117690995e+00  7.43084761904748338640e-03  1.57057999999999992724e+02  5.75999999999999956479e-01  5.00000000000000027756e-02  3.52040000000000006253e+01  5.00000000000000027756e-02
1.19069444444444442865e+02  3.46998721023198308799e+00  9.92709968025579996720e+02  8.02297697841757013748e+01  -4.97764869841306578646e-01  5.90789661270735377911e+04  2.29769173154064010305e+04  9.59973548536713039425e+00  7.03137010582007525306e-03  1.57854000001273249154e+02  4.84665205309955271495e-01  5.00000000000000027756e-02  3.54800000004414783916e+01  5.00000000000000027756e-02
1.19076388888888885731e+02  3.78999520383653365485e+00  9.92579974420461553564e+02  7.93600111910480876531e+01  -8.36038204761864078840e-01  6.91493267853970755823e+04  2.42126061151878056990e+04  5.30823480395117019981e+00  6.63189259259266798707e-03  1.58650000002546505584e+02  3.93330410619910586512e-01  5.00000000000000027756e-02  3.57560000008829632634e+01  1.09999968000048714556e-01
1.19083333333333328596e+02  3.99000479616305758768e+00  9.92440057553956762604e+02  7.90899088729019155153e+01  -1.15281480952383508232e+00  7.92196874437206133734e+04  2.54482949149692067294e+04  6.42124067624849015345e+00  6.24803111111114483495e-03  1.59445999993384162963e+02  3.01998816037889750152e-01  5.00000000000000027756e-02  3.60320000000543814167e+01  5.00000000000000027756e-02
1.19090277777777771462e+02  4.05999680255789296979e+00  9.92519990407673617483e+02  7.86101758593158592703e+01  -2.37457871428319133855e+00  7.77592656277215719456e+04  2.59249277334867692844e+04  6.94388080555131104177e+00  6.17388759259264539164e-03  1.58067333331128992313e+02  2.77332938679313412145e-01  5.00000000000000027756e-02  3.60433333333514553942e+01  5.00000000000000027756e-02
1.19097222222222228538e+02  3.84996163069472219220e+00  9.92530003197442056262e+02  8.09000639488421313672e+01  -4.23696733014477189272e+00  7.62988437472784280544e+04  2.64015605477632307156e+04  4.28885412038358904141e+00  6.09974407407399502740e-03  1.56688666668871007914e+02  2.52667061320686558989e-01  5.00000000000000027756e-02  3.60546666666485435826e+01  1.49999872001013390133e-01
1.19104166666666671404e+02  3.50997122302165553975e+00  9.92649961630695543136e+02  8.19799904076738954473e+01  -2.01968121904225661467e+00  7.48384218813965853769e+04  2.68781933179454972560e+04  8.26529873552535931935e+00  6.02768000000001007849e-03  1.55310000006615837265e+02  2.28001183962110220982e-01  5.00000000000000027756e-02  3.60659999999456175601e+01  1.79999280007235140655e-01
1.19111111111111114269e+02  3.49998401278844539775e+00  9.92569996802557739102e+02  8.27099936051153719063e+01  -3.18246500635238049881e+00  7.59829947959310520673e+04  1.94649996468594981707e+04  6.42275605686959050189e+00  6.04018000000000609973e-03  1.54578000002341781283e+02  2.98664405297157153907e-01  5.00000000000000027756e-02  3.60766666666325406254e+01  5.00000000000000027756e-02
1.19118055555555557135e+02  3.30003836930405070049e+00  9.92560012789767938557e+02  8.35799680255799586348e+01  -2.00726408254034804912e+00  7.71275677104655333096e+04  1.20518059757734990853e+04  8.87891867424663061570e+00  6.05268000000000298833e-03  1.53846000001170892801e+02  3.69332202648578578064e-01  5.00000000000000027756e-02  3.60873333333162733538e+01  8.99994880040536071597e-02
1.19125000000000000000e+02  2.99000000000000021316e+00  9.92659999999999968168e+02  8.57099999999999937472e+01  -4.09375000000000000000e+00  7.82721406250000000000e+04  4.63861230468750000000e+03  8.01521322696513571771e+00  6.06517999999999987693e-03  1.53114000000000004320e+02  4.40000000000000002220e-01  5.00000000000000027756e-02  3.60979999999999989768e+01  5.00000000000000027756e-02
1.19131944444444442865e+02  2.95000000000000017764e+00  9.92720038369304120351e+02  8.54001278976801785348e+01  -1.63776750476143817536e+00  7.22565976674561970867e+04  1.43272559190965830567e+03  6.55474842030216642286e+00  6.11605301587300233257e-03  1.54730000002584915819e+02  4.37999967999488093451e-01  5.00000000000000027756e-02  3.56959999993569709886e+01  5.00000000000000027756e-02
1.19138888888888885731e+02  2.92999840127884469965e+00  9.92670009592326891834e+02  8.52800175859327111993e+01  -2.19707420158567368063e+00  6.62410547099123796215e+04  -1.77316112086818338867e+03  8.32323108091766528105e+00  6.16692603174600478821e-03  1.56346000005169827318e+02  4.35999935998976129170e-01  5.00000000000000027756e-02  3.52939999987139430004e+01  1.39999936000097441324e-01
1.19145833333333328596e+02  3.25002398081528687257e+00  9.92670028776978256246e+02  8.45099760191847195756e+01  -2.06547636666995115817e+00  6.02255117523685694323e+04  -4.97904783364602553775e+03  7.47067070293897383948e+00  6.21779904761900637650e-03  1.57962000009786180499e+02  4.33998848036865725319e-01  5.00000000000000027756e-02  3.48919999979685471203e+01  5.00000000000000027756e-02
1.19152777777777771462e+02  3.58000000000000007105e+00  9.92709964828136889992e+02  8.07801342925684764396e+01  -1.92554797460337812076e+00  5.23941666812608091277e+04  5.73323695920373756962e+03  6.26428479481265121365e+00  6.16402962962968922062e-03  1.60001333336594001366e+02  4.09999616012304946011e-01  5.00000000000000027756e-02  3.44686666659898079956e+01  5.00001919984798953722e-02
1.19159722222222228538e+02  3.45997442046314818143e+00  9.92899974420463081515e+02  8.22500063948842097261e+01  -1.82895717777635335999e+00  4.45628215999891981483e+04  1.64455218298587606114e+04  8.52953033299877816376e+00  6.10768703703699639834e-03  1.62040666663406000225e+02  3.86000383987695039334e-01  5.00000000000000027756e-02  3.40453333340101949034e+01  1.69999424004560306667e-01
1.19166666666666671404e+02  3.17004316546751629957e+00  9.92889932853717141370e+02  8.41000047961630485815e+01  -1.31299019043616460589e-01  3.67314766309800397721e+04  2.71578066001595034322e+04  9.29845171742391229941e+00  6.05134444444441893518e-03  1.64079999990213821093e+02  3.62001151963134260026e-01  5.00000000000000027756e-02  3.36220000020314557787e+01  5.99998080019293611453e-02
1.19173611111111114269e+02  3.48999840127884475294e+00  9.92660031974423077372e+02  8.40800911271058595275e+01  3.59114039524297856687e+00  4.89849609831533598481e+04  1.99171078831792547135e+04  1.27787500807271019454e+01  5.84368925925921826187e-03  1.61864666673753845316e+02  3.10001664026620216141e-01  5.00000000000000027756e-02  3.14466666736258773085e+01  5.00000000000000027756e-02
1.19180555555555557135e+02  3.81995523581194040830e+00  9.92760025579535977158e+02  8.00295651478874248141e+01  9.80455724127117100863e+00  6.12384453353266799240e+04  1.26764091661990023567e+04  1.48341930072053038714e+01  5.62840486772488417938e-03  1.59649333336876935618e+02  2.58000832013310088531e-01  5.00000000000000027756e-02  2.92713333368129404732e+01  8.99989760081072176501e-02
1.19187500000000000000e+02  3.37000000000000010658e+00  9.92700000000000045475e+02  8.17600000000000051159e+01  1.56016700000000003712e+01  7.34919296875000000000e+04  5.43571044921875000000e+03  1.29923570129235965709e+01  5.41312047619054922953e-03  1.57433999999999997499e+02  2.05999999999999988676e-01  5.00000000000000027756e-02  2.70960000000000000853e+01  7.00000000000000066613e-02
1.19194444444444442865e+02  2.44003197442004227113e+00  9.92699968025580005815e+02  8.26199872102319829992e+01  1.84889724761785494422e+01  9.06998176762772345683e+04  9.28810839126097380358e+03  1.09416098123289380339e+01  5.53004044444438923323e-03  1.56299333331518340628e+02  2.18666869336575531158e-01  5.00000000000000027756e-02  2.77573333343911841098e+01  5.00000000000000027756e-02
1.19201388888888885731e+02  2.22000319744231111585e+00  9.92580006394884662768e+02  8.46299920063942181514e+01  3.36718896031631587107e+01  1.07907705665054469137e+05  1.31405063333031976072e+04  1.06958798993697925539e+01  5.67273488888882931880e-03  1.55164666663036712180e+02  2.31333738673151073639e-01  5.00000000000000027756e-02  2.84186666687823681343e+01  1.80000015999975643277e-01
1.19208333333333328596e+02  2.38000479616305726793e+00  9.92599961630695588610e+02  8.59799136690649703496e+01  4.70638923809338010074e+01  1.25115593653831689153e+05  1.69929042753454195918e+04  1.03942101424213966254e+01  5.83119031746010332840e-03  1.54030000018481473489e+02  2.44007743752180372709e-01  5.00000000000000027756e-02  2.90799999969416127499e+01  5.00000000000000027756e-02
1.19215277777777771462e+02  2.55999040767368057914e+00  9.92580006394884208021e+02  8.58500127897684137679e+01  5.25258954285778116855e+01  1.92151270708408672363e+05  1.23920367924281345040e+04  1.00925403854730006969e+01  6.30223859788325846409e-03  1.57881333339491192191e+02  4.05335914583950018830e-01  5.00000000000000027756e-02  2.84426666656476392347e+01  5.00000000000000027756e-02
1.19222222222222228538e+02  2.39995523581050917983e+00  9.92510035171863137293e+02  8.69600095923263154418e+01  7.95951446032111533668e+01  2.59186948041591298534e+05  7.79116926225936549599e+03  9.79087062852398659629e+00  6.77328687830737810605e-03  1.61732666660508812129e+02  5.66664085416049845279e-01  5.00000000000000027756e-02  2.78053333343523583210e+01  5.00000000000000027756e-02
1.19229166666666671404e+02  1.62000479616305748110e+00  9.92420086330934964280e+02  8.73097553956840783940e+01  9.85377590952594175633e+01  3.26222624921976879705e+05  3.19030178804818524441e+03  9.48920087157559066782e+00  7.24410738095274814308e-03  1.65583999981518530831e+02  7.27992256247819602422e-01  5.00000000000000027756e-02  2.71680000030583848059e+01  5.00000000000000027756e-02
1.19236111111111114269e+02  1.70999840127884450425e+00  9.92659971223019169884e+02  8.72799776179038246937e+01  1.17327772857160056219e+02  3.12261552031317958608e+05  8.60052801494879167876e+03  9.18753111462719473934e+00  7.70566492063516541439e-03  1.66399999997389500095e+02  7.45999423990785337502e-01  5.00000000000000027756e-02  2.71573333333674575840e+01  5.00000000000000027756e-02
1.19243055555555557135e+02  2.17992965627590695732e+00  9.92510019184652037438e+02  8.57201918465202510333e+01  1.37966090158736307103e+02  2.98300479140658979304e+05  1.40107542418493958394e+04  8.88586135767879703451e+00  8.16722246031758268570e-03  1.67215999998694769602e+02  7.63999711995392627450e-01  5.00000000000000027756e-02  2.71466666666837284083e+01  5.00000000000000027756e-02
1.19250000000000000000e+02  2.68000000000000015987e+00  9.92570000000000050022e+02  8.47500000000000000000e+01  1.75897300000000001319e+02  2.84339406250000000000e+05  1.94209804687500000000e+04  8.58419160073040110603e+00  8.62878000000000082437e-03  1.68032000000000010687e+02  7.82000000000000028422e-01  5.39999999999999993894e-02  2.71359999999999992326e+01  2.80000000000000026645e-01
1.19256944444444442865e+02  2.92999360511599160617e+00  9.92480063948840097510e+02  8.44202813748963762919e+01  1.24902987936538025338e+02  2.65954494825915433466e+05  1.44191684663489886589e+04  8.28252184378200517756e+00  8.59219269841270810728e-03  1.66543333330952123106e+02  7.58666293327360907739e-01  5.33333332266668694310e-02  2.51973333302322934912e+01  5.00000000000000027756e-02
1.19263888888888885731e+02  3.15999040767306738076e+00  9.92490017585932719157e+02  8.38700159872115591497e+01  1.55971413809669428474e+02  2.47569583401830808725e+05  9.41735646394797731773e+03  7.98085208683360836091e+00  8.55560539682541712492e-03  1.65054666661904207103e+02  7.35332586654721676034e-01  5.26666664533337325338e-02  2.32586666604645841971e+01  5.00000000000000027756e-02
1.19270833333333328596e+02  3.36002877697834412274e+00  9.92639971223021689184e+02  8.24200239808152872456e+01  1.94069750476254029081e+02  2.29184671977746242192e+05  4.41554446154696415761e+03  7.67918232988521154425e+00  8.51901809523812440783e-03  1.63565999998835508222e+02  7.12001919938557104039e-01  5.20000137599673992184e-02  2.13200000048179170165e+01  1.40000575994211895470e-01
1.19277777777777771462e+02  3.36001918465263882396e+00  9.92580006394884208021e+02  8.19099040767368080651e+01  1.28151739365373060764e+02  3.06365572772835846990e+05  2.75980191625273582758e+04  7.37751257293681561578e+00  8.43945322751331328259e-03  1.63323333332945338725e+02  7.52000639979491736220e-01  8.06666712533029156562e-02  2.23240000016052881904e+01  6.99999680002533625212e-02
1.19284722222222228538e+02  3.58995843325261576595e+00  9.92639948840926308549e+02  8.32798848920841692234e+01  2.09734697143562613064e+02  3.83546474102164153010e+05  5.07804940210663917242e+04  7.07584281598780240330e+00  8.35883153439147610908e-03  1.63080666667054657637e+02  7.91999360020508191838e-01  1.09333328746697100442e-01  2.33279999983947128328e+01  1.59999488004053613821e-01
1.19291666666666671404e+02  3.81011031175031966711e+00  9.92470067146282872272e+02  8.30997122302165536212e+01  2.08519568571241876498e+02  4.60727375292970216833e+05  7.39629693518241983838e+04  6.77417305903940558665e+00  8.27820984126980373430e-03  1.62838000001164488140e+02  8.31998080061442824018e-01  1.37999986240032623819e-01  2.43319999951820840067e+01  5.00000000000000027756e-02
1.19298611111111114269e+02  3.90998880895191192053e+00  9.92440019184653920092e+02  8.38500287769807925997e+01  2.48267692698468948720e+02  5.13150041861980163958e+05  1.81650458734549465589e+05  6.47250330209100965817e+00  8.22344105555553386844e-03  1.63350666665026579949e+02  8.57332522653697859383e-01  1.47999996800006056175e-01  2.48253333317550897164e+01  5.00000000000000027756e-02
1.19305555555555557135e+02  3.96992326139189843914e+00  9.92649923261391904816e+02  8.40400000000000062528e+01  1.91587891746004515880e+02  5.65572708430990111083e+05  2.89337948117274732795e+05  6.17083354514261284152e+00  8.16997577777775658980e-03  1.63863333332513292362e+02  8.82666261326848888835e-01  1.57999998400003033305e-01  2.53186666658775436645e+01  1.10000000000000000555e-01
1.19312500000000000000e+02  3.91000000000000014211e+00  9.92679999999999949978e+02  8.43100000000000022737e+01  1.89797100000000000364e+02  6.17995375000000000000e+05  3.97025437500000000000e+05  5.86916378819421691304e+00  8.10327904761896748720e-03  1.64376000000000004775e+02  9.08000000000000029310e-01  1.68000000000000010436e-01  2.58120000000000011653e+01  8.00000000000000016653e-02
1.19319444444444442865e+02  3.98007673860810173849e+00  9.92700006394884098881e+02  8.45599744204639733880e+01  2.59026799682569617289e+02  8.97096582813403336331e+05  5.80328582991862902418e+05  5.56749403124582098457e+00  7.86604359788358083183e-03  1.62216666663212663479e+02  8.95333130663424459073e-01  1.53333330986671095841e-01  2.68580000016731545998e+01  5.00000000000000027756e-02
1.19326388888888885731e+02  4.42998401278844511353e+00  9.92670020783374980056e+02  8.36300623501250584013e+01  1.82756361904878446012e+02  1.17619779062680667266e+06  7.63631728483725921251e+05  5.26582427429742416791e+00  7.62880814814819330910e-03  1.60057333326425293762e+02  8.82666261326848888835e-01  1.38666661973342209002e-01  2.79040000033463080342e+01  5.00000000000000027756e-02
1.19333333333333328596e+02  4.82009112709809084407e+00  9.92670062350119678740e+02  8.22797745803363085315e+01  2.40419489523826911181e+02  1.45529899844021024182e+06  9.46934873975588823669e+05  4.96415451734902823944e+00  7.38601269841285875545e-03  1.57897999999641683644e+02  8.69998464049154263122e-01  1.23999983680038658451e-01  2.89500000034614757283e+01  6.00005759942118868655e-02
1.19340277777777771462e+02  5.31996482813682902702e+00  9.92860009592326377970e+02  7.99801854516421855124e+01  2.57990352699392190061e+02  1.56520320812852075323e+06  1.07592466642628703266e+06  4.66248476040063142278e+00  7.03294391534417008549e-03  1.57823333333213952301e+02  8.37999488016406557378e-01  8.99999945600360728992e-02  2.96713333344866683206e+01  2.19999392004813665302e-01
1.19347222222222228538e+02  6.38994564348418947475e+00  9.92939987210231606696e+02  7.70799264588315509172e+01  4.43215229842588144038e+02  1.67510741687147924677e+06  1.20491445857371296734e+06  4.36081500345161821031e+00  6.67987513227475803584e-03  1.57748666666786050428e+02  8.06000511983593459497e-01  5.60000054399639179969e-02  3.03926666655133317363e+01  1.59999904000760057032e-01
1.19354166666666671404e+02  7.06993285371719704102e+00  9.92959980815347762473e+02  7.39097889688254667817e+01  2.00908376665561604568e+02  1.78501162510812957771e+06  1.33390424993487144820e+06  4.05914524650322139365e+00  6.33192388888877827346e-03  1.57674000000358319085e+02  7.74001535950845753753e-01  5.00000000000000027756e-02  3.11139999965385243286e+01  1.69999760002411737236e-01
1.19361111111111114269e+02  6.88000479616346627409e+00  9.93000001598721155460e+02  7.47999840127884425556e+01  4.25431402063256712154e+02  1.80435979173875297420e+06  1.32225045828991429880e+06  3.75747548955482546518e+00  6.19208592592585156666e-03  1.58163333331767887557e+02  6.38670997402614126770e-01  5.00000000000000027756e-02  3.30906666603430181794e+01  7.99999360000974296669e-02
1.19368055555555557135e+02  6.85007034372409329137e+00  9.92880044764188028239e+02  7.37998081534797449876e+01  2.93289675555539304241e+02  1.82370795836937660351e+06  1.31059666664495714940e+06  3.45580573260642864852e+00  6.05224796296292572723e-03  1.58652666665883941732e+02  5.03335498701307115788e-01  5.53333306666717039679e-02  3.50673333301715075550e+01  1.69999872001013407896e-01
1.19375000000000000000e+02  7.01999999999999957367e+00  9.92950000000000045475e+02  7.32500000000000000000e+01  5.74251899999999977808e+02  1.84305612500000000000e+06  1.29894287500000000000e+06  3.15413597565803272005e+00  5.91240999999999988779e-03  1.59141999999999995907e+02  3.67999999999999993783e-01  7.19999999999999945599e-02  3.70439999999999969305e+01  1.60000000000000003331e-01
1.19381944444444442865e+02  7.87007673860810186284e+00  9.92870019184652051081e+02  6.91600575539560793459e+01  5.69725497460312453768e+02  1.56337183385434956290e+06  1.21669225015322235413e+06  2.43804782659542285117e+00  5.73829624338628978969e-03  1.58785999999430543994e+02  3.39332874659329042366e-01  5.26666635733391702567e-02  3.79806666681649289785e+01  5.00000000000000027756e-02
1.19388888888888885731e+02  7.80003037570195356665e+00  9.92909988808951879946e+02  6.67400239808173267875e+01  2.49550964920676022984e+02  1.28368754270869912580e+06  1.13444162530644494109e+06  2.00000000000000000000e+00  5.56418248677257882423e-03  1.58429999998861120503e+02  3.10665749318658090949e-01  5.00000000000000027756e-02  3.89173333363298681320e+01  5.00000000000000027756e-02
1.19395833333333328596e+02  7.40007673860891834750e+00  9.92999976019184714460e+02  6.78100095923261108055e+01  2.25573188571464100960e+02  1.00400325156304845586e+06  1.05219100045966729522e+06  2.00000000000000000000e+00  5.39006873015886872613e-03  1.58073999989049326587e+02  2.82001407954941885059e-01  5.00000000000000027756e-02  3.98539999992545972418e+01  5.00000000000000027756e-02
1.19402777777777771462e+02  7.49002238209474580088e+00  9.92929977617905251464e+02  6.78301087130316204821e+01  2.74800441587098816854e+02  8.27013250329830567352e+05  8.73250271166799124330e+05  2.00000000000000000000e+00  5.57475116402095845908e-03  1.55791999996351336222e+02  3.11333802651627244984e-01  5.00000000000000027756e-02  3.96986666664183047715e+01  5.00000000000000027756e-02
1.19409722222222228538e+02  7.95999999999999996447e+00  9.92970000000000027285e+02  6.90198081534736047615e+01  3.99954105079384873989e+02  6.50023249670169549063e+05  6.94309541333200875670e+05  2.00000000000000000000e+00  5.76825645502659477976e-03  1.53510000003648684697e+02  3.40666197348372667975e-01  5.00000000000000027756e-02  3.95433333335816925569e+01  5.00000000000000027756e-02
1.19416666666666671404e+02  8.07997601918471275440e+00  9.92810028776978242604e+02  6.80799904076738897629e+01  3.08966471428382703834e+02  4.73033249550238659140e+05  5.15368812085979268886e+05  2.00000000000000000000e+00  5.96176174603183471612e-03  1.51228000010950694332e+02  3.69998592045058138922e-01  5.00000000000000027756e-02  3.93880000007454000865e+01  5.00000000000000027756e-02
1.19423611111111114269e+02  8.28999680255768822690e+00  9.92980006394884640031e+02  6.83101023181539517282e+01  2.89494026031616840555e+02  3.92555150741825811565e+05  4.41285958057319512591e+05  2.00000000000000000000e+00  6.07242037037039085468e-03  1.53248666660202246703e+02  3.81999615993856900253e-01  5.00000000000000027756e-02  4.00486666645530959840e+01  1.49999936000097422450e-01
1.19430555555555557135e+02  8.01000639488400878463e+00  9.92910038369304061234e+02  6.91697825739437064385e+01  7.25838671428371782213e+01  3.12077051933412905782e+05  3.67203104028659756295e+05  2.00000000000000000000e+00  6.17890185185184393629e-03  1.55269333330101119373e+02  3.93999807996928463893e-01  5.00000000000000027756e-02  4.07093333322765431603e+01  5.00000000000000027756e-02
1.19437500000000000000e+02  7.34999999999999964473e+00  9.93009999999999990905e+02  7.64000000000000056843e+01  1.72845499999999987040e+02  2.31598953125000000000e+05  2.93120250000000000000e+05  2.00000000000000000000e+00  6.28538333333329701791e-03  1.57289999999999992042e+02  4.06000000000000027534e-01  6.60000000000000031086e-02  4.13699999999999974420e+01  5.00000000000000027756e-02
1.19444444444444442865e+02  7.70998081534797474745e+00  9.92850019184652069271e+02  7.45896994404516107124e+01  1.92034357777795577249e+02  1.91157875075336574810e+05  2.86283510429402638692e+05  2.00000000000000000000e+00  6.36891399999996773301e-03  1.56524666665442452995e+02  5.78669429377529742631e-01  5.13333309866711023917e-02  4.15280000002527316383e+01  5.00000000000000027756e-02
1.19451388888888885731e+02  7.75000319744231092045e+00  9.92930012789769193660e+02  7.35799632294134227095e+01  1.74927801111187761762e+02  1.50716797025673149619e+05  2.79446770858805277385e+05  2.00000000000000000000e+00  6.45066399999996535619e-03  1.55759333330884913948e+02  7.51338858755059568750e-01  5.00000000000000027756e-02  4.16860000005054658345e+01  7.00000319999512926605e-02
1.19458333333333328596e+02  7.44996642685859811195e+00  9.93099923261391154483e+02  7.58902206235006389079e+01  8.28935966667820451903e+01  1.10275718976009709877e+05  2.72610031288207916077e+05  2.00000000000000000000e+00  6.52818333333333566254e-03  1.54994000007364434168e+02  9.23999104028673357014e-01  5.00000000000000027756e-02  4.18439999989730750940e+01  5.00000000000000027756e-02
1.19465277777777771462e+02  6.63000639488421317225e+00  9.93000000000000000000e+02  8.37297474020735990052e+01  5.32991806031807158206e+01  1.00173588560492542456e+05  2.37274927149182243738e+05  2.00000000000000000000e+00  6.52179444444444915419e-03  1.56528666669120440247e+02  9.05333034676237158322e-01  5.00000000000000027756e-02  4.16299999996578407035e+01  5.00000000000000027756e-02
1.19472222222222228538e+02  5.90996802557893552432e+00  9.93169990407673594746e+02  8.88301087130316204821e+01  9.54442455239127411915e+01  9.00714583145074575441e+04  2.01939822850817756262e+05  2.00000000000000000000e+00  6.51540555555554876804e-03  1.58063333330879572713e+02  8.86666965323762878981e-01  5.00000000000000027756e-02  4.14160000003421586712e+01  5.00000000000000027756e-02
1.19479166666666671404e+02  5.48002398081528774298e+00  9.93190071942445911191e+02  9.30300767386089262345e+01  6.78218714762121379636e+01  7.99693280166299373377e+04  1.66604718637380690780e+05  2.02425125380168458022e+00  6.50355571428552770019e-03  1.59597999992635578792e+02  8.68000895971326680289e-01  5.00000000000000027756e-02  4.12020000010269242807e+01  6.99997600024117178075e-02
1.19486111111111114269e+02  5.36000319744231124020e+00  9.93220025579538514648e+02  9.38200575539615897469e+01  1.06602572460199922944e+02  6.05781164642116200412e+04  1.46453169195753784152e+05  2.62629831171334382489e+00  6.26962714285701858824e-03  1.56153333344353342227e+02  7.66003264052216636948e-01  5.00000000000000027756e-02  4.11100000002943204436e+01  5.00000000000000027756e-02
1.19493055555555557135e+02  5.33001278976801717846e+00  9.93419974420463972820e+02  9.38096099120754871592e+01  5.43635170158605163238e+01  4.11869049117933100206e+04  1.26301619754126906628e+05  2.00963030393710750943e+00  6.03569857142850947629e-03  1.52708666672176661905e+02  6.64001632026108401519e-01  5.00000000000000027756e-02  4.10180000001471611881e+01  5.00000000000000027756e-02
1.19500000000000000000e+02  5.29000000000000003553e+00  9.93419999999999959073e+02  9.46599999999999965894e+01  5.46018800000000013029e+01  2.17956933593750000000e+04  1.06150070312500000000e+05  2.00000000000000000000e+00  5.80177000000000036434e-03  1.49264000000000010004e+02  5.62000000000000055067e-01  5.00000000000000027756e-02  4.09260000000000019327e+01  5.00000000000000027756e-02
1.19506944444444442865e+02  5.15998081534797492509e+00  9.93410051159072054361e+02  9.60400511590720782351e+01  5.63008106984090375136e+01  4.46703684469707295648e+04  9.53357578326456859941e+04  2.00000000000000000000e+00  5.65443203703707656521e-03  1.51398666670081240682e+02  5.00665685317634223672e-01  5.00000000000000027756e-02  4.10186666668148944837e+01  5.00000000000000027756e-02
1.19513888888888885731e+02  5.08000000000000007105e+00  9.93180004796163416358e+02  9.59099584332499546235e+01  7.90888012222015817088e+01  6.75450435345664591296e+04  8.45214453527913719881e+04  2.00000000000000000000e+00  5.50709407407415276609e-03  1.53533333340162442937e+02  4.39331370635268503300e-01  5.00000000000000027756e-02  4.11113333336297870346e+01  5.00000000000000027756e-02
1.19520833333333328596e+02  5.13000959232611464245e+00  9.93139956834532426910e+02  9.59099568345324797747e+01  1.32292119523750812959e+02  9.04197186221621814184e+04  7.37071328729370579822e+04  2.00000000000000000000e+00  5.35975611111122809960e-03  1.55667999995322844597e+02  3.77997696073731459521e-01  5.00000000000000027756e-02  4.12039999983908273862e+01  5.00000000000000027756e-02
1.19527777777777771462e+02  5.24999360511578672117e+00  9.93209952038368442118e+02  9.51799712230210417374e+01  1.59235270793623072905e+02  1.04591083306924221688e+05  9.79250312048686173512e+04  2.00000000000000000000e+00  5.30193322751328684900e-03  1.54693333331774937278e+02  3.29999232024609900904e-01  5.06666677333262593930e-02  4.08686666661305082471e+01  5.00000000000000027756e-02
1.19534722222222228538e+02  5.49001598721053252206e+00  9.93020038369305211745e+02  9.48800223820947365994e+01  2.39539021270282802334e+02  1.18762447943075778312e+05  1.22142929732631368097e+05  2.00000000000000000000e+00  5.24631153439149462703e-03  1.53718666668225068861e+02  2.82000767975390087550e-01  5.73333322666737393858e-02  4.05333333338694927761e+01  6.99998400012667582049e-02
1.19541666666666671404e+02  5.82000479616305810282e+00  9.92959942446043328346e+02  9.45999136690649606862e+01  3.92847818571449693081e+02  1.32933812438935099635e+05  1.46360828133864270058e+05  2.00000000000000000000e+00  5.19068984126981602945e-03  1.52744000004677161542e+02  2.34002303926268556689e-01  6.39999968000075913910e-02  4.01980000016091736370e+01  5.00000000000000027756e-02
1.19548611111111114269e+02  6.29997122301920153831e+00  9.92899993605115355422e+02  9.40398609112594812132e+01  2.50499619523693468182e+02  1.22007156209290056722e+05  1.47946958339242846705e+05  2.00000000000000000000e+00  5.04954366666660655477e-03  1.53665333330385863064e+02  2.42666389328896642263e-01  5.00000000000000027756e-02  4.10733333305330106100e+01  1.79999584000633289227e-01
1.19555555555555557135e+02  5.91000000000000014211e+00  9.92929936051159870658e+02  9.16999552358119416340e+01  2.55391821587344622912e+02  1.11080499979645028361e+05  1.49533088544621423353e+05  2.00000000000000000000e+00  4.90408533333327664727e-03  1.54586666665192922210e+02  2.51333194664448311695e-01  5.00000000000000027756e-02  4.19486666652665078914e+01  5.00000000000000027756e-02
1.19562500000000000000e+02  6.00999999999999978684e+00  9.92840000000000031832e+02  8.95799999999999982947e+01  2.64369599999999991269e+02  1.00153843750000000000e+05  1.51119218750000000000e+05  2.00000000000000000000e+00  4.78074190476195960697e-03  1.55508000000000009777e+02  2.60000000000000008882e-01  5.00000000000000027756e-02  4.28239999999999980673e+01  5.99999999999999977796e-02
1.19569444444444442865e+02  5.93001918465202493280e+00  9.92760031974420030565e+02  8.98404796163006409415e+01  2.00803887619038874846e+02  1.06899721341599957668e+05  1.54463333327103668125e+05  2.00000000000000000000e+00  4.94243502645503891141e-03  1.54582666665186536648e+02  2.60000000000000008882e-01  5.00000000000000027756e-02  4.33193333341256519020e+01  5.00000000000000027756e-02
1.19576388888888885731e+02  6.24000159872115567339e+00  9.92869968025576895343e+02  8.80800847322212376866e+01  3.44302022698301470882e+02  1.13645598933199915336e+05  1.57807447904207336251e+05  2.00000000000000000000e+00  5.10412814814811734848e-03  1.53657333330373063518e+02  2.60000000000000008882e-01  5.00000000000000027756e-02  4.38146666682513128421e+01  5.00000000000000027756e-02
1.19583333333333328596e+02  6.36001438848917288738e+00  9.92749971223021702826e+02  8.84798129496407597117e+01  3.21958691905299133396e+02  1.20391476524799873005e+05  1.61151562481311033480e+05  2.00000000000000000000e+00  5.26272984126979759267e-03  1.52732000008209013231e+02  2.59999424018432900851e-01  5.00000000000000027756e-02  4.43099999977861926936e+01  5.00000000000000027756e-02
1.19590277777777771462e+02  6.68997122302104241243e+00  9.92660015987210499588e+02  8.76047740180829777046e+01  3.66293229840725075519e+02  1.00815768265647071530e+05  1.51743421892532584025e+05  2.00000000000000000000e+00  5.36001820105813132911e-03  1.54442666669401830859e+02  2.47999808006152483442e-01  5.00000000000000027756e-02  4.38486666659290449388e+01  5.00000000000000027756e-02
1.19597222222222228538e+02  6.95998081534736101617e+00  9.92569984012789518601e+02  8.30504092725896327920e+01  4.28684061267079016488e+02  8.12400598593529284699e+04  1.42335281232467415975e+05  2.00000000000000000000e+00  5.45730656084666369138e-03  1.56153333330598172779e+02  2.36000191993847530103e-01  5.00000000000000027756e-02  4.33873333340709592676e+01  5.00000000000000027756e-02
1.19604166666666671404e+02  6.91997122302165568186e+00  9.92390038369304420485e+02  8.50000959232611421612e+01  1.46727250476335598250e+02  6.16643516660020395648e+04  1.32927140712402499048e+05  2.00000000000000000000e+00  5.55372968253973076785e-03  1.57863999991790990407e+02  2.24000575981567140449e-01  5.00000000000000027756e-02  4.29260000022138115128e+01  5.00000000000000027756e-02
1.19611111111111114269e+02  7.01001758593270984932e+00  9.92469980815346161762e+02  8.60499312549903123681e+01  1.48950508571374712119e+02  8.01845026731680263765e+04  1.48566515683268313296e+05  2.00000000000000000000e+00  5.61496645502648772386e-03  1.55912666672909267618e+02  1.95334250681341914380e-01  5.00000000000000027756e-02  4.24566666681681326168e+01  5.00000000000000027756e-02
1.19618055555555557135e+02  6.93003197442004204021e+00  9.92290083133492089473e+02  8.48801534772161971887e+01  1.01638798730149929384e+02  9.87046536803340131883e+04  1.64205890654134156648e+05  2.00000000000000000000e+00  5.67620322751324381250e-03  1.53961333336454629261e+02  1.66667125340670962963e-01  5.00000000000000027756e-02  4.19873333340840702022e+01  5.00000000000000027756e-02
1.19625000000000000000e+02  7.11000000000000031974e+00  9.92340000000000031832e+02  8.46400000000000005684e+01  1.72596300000000013597e+02  1.17224804687500000000e+05  1.79845265625000000000e+05  2.00000000000000000000e+00  5.73743999999999990114e-03  1.52009999999999990905e+02  1.38000000000000011546e-01  5.00000000000000027756e-02  4.15180000000000006821e+01  5.00000000000000027756e-02
1.19631944444444442865e+02  7.08997442046396564308e+00  9.92220044764188060071e+02  8.32900383693040566868e+01  1.76777745079320709465e+02  1.25820885400653263787e+05  1.79372312500881060259e+05  2.00000000000000000000e+00  5.95895785714279854761e-03  1.52007999999996798124e+02  2.16001248019965175207e-01  5.00000000000000027756e-02  4.13366666663766082479e+01  7.99991680065871013650e-02
1.19638888888888885731e+02  7.21000799360577726560e+00  9.92309974420461458067e+02  8.34800735411731551494e+01  1.63315379841394900495e+02  1.34416966113806527574e+05  1.78899359376762091415e+05  2.00000000000000000000e+00  6.18047571428559719409e-03  1.52005999999993605343e+02  2.94002496039930338867e-01  5.00000000000000027756e-02  4.11553333327532158137e+01  8.99999520000730746094e-02
1.19645833333333328596e+02  7.16000479616305796071e+00  9.92259995203836979272e+02  8.34196067146292961070e+01  1.62136701904766425741e+02  1.43013046826959791360e+05  1.78426406252643151674e+05  2.00000000000000000000e+00  6.40199357142839584056e-03  1.52003999986505988318e+02  3.72000767975422863554e-01  5.00000000000000027756e-02  4.09740000021370249783e+01  6.99997600024117178075e-02
1.19652777777777771462e+02  7.21999040767368072125e+00  9.92239968025578946254e+02  8.26801662669895449653e+01  1.66956395873048194289e+02  1.54338156228895037202e+05  1.95161828093812626321e+05  2.30771145943542421719e+00  6.17507105820131081686e-03  1.49191999995503920218e+02  3.88000255991796716426e-01  5.00000000000000027756e-02  4.14193333340453690994e+01  1.29999776001773453826e-01
1.19659722222222228538e+02  7.50998721023157411736e+00  9.92030057553957931304e+02  8.26400095923263222630e+01  1.99041988889745226743e+02  1.65663265646104962798e+05  2.11897250031187373679e+05  2.00000000000000000000e+00  5.93712132275115139074e-03  1.46380000004496082511e+02  4.03999744008203265366e-01  5.00000000000000027756e-02  4.18646666659546298206e+01  5.00000000000000027756e-02
1.19666666666666671404e+02  7.86006714628280356294e+00  9.91930019184652223885e+02  7.87097505995210156016e+01  5.33054661431354702472e+02  1.76988374946535332128e+05  2.28632671814360161079e+05  2.00000000000000000000e+00  5.69917158730147942192e-03  1.43568000013494014411e+02  4.19999232024577118239e-01  5.00000000000000027756e-02  4.23099999978629739417e+01  6.99996160038587472707e-02
1.19673611111111114269e+02  7.87999360511537805252e+00  9.92029972821740329891e+02  7.40099936051153832750e+01  1.59648483492013099294e+02  1.67421666631023545051e+05  2.17782072876240097685e+05  2.00000000000000000000e+00  5.62126425925924596422e-03  1.46218666658186805307e+02  4.32666261326848933244e-01  5.00000000000000027756e-02  4.14560000027320754157e+01  7.99997280004140776111e-02
1.19680555555555557135e+02  7.74998721023198289259e+00  9.91989936051159929775e+02  7.45796227018435047285e+01  1.66925239682576204814e+02  1.57854958315511787077e+05  2.06931473938120063394e+05  2.00000000000000000000e+00  5.55142629629630166010e-03  1.48869333329093393559e+02  4.45333130663424447970e-01  5.00000000000000027756e-02  4.06020000013660364857e+01  5.00000000000000027756e-02
1.19687500000000000000e+02  7.91999999999999992895e+00  9.92059999999999945430e+02  7.35499999999999971578e+01  1.25820800000000005525e+02  1.48288250000000000000e+05  1.96080875000000000000e+05  2.00000000000000000000e+00  5.48158833333335735599e-03  1.51520000000000010232e+02  4.58000000000000018208e-01  5.00000000000000027756e-02  3.97479999999999975557e+01  5.99999999999999977796e-02
1.19694444444444442865e+02  7.92007673860810168520e+00  9.91989916866507883242e+02  7.53299552358119370865e+01  1.15264643492045692597e+02  1.48150588541923119919e+05  1.95510468751062580850e+05  2.00000000000000000000e+00  5.60414711111105814934e-03  1.50599333331860663066e+02  4.25999487991809144827e-01  5.00000000000000027756e-02  4.03846666676850603039e+01  1.29999552003546903212e-01
1.19701388888888885731e+02  8.06999200639422298309e+00  9.91760014388490390047e+02  7.60899824140672933481e+01  1.50599912380975212045e+02  1.48012927083846210735e+05  1.94940062502125190804e+05  2.00000000000000000000e+00  5.74163322222216547519e-03  1.49678666663721315899e+02  3.93998975983618326957e-01  5.00000000000000027756e-02  4.10213333353701230521e+01  5.00000000000000027756e-02
1.19708333333333328596e+02  7.85999520383694250114e+00  9.91799995203836942892e+02  7.61397410071948996801e+01  1.00795863666753348298e+02  1.47875265625769330654e+05  1.94369656253187771654e+05  2.00000000000000000000e+00  5.86745365079369921718e-03  1.48757999995047725861e+02  3.62000351988735480369e-01  6.39999872000303199338e-02  4.16579999966249019394e+01  5.00000000000000027756e-02
1.19715277777777771462e+02  7.73000639488421370515e+00  9.91899974420463081515e+02  7.44801662669895421232e+01  8.20087215238271483031e+01  1.10435425851021194831e+05  1.58903093816093867645e+05  2.00000000000000000000e+00  5.76190470899478474065e-03  1.47725999998349948328e+02  3.69333450662906792594e-01  5.00000000000000027756e-02  4.09546666655421134351e+01  5.00000000000000027756e-02
1.19722222222222228538e+02  7.65000000000000035527e+00  9.91870006394884171641e+02  7.70700127897684126310e+01  6.61638714285824534045e+01  7.29955858677288051695e+04  1.23436531183906117803e+05  2.00000000000000000000e+00  5.65635576719565515841e-03  1.46694000001650067588e+02  3.76666549337093203853e-01  5.00000000000000027756e-02  4.02513333344578896345e+01  5.00000000000000027756e-02
1.19729166666666671404e+02  7.62000000000000010658e+00  9.92059928057554088809e+02  7.75496642685859853827e+01  4.45575350475690399321e+01  3.55557460447878984269e+04  8.79699686637183185667e+04  2.00000000000000000000e+00  5.55042809523799939020e-03  1.45662000004952290055e+02  3.83999648011264516079e-01  5.00000000000000027756e-02  3.95480000033751011301e+01  5.00000000000000027756e-02
1.19736111111111114269e+02  7.22994564348071566684e+00  9.92130006394884617293e+02  8.22233789296995922768e+01  8.12444361902762146599e+00  2.67947056965252631926e+04  7.25311444737288838951e+04  2.00000000000000000000e+00  5.42909873015866555751e-03  1.48537999990799249872e+02  3.94666325327872768991e-01  5.00000000000000027756e-02  3.87053333360291489385e+01  5.00000000000000027756e-02
1.19743055555555557135e+02  5.75000639488400810961e+00  9.92299980815347907992e+02  9.19198912869718611773e+01  1.40836895238091113214e+01  1.80336653482626315963e+04  5.70923202837394419475e+04  2.00000000000000000000e+00  5.30776936507933259218e-03  1.51413999995399620957e+02  4.05333162663936374948e-01  5.00000000000000027756e-02  3.78626666680145760324e+01  5.00000000000000027756e-02
1.19750000000000000000e+02  5.41999999999999992895e+00  9.92330000000000040927e+02  9.40400000000000062528e+01  2.47752599999999993940e+01  9.27262500000000000000e+03  4.16534960937500000000e+04  3.97677593222032399467e+00  5.18643999999999962686e-03  1.54289999999999992042e+02  4.15999999999999980904e-01  5.00000000000000027756e-02  3.70200000000000031264e+01  5.00000000000000027756e-02
1.19756944444444442865e+02  5.40996802557995781768e+00  9.92149987210231984136e+02  9.53600639488400787513e+01  2.99313539365023792982e+01  8.83820768310093080800e+03  3.49261653771154960850e+04  2.00000000000000000000e+00  5.02702201058205250944e-03  1.54434666666898067433e+02  3.78666069323777332301e-01  5.00000000000000027756e-02  3.60306666650841549426e+01  5.00000000000000027756e-02
1.19763888888888885731e+02  5.37000159872115556681e+00  9.92150014388490376405e+02  9.63599712230192011475e+01  5.43995665396643133249e+01  8.40379036620186161599e+03  2.81988346604809848941e+04  2.01651437622605911315e+00  4.86760402116410625939e-03  1.54579333333796142824e+02  3.41332138647554683697e-01  5.00000000000000027756e-02  3.50413333301683138643e+01  5.00000000000000027756e-02
1.19770833333333328596e+02  5.51002398081528710350e+00  9.92170004796162970706e+02  9.70799568345324814800e+01  3.74825429524049624774e+01  7.96937304930279242399e+03  2.14715039438464773411e+04  2.00000000000000000000e+00  4.70818603174615914198e-03  1.54724000002175415602e+02  3.04000991968254530295e-01  5.00000000000000027756e-02  3.40519999972967184476e+01  5.00000000000000027756e-02
1.19777777777777771462e+02  5.53000639488421352752e+00  9.92150012789768425137e+02  9.47800735411684485143e+01  3.53191953015748154598e+01  1.40909498583837739716e+04  4.34082499591196756228e+04  2.00000000000000000000e+00  4.96584021163992781617e-03  1.55177333334058147329e+02  3.24666997322737405085e-01  5.00000000000000027756e-02  3.34886666657659546331e+01  5.00000000000000027756e-02
1.19784722222222228538e+02  5.59999680255789300531e+00  9.92240000000000009095e+02  9.55201278976842615975e+01  3.32797301904965578956e+01  2.02125267041162260284e+04  6.53449961346303243772e+04  2.00000000000000000000e+00  5.23375026455045761625e-03  1.55630666665941845395e+02  3.45333002677262579372e-01  5.00000000000000027756e-02  3.29253333342340397394e+01  5.00000000000000027756e-02
1.19791666666666671404e+02  5.62997601918471257676e+00  9.92190023980815340110e+02  9.75299664268585928539e+01  3.43125285237846568975e+01  2.63341034861365478719e+04  8.72817420581665792270e+04  2.00000000000000000000e+00  5.50166031746043924372e-03  1.56083999997824577122e+02  3.65999008031745454161e-01  5.00000000000000027756e-02  3.23620000027032830303e+01  5.00000000000000027756e-02
1.19798611111111114269e+02  5.77998081534613472598e+00  9.92330000000000040927e+02  9.54999824140672899375e+01  2.86046687302292710342e+01  2.10575836391951997939e+04  6.41394491325277194846e+04  2.00000000000000000000e+00  5.21040227777764489853e-03  1.56070000000044785793e+02  3.46000640010238558197e-01  5.00000000000000027756e-02  3.19226666680721606895e+01  5.00000000000000027756e-02
1.19805555555555557135e+02  5.96003836930405128669e+00  9.92230063948840097510e+02  9.21808697042251594667e+01  9.37887252698405404772e+01  1.57810637922538498970e+04  4.09971562068888597423e+04  2.72238440613225440856e+00  4.89095088888876535632e-03  1.56056000000022407903e+02  3.26000320005119248457e-01  5.00000000000000027756e-02  3.14833333340360788100e+01  5.00000000000000027756e-02
1.19812500000000000000e+02  6.20000000000000017764e+00  9.92210000000000036380e+02  9.01899999999999977263e+01  6.44407099999999957163e+01  1.05045439453125000000e+04  1.78548632812500000000e+04  2.00000000000000000000e+00  4.59695023809524906666e-03  1.56042000000000001592e+02  3.05999999999999994227e-01  5.00000000000000027756e-02  3.10440000000000004832e+01  5.00000000000000027756e-02
1.19819444444444442865e+02  5.82000000000000028422e+00  9.92180044764187982764e+02  9.30801790567522289166e+01  3.33874892698442096162e+01  1.06713710934392220224e+04  1.64045517605142449611e+04  2.00000000000000000000e+00  4.63098132275132495783e-03  1.51944666660112687850e+02  2.85333002661376733400e-01  5.00000000000000027756e-02  2.89366666632958313699e+01  5.00000000000000027756e-02
1.19826388888888885731e+02  5.74999200639422269887e+00  9.92150015987211531865e+02  9.56999440447595617343e+01  2.56685647777887062659e+01  1.08381982415659440449e+04  1.49542402397784899222e+04  2.00000000000000000000e+00  4.66501240740740084900e-03  1.47847333320225345688e+02  2.64666005322753472573e-01  5.00000000000000027756e-02  2.68293333265916658092e+01  5.00000000000000027756e-02
1.19833333333333328596e+02  5.80997601918471229254e+00  9.92200004796163057108e+02  9.69100479616305676700e+01  1.70087528095335720479e+01  1.10050253896926660673e+04  1.35039287190427367022e+04  2.00000000000000000000e+00  4.69621412698413825265e-03  1.43750000006180755463e+02  2.44000479984639279118e-01  5.00000000000000027756e-02  2.47219999999360169340e+01  6.00004799951765685484e-02
1.19840277777777771462e+02  5.86999040767368107652e+00  9.92359961630694783707e+02  9.67700351718631708309e+01  1.01972133016006178963e+01  1.48266777272531417111e+04  2.48841946402505855076e+04  2.00000000000000000000e+00  4.67130010582012325515e-03  1.45038000002059362714e+02  2.54000159994872964919e-01  5.00000000000000027756e-02  2.47086666666453496077e+01  5.00000000000000027756e-02
1.19847222222222228538e+02  5.86996163069472220997e+00  9.92320031974421112864e+02  9.27299264588315566016e+01  5.17543909205791763384e+00  1.86483300852468601079e+04  3.62644606331869144924e+04  2.00000000000000000000e+00  4.64638608465605795067e-03  1.46325999997940641606e+02  2.63999840005127051068e-01  5.00000000000000027756e-02  2.46953333333546503070e+01  5.00000000000000027756e-02
1.19854166666666671404e+02  5.45000959232611492666e+00  9.92450028776978342648e+02  9.68699088729019166522e+01  2.84196681428373842948e+00  2.24699824161051619740e+04  4.76447264780931946007e+04  2.00000000000000000000e+00  4.62192714285713807804e-03  1.47613999993819248857e+02  2.73999520015360764624e-01  5.00000000000000027756e-02  2.46820000000639829807e+01  5.00000000000000027756e-02
1.19861111111111114269e+02  5.70999520383653358380e+00  9.92529976019182640812e+02  9.62098241406728931224e+01  1.48601900952212084839e+00  2.14375559857367770746e+04  3.25413843838329630671e+04  2.12978956160618615456e+00  4.61597476190475902030e-03  1.46457333337033674070e+02  2.68000192003071568969e-01  5.00000000000000027756e-02  2.42553333346983031049e+01  5.00000000000000027756e-02
1.19868055555555557135e+02  5.62001918465202532360e+00  9.92480000000000018190e+02  9.18898209432477699465e+01  4.25310311110859484707e-01  2.04051295553683885373e+04  1.74380422895727315336e+04  2.00000000000000000000e+00  4.61002238095237909521e-03  1.45300666668516839763e+02  2.62000096001535787149e-01  5.00000000000000027756e-02  2.38286666673491502877e+01  1.09999488004053611045e-01
1.19875000000000000000e+02  5.51999999999999957367e+00  9.92740000000000009095e+02  9.03400000000000034106e+01  1.93792800000000009497e+00  1.93727031250000000000e+04  2.33470019531250000000e+03  2.00000000000000000000e+00  4.60407000000000003748e-03  1.44144000000000005457e+02  2.56000000000000005329e-01  5.19999999999999976130e-02  2.34020000000000010232e+01  5.00000000000000027756e-02
1.19881944444444442865e+02  5.69997442046396596282e+00  9.92730095923260137170e+02  8.77798529176678101749e+01  1.92674396825332872041e+00  3.40148918998068038491e+04  8.04109829666137466120e+03  2.00000000000000000000e+00  4.59082264550264920744e-03  1.45398000002005858278e+02  2.60000064001023878379e-01  5.00000000000000027756e-02  2.55026666700268407340e+01  5.00000000000000027756e-02
1.19888888888888885731e+02  4.96999360511537791041e+00  9.92979984012788463588e+02  8.95998992805672003215e+01  1.81407278571601526806e+00  4.86570806746136076981e+04  1.37474963980102493224e+04  2.00000000000000000000e+00  4.57757529100529837740e-03  1.46652000004011739520e+02  2.64000128002047695919e-01  5.00000000000000027756e-02  2.76033333400536768920e+01  5.00000000000000027756e-02
1.19895833333333328596e+02  5.57002877697834453130e+00  9.92939908872901924042e+02  8.48902637889681557226e+01  4.50484695237736043616e-01  6.32992694494204042712e+04  1.94538944993591248931e+04  2.28786170731237170628e+00  4.56432793650794754736e-03  1.47905999997920559963e+02  2.67999648011264524072e-01  5.00000000000000027756e-02  2.97040000018011198790e+01  5.00000000000000027756e-02
1.19902777777777771462e+02  5.34999360511578636590e+00  9.92700051159073723284e+02  8.50303325339790774251e+01  -4.46856926986324454187e-01  5.21779010623919457430e+04  1.59570227929749453324e+04  3.87392626750567314886e+00  4.65233412698403108604e-03  1.47472666665973804356e+02  2.60666549337093211847e-01  5.00000000000000027756e-02  3.00793333339334516552e+01  5.00000000000000027756e-02
1.19909722222222228538e+02  5.57998721023157440158e+00  9.92709996802557952833e+02  8.66100159872105308523e+01  1.69439664762189612368e+00  4.10565325313580542570e+04  1.24601510351500546676e+04  3.08731476839537144485e+00  4.74283015873022337217e-03  1.47039333334026196098e+02  2.53333450662906800588e-01  5.00000000000000027756e-02  3.04546666660665472648e+01  5.00000000000000027756e-02
1.19916666666666671404e+02  4.66003836930445913822e+00  9.92749966426858577506e+02  9.23991144708445801825e+01  1.91810341904903025601e+00  2.99351641060372239735e+04  8.96327924606522174145e+03  3.37179499724880971101e+00  4.83332619047623091024e-03  1.46606000002079440492e+02  2.46000351988735460607e-01  5.00000000000000027756e-02  3.08299999981988790410e+01  5.00000000000000027756e-02
1.19923611111111114269e+02  5.18001119104808793736e+00  9.92649990407673044501e+02  9.02601374900193746953e+01  8.65575204761864003267e-01  3.77255026331914850743e+04  -1.28375033873186112032e+02  4.97912543287391695657e+00  4.73544018518516456051e-03  1.50106666655467506644e+02  2.37333610671103367729e-01  5.00000000000000027756e-02  3.12866666652057219267e+01  8.00000159999756377260e-02
1.19930555555555557135e+02  5.15003197442004267970e+00  9.92709929656275903653e+02  9.17799488409279291545e+01  1.32784305079367714875e+00  4.55158411603457425372e+04  -9.22002931381159214652e+03  4.50583787443053829236e+00  4.62805592592593385837e-03  1.53607333327733755368e+02  2.28666805335551670542e-01  5.00000000000000027756e-02  3.17433333326028623844e+01  5.00000000000000027756e-02
1.19937500000000000000e+02  5.12999999999999989342e+00  9.92879999999999995453e+02  9.02000000000000028422e+01  1.20590799999999997993e+00  5.33061796875000000000e+04  -1.83116835937500000000e+04  3.71181494057996363978e+00  4.52067166666670315622e-03  1.57108000000000004093e+02  2.20000000000000001110e-01  5.00000000000000027756e-02  3.22000000000000028422e+01  5.00000000000000027756e-02
1.19944444444444442865e+02  4.98006394884008507518e+00  9.92770108713028093916e+02  8.37089448441385997057e+01  1.87325394285732094168e+00  5.33767916665351222036e+04  -3.54432294417637785955e+03  5.09320288865358605790e+00  4.64637544444438874147e-03  1.56084666665029772048e+02  2.34666901337087480117e-01  5.00000000000000027756e-02  3.24606666670836219168e+01  7.00003199974665035743e-02
1.19951388888888885731e+02  4.94000799360577769193e+00  9.93049976019182622622e+02  8.22099600319711072416e+01  1.79022980634914530285e+00  5.34474036455702516832e+04  1.12230377053972442809e+04  1.28097720146528235574e+01  4.79016363888882905353e-03  1.55061333330059540003e+02  2.49333802674174931369e-01  5.00000000000000027756e-02  3.27213333341672480969e+01  5.00000000000000027756e-02
1.19958333333333328596e+02  5.10001438848917221236e+00  9.93009937649880271238e+02  8.44599808153477624728e+01  1.63350076190599358128e+00  5.35180156246053738869e+04  2.59903983549708646024e+04  1.04700524181709724303e+01  4.91815952380960774021e-03  1.54038000004475605920e+02  2.63999584013312638131e-01  5.00000000000000027756e-02  3.29820000003167166369e+01  5.00000000000000027756e-02
1.19965277777777771462e+02  4.90001278976842602475e+00  9.92980028776978997485e+02  8.43097889688209818360e+01  3.98966203174562494826e-01  4.19577168184182519326e+04  2.65247558583791942510e+04  5.62960151831353616814e+00  4.73294126984140275244e-03  1.54970666668157917911e+02  2.55333194671110097485e-01  5.00000000000000027756e-02  3.30480000001055245207e+01  5.00000000000000027756e-02
1.19972222222222228538e+02  4.72998721023157475685e+00  9.93089996802557948286e+02  8.87700063948842057471e+01  -1.92426520638786568984e-01  3.03974179472067517054e+04  2.70591132822458057490e+04  5.44817484712885224951e+00  4.54772301587281872759e-03  1.55903333331842105736e+02  2.46666805328889876536e-01  5.00000000000000027756e-02  3.31139999998944745130e+01  5.00000000000000027756e-02
1.19979166666666671404e+02  4.35003357314140171042e+00  9.93140033573141408851e+02  8.95001438848917274527e+01  -3.16200195237402503778e-01  1.88371190726139684557e+04  2.75934705975528486306e+04  1.13859658362421303224e+01  4.36639857142855254690e-03  1.56835999995524417727e+02  2.38000415986687363645e-01  5.00000000000000027756e-02  3.31799999996832823967e+01  5.00000000000000027756e-02
1.19986111111111114269e+02  4.45000319744231109809e+00  9.93250011191048088222e+02  9.04400271782596405501e+01  -9.47060611109401984109e-01  6.66755659528431351646e+03  8.70290422649356696638e+03  4.20538050351241032843e+00  4.34342238095236816975e-03  1.54993333339228314571e+02  2.25333738673151068310e-01  5.00000000000000027756e-02  3.19713333372000363397e+01  5.00000000000000027756e-02
1.19993055555555557135e+02  4.17998721023198260838e+00  9.93309923261391872984e+02  9.30399552358119450446e+01  -3.28209638093801769898e-01  -5.50200588204534506076e+03  -1.01876621445657219738e+04  1.20743951868731311805e+01  4.32044619047618379259e-03  1.53150666669614139437e+02  2.12666869336575553584e-01  5.00000000000000027756e-02  3.07626666686000156403e+01  5.00000000000000027756e-02
1.20000000000000000000e+02  3.97000000000000019540e+00  9.93200000000000045475e+02  9.57199999999999988631e+01  -1.93407499999999998863e+00  -1.76715683593750000000e+04  -2.90782285156250000000e+04  1.30900306573490947670e+01  4.29746999999999941544e-03  1.51307999999999992724e+02  2.00000000000000011102e-01  5.00000000000000027756e-02  2.95539999999999984936e+01  7.00000000000000066613e-02
