665
1065
1282
1797
1055
672
730
731
734
1258
737
1769
847
1009
1341
1262
647
1263
849
1549
740
1063
1342
575
442
746
1132
1560
748
664
1272
1067
1068
1662
1709
815
853
1484
1129
1693
1273
344
903
1420
751
752
754
825
1562
1835
1485
757
1071
1074
1779
762
1045
1283
1077
857
858
1078
1080
1134
1081
809
765
1086
1572
767
768
769
1290
861
1090
1435
771
1578
1836
1647
1296
1092
1093
774
864
1353
776
1136
909
777
1303
1304
942
1305
1306
1099
1100
1752
1583
779
1309
1102
828
571
1053
1799
1250
1254
881
1028
1274
1843
1681
711
1101
945
1047
1275
948
1476
971
976
996
507
1031
1436
1384
549
1161
1149
787
893
1892
921
606
949
635
407
1361
675
695
1023
1227
725
1255
738
743
744
1271
1174
1301
1584
970
499
1381
1000
1057
854
856
999
1755
332
912
1261
1496
936
973
1177
1181
349
821
1773
829
1209
1214
1033
706
1609
624
1042
1541
1054
274
1253
773
1671
1151
1164
1062
626
1035
708
1694
1064
892
459
462
1095
463
873
276
466
897
1293
1479
951
468
1176
1576
1849
998
469
470
1034
1238
1614
1087
1289
1264
1097
1347
1018
1226
1412
1073
1299
1419
867
476
477
1286
1187
478
479
480
1148
481
1629
615
891
895
896
485
899
486
901
488
913
915
923
492
926
1256
1506
935
939
1224
1144
946
1146
952
954
1153
957
1312
1582
359
497
1736
980
498
361
819
1730
500
888
503
989
991
993
995
256
1193
1204
365
1001
366
1195
1445
1011
1157
1211
1451
509
1030
1385
511
1343
513
514
1241
1829
1400
1249
1898
1763
1056
370
1259
1839
1480
461
1066
1070
1905
1085
375
526
1206
1106
528
1375
781
529
1538
782
291
883
906
1217
1590
959
533
785
1765
535
537
1391
1060
451
1044
1507
1268
541
789
543
544
1036
790
296
546
1325
1160
1225
870
552
1587
381
872
1713
311
875
876
1222
1486
1279
1595
554
878
880
557
559
1863
560
1708
1210
1364
1104
884
563
1075
885
886
1168
1178
572
656
797
890
389
1188
1540
894
530
798
576
1768
799
578
579
1084
898
583
902
391
584
1223
574
1439
586
587
1669
1230
911
1239
589
1285
590
803
1589
1546
889
394
1270
594
598
1349
1287
1670
600
920
1358
1340
922
1831
1337
924
603
1329
1008
1404
810
1280
928
929
1655
930
700
931
1138
932
1371
607
1447
1141
1131
1415
524
609
398
610
1143
1434
1653
1624
1103
1145
618
1147
622
947
1592
623
846
625
953
955
627
1388
1465
960
401
631
962
868
964
966
691
1159
967
969
1667
1591
316
638
972
1348
558
1165
817
974
1775
977
1650
547
643
1171
978
1656
979
1172
650
1446
1311
613
981
1666
651
652
320
982
655
413
1040
657
658
1182
661
822
1156
1750
1186
986
1751
988
666
668
990
669
992
994
671
673
674
1190
997
323
1635
677
963
755
1198
1317
1646
416
1838
680
1798
1002
683
685
1314
1197
1005
1199
1200
1243
687
1539
1010
688
1012
1203
278
1013
1722
826
1015
1016
1687
419
1120
694
1019
830
1354
696
1212
1509
1213
698
699
1215
1020
542
380
701
1380
1024
702
1123
1025
1777
1026
1330
1428
1029
1220
1032
1334
716
1124
705
1038
1039
1386
709
710
1229
1043
713
839
715
1234
1390
1235
1535
1237
1588
1240
723
1049
1862
1613
1126
724
676
1244
1336
1050
842
1051
843
1922
1927
1914
1917
1918
1925
1928
1912
1930
1923
1926
43
44
45
46
47
48
49
50
51
52
53
31
32
33
34
35
36
37
38
39
40
41
42
55
56
57
58
59
60
61
62
63
64
65
66
67
68
69
70
71
72
73
74
75
76
77
78
79
80
81
82
83
84
85
86
87
88
89
90
125
126
127
128
129
130
131
132
133
134
135
136
137
138
139
140
141
142
143
144
145
146
147
148
149
165
166
167
168
169
170
171
172
173
174
175
176
177
178
179
180
181
182
183
184
185
186
187
188
189
190
1920
1916
1908
1909
1910
1915
106
107
108
109
110
111
112
113
114
115
116
117
118
119
120
121
122
123
124
91
92
93
94
95
96
97
98
99
100
101
102
103
104
105
150
151
152
153
154
155
156
157
158
159
160
161
162
163
164
191
192
193
194
195
196
197
198
199
200
201
202
203
204
205
206
207
28
