   0.0000000000000000     
   600.00000000000000     
   1200.0000000000000     
   1800.0000000000000     
   2400.0000000000000     
   3000.0000000000000     
   3600.0000000000000     
   4200.0000000000000     
   4800.0000000000000     
   5400.0000000000000     
   6000.0000000000000     
   6600.0000000000000     
   7200.0000000000000     
   7800.0000000000000     
   8400.0000000000000     
   9000.0000000000000     
   9600.0000000000000     
   10200.000000000000     
   10800.000000000000     
   11400.000000000000     
   12000.000000000000     
   12600.000000000000     
   13200.000000000000     
   13800.000000000000     
   14400.000000000000     
   15000.000000000000     
   15600.000000000000     
   16200.000000000000     
   16800.000000000000     
   17400.000000000000     
   18000.000000000000     
   18600.000000000000     
   19200.000000000000     
   19800.000000000000     
   20400.000000000000     
   21000.000000000000     
   21600.000000000000     
   22200.000000000000     
   22800.000000000000     
   23400.000000000000     
   24000.000000000000     
   24600.000000000000     
   25200.000000000000     
   25800.000000000000     
   26400.000000000000     
   27000.000000000000     
   27600.000000000000     
   28200.000000000000     
   28800.000000000000     
   29400.000000000000     
   30000.000000000000     
   30600.000000000000     
   31200.000000000000     
   31800.000000000000     
   32400.000000000000     
   33000.000000000000     
   33600.000000000000     
   34200.000000000000     
   34800.000000000000     
   35400.000000000000     
   36000.000000000000     
   36600.000000000000     
   37200.000000000000     
   37800.000000000000     
   38400.000000000000     
   39000.000000000000     
   39600.000000000000     
   40200.000000000000     
   40800.000000000000     
   41400.000000000000     
   42000.000000000000     
   42600.000000000000     
   43200.000000000000     
   43800.000000000000     
   44400.000000000000     
   45000.000000000000     
   45600.000000000000     
   46200.000000000000     
   46800.000000000000     
   47400.000000000000     
   48000.000000000000     
   48600.000000000000     
   49200.000000000000     
   49800.000000000000     
   50400.000000000000     
   51000.000000000000     
   51600.000000000000     
   52200.000000000000     
   52800.000000000000     
   53400.000000000000     
   54000.000000000000     
   54600.000000000000     
   55200.000000000000     
   55800.000000000000     
   56400.000000000000     
   57000.000000000000     
   57600.000000000000     
   58200.000000000000     
   58800.000000000000     
   59400.000000000000     
   60000.000000000000     
   60600.000000000000     
   61200.000000000000     
   61800.000000000000     
   62400.000000000000     
   63000.000000000000     
   63600.000000000000     
   64200.000000000000     
   64800.000000000000     
   65400.000000000000     
   66000.000000000000     
   66600.000000000000     
   67200.000000000000     
   67800.000000000000     
   68400.000000000000     
   69000.000000000000     
   69600.000000000000     
   70200.000000000000     
   70800.000000000000     
   71400.000000000000     
   72000.000000000000     
   72600.000000000000     
   73200.000000000000     
   73800.000000000000     
   74400.000000000000     
   75000.000000000000     
   75600.000000000000     
   76200.000000000000     
   76800.000000000000     
   77400.000000000000     
   78000.000000000000     
   78600.000000000000     
   79200.000000000000     
   79800.000000000000     
   80400.000000000000     
   81000.000000000000     
   81600.000000000000     
   82200.000000000000     
   82800.000000000000     
   83400.000000000000     
   84000.000000000000     
   84600.000000000000     
   85200.000000000000     
   85800.000000000000     
   86400.000000000000     
