#                     time          SMEAR_TEMP_168.dat             SMEAR_PRESS.dat                SMEAR_RH.dat               SMEAR_SWR.dat                SA_tower.dat               SA_ground.dat                     NH3.dat                SMEAR_CS.dat            SMEAR_GAS_CO.dat           SMEAR_GAS_NO2.dat            SMEAR_GAS_NO.dat            SMEAR_GAS_O3.dat           SMEAR_GAS_SO2.dat
1.03000000000000000000e+02  2.97000000000000019540e+00  1.00799000000000000909e+03  3.17800000000000011369e+01  -3.45376700000000003143e+00  1.99793093750000000000e+05  1.81604906250000000000e+05  2.00000000000000000000e+00  4.01727499999999983910e-03  1.89132000000000005002e+02  3.47999999999999976019e-01  5.00000000000000027756e-02  4.98659999999999996589e+01  5.00000000000000027756e-02
1.03006944444444442865e+02  2.89007673860810188060e+00  1.00803991686650783777e+03  3.17002302158243054464e+01  -2.68474845079388702018e+00  1.75505143274412024766e+05  1.79254270837712276261e+05  2.00000000000000000000e+00  4.11143009259256741322e-03  1.85370666660650130098e+02  3.66000288004607321479e-01  5.00000000000000027756e-02  4.92439999990050623069e+01  8.99996800025334997564e-02
1.03013888888888885731e+02  2.93999999999999994671e+00  1.00793001598721150458e+03  3.21700063948846235462e+01  -2.66162134444328435379e+00  1.51217192798824049532e+05  1.76903635425424523419e+05  2.00000000000000000000e+00  4.20558518518513585471e-03  1.81609333321300283615e+02  3.84000576009214722450e-01  5.00000000000000027756e-02  4.86219999980101320602e+01  5.00000000000000027756e-02
1.03020833333333328596e+02  2.80992805755413943558e+00  1.00792008153477195265e+03  3.28200335731414014617e+01  -2.97649577142846899491e+00  1.26929242323236059747e+05  1.74553000013136799680e+05  2.00000000000000000000e+00  4.29974027777770342884e-03  1.77848000001545187843e+02  4.02001919938557161771e-01  5.00000000000000027756e-02  4.79999999983332443776e+01  5.00000000000000027756e-02
1.03027777777777771462e+02  2.76996482813682876056e+00  1.00816999040767359475e+03  3.33399360511578706223e+01  -2.43053548571359412378e+00  1.19178041681111455546e+05  1.61207541691536665894e+05  2.00000000000000000000e+00  4.34351227513223026033e-03  1.78170000000514846761e+02  4.42000639979491793952e-01  5.00000000000000027756e-02  4.76526666661113154078e+01  5.00000000000000027756e-02
1.03034722222222228538e+02  2.42000319744210656836e+00  1.00819998721023159760e+03  3.34200479616315959674e+01  -2.12063074920838401383e+00  1.11426841131388544454e+05  1.47862083308463334106e+05  2.00000000000000000000e+00  4.38604534391537435184e-03  1.78491999999485159378e+02  4.81999360020508249569e-01  5.00000000000000027756e-02  4.73053333338886830006e+01  5.00000000000000027756e-02
1.03041666666666671404e+02  2.52003836930445901388e+00  1.00806008633093495064e+03  3.36300143884891724610e+01  -2.74925603333412871265e+00  1.03675640556361046038e+05  1.34516625013308919733e+05  2.00000000000000000000e+00  4.42857841269843170717e-03  1.78813999998454818297e+02  5.21998080061442881750e-01  5.00000000000000027756e-02  4.69580000016667540308e+01  1.59999760002411728355e-01
1.03048611111111114269e+02  2.30999520383653367261e+00  1.00821998561150962814e+03  3.48600287769807977156e+01  -2.04755097460337820436e+00  9.13937213084073737264e+04  1.36898057300539279822e+05  2.00000000000000000000e+00  4.30952097222216893441e-03  1.75888000009360695230e+02  5.95330986629125313847e-01  5.00000000000000027756e-02  4.62793333355044893551e+01  7.00000159999756427220e-02
1.03055555555555557135e+02  1.59996163069594921069e+00  1.00833990407673991285e+03  3.59799552358119356654e+01  -1.98755881904762965462e+00  7.91118020604536868632e+04  1.39279489587769639911e+05  2.00000000000000000000e+00  4.18231611111106148237e-03  1.72962000004680362508e+02  6.68665493314562597860e-01  5.00000000000000027756e-02  4.56006666677522431996e+01  9.99994880040536160415e-02
1.03062500000000000000e+02  1.79000000000000003553e+00  1.00823000000000001819e+03  3.64200000000000017053e+01  -2.21661000000000019128e+00  6.68298828125000000000e+04  1.41660921875000000000e+05  2.00000000000000000000e+00  4.06689928571429826221e-03  1.70036000000000001364e+02  7.41999999999999992895e-01  5.00000000000000027756e-02  4.49219999999999970441e+01  7.00000000000000066613e-02
1.03069444444444442865e+02  1.67000639488400848265e+00  1.00845997442046405013e+03  3.68700127897680118849e+01  -2.44139376825395260084e+00  7.13957421789943909971e+04  1.45537140617779106833e+05  2.00000000000000000000e+00  4.10341714285714521254e-03  1.73750666672608559793e+02  7.30666485330432435852e-01  5.00000000000000027756e-02  4.50493333335370138570e+01  7.00002559979732014162e-02
1.03076388888888885731e+02  1.47001278976924343311e+00  1.00861000319744232456e+03  3.70099872102307543287e+01  -2.37503057777796078298e+00  7.59616015454887674423e+04  1.49413359360558184562e+05  2.00000000000000000000e+00  4.13993499999999303024e-03  1.77465333345217118222e+02  7.19332970660864767787e-01  5.00000000000000027756e-02  4.51766666670740235645e+01  7.99999520000730796054e-02
1.03083333333333328596e+02  1.29000479616305741004e+00  1.00858999520383702020e+03  3.73701055155872623459e+01  -2.22108365714236954958e+00  8.05274609119831584394e+04  1.53289578103337291395e+05  2.00000000000000000000e+00  4.17963460317455608867e-03  1.81179999998451620513e+02  7.08001791942653224687e-01  5.00000000000000027756e-02  4.53040000049682802796e+01  3.49999664003376398380e-01
1.03090277777777771462e+02  1.12002238209474547226e+00  1.00863002877697897475e+03  3.80699904076736785896e+01  -2.39663502857281196512e+00  7.03065599148805486038e+04  1.25993945363366903621e+05  2.00000000000000000000e+00  4.28243883597876229957e-03  1.80857333332817432847e+02  7.45333930647525622071e-01  5.00000000000000027756e-02  4.63393333349887228678e+01  5.00000000000000027756e-02
1.03097222222222228538e+02  8.99996802557893493812e-01  1.00867999040767358565e+03  3.83200383693052799572e+01  -2.37279884444407818123e+00  6.00856588351194586721e+04  9.86983124491330963792e+04  2.00000000000000000000e+00  4.38524306878317841202e-03  1.80534666667182563060e+02  7.82666069352474291776e-01  5.00000000000000027756e-02  4.73746666650112757679e+01  1.69999360005067018387e-01
1.03104166666666671404e+02  8.60019184652229484733e-01  1.00869005755395676260e+03  3.82400383693044645383e+01  -2.39420284285729678686e+00  4.98647578563168863184e+04  7.14026797396279289387e+04  2.00000000000000000000e+00  4.48942222222234975371e-03  1.80212000001548375394e+02  8.19998208057346689159e-01  5.00000000000000027756e-02  4.84099999950317183561e+01  3.89998464015434975760e-01
1.03111111111111114269e+02  7.40006394884621720998e-01  1.00887998721023075177e+03  3.91700111910480899269e+01  -2.54410219365085454868e+00  5.77051380500445884536e+04  8.07301979514186241431e+04  2.00000000000000000000e+00  4.64951481481490000447e-03  1.80305333333034724319e+02  7.94000832013310064994e-01  5.00000000000000027756e-02  4.84839999997632631334e+01  9.99997600003653674960e-02
1.03118055555555557135e+02  8.79974420463966122696e-01  1.00891000639488402157e+03  4.00600127897680167166e+01  -2.48011102857133947097e+00  6.55455182437722978648e+04  9.00577161632093193475e+04  2.00000000000000000000e+00  4.80960740740744938787e-03  1.80398666666517357271e+02  7.68000416006655028944e-01  5.00000000000000027756e-02  4.85579999998816305151e+01  6.00002559979731994733e-02
1.03125000000000000000e+02  8.19999999999999951150e-01  1.00904999999999995453e+03  4.03400000000000034106e+01  -2.06892100000000001003e+00  7.33858984375000000000e+04  9.93852343750000000000e+04  2.00000000000000000000e+00  4.96969999999999963863e-03  1.80491999999999990223e+02  7.41999999999999992895e-01  5.00000000000000027756e-02  4.86319999999999978968e+01  1.70000000000000012212e-01
1.03131944444444442865e+02  9.20127897680169781758e-01  1.00912988489208782994e+03  4.06500127897680130218e+01  -2.07108917460316410697e+00  5.60430722979324782500e+04  1.01867002599543455290e+05  2.00000000000000000000e+00  4.96273240740740910482e-03  1.79871999999008266968e+02  7.09999487991809119514e-01  5.00000000000000027756e-02  4.86766666667381144862e+01  1.99998912008613916047e-01
1.03138888888888885731e+02  1.01998721023075655800e+00  1.00911999840127884909e+03  4.09800063948846187145e+01  -2.07956184603138005684e+00  3.87002461583649492241e+04  1.04348770824086896027e+05  2.00000000000000000000e+00  4.95576481481481857100e-03  1.79251999998016515292e+02  6.77998975983618357155e-01  5.00000000000000027756e-02  4.87213333334762239701e+01  1.40000063999902585321e-01
1.03145833333333328596e+02  8.90047961630573869485e-01  1.00906005275779352814e+03  4.19300143884891696189e+01  -2.30423350000033355656e+00  2.13574200187974274741e+04  1.06830539048630351317e+05  2.00000000000000000000e+00  4.94879722222222803718e-03  1.78631999984916035373e+02  6.45999552014336675398e-01  5.00000000000000027756e-02  4.87659999998368434149e+01  1.69999376006270463968e-01
1.03152777777777771462e+02  7.70012789768425909287e-01  1.00912996802557893261e+03  4.23099712230210442954e+01  -2.34886653333064732152e+00  2.22634752587281836895e+04  1.15593374983669971698e+05  2.00000000000000000000e+00  4.96075576719575382645e-03  1.75488666661640820621e+02  6.36666517338118631564e-01  5.00000000000000027756e-02  4.87319999999456356932e+01  1.09999936000506698397e-01
1.03159722222222228538e+02  4.79996802557893509356e-01  1.00916997442046306332e+03  4.27200607514000196829e+01  -2.34719538412710626574e+00  2.31695306006468163105e+04  1.24356210953830028302e+05  2.00000000000000000000e+00  4.97317970899471741703e-03  1.72345333338359182562e+02  6.27333482661881380871e-01  5.00000000000000027756e-02  4.86980000000543640226e+01  8.99998400012667482128e-02
1.03166666666666671404e+02  4.40014388489172181274e-01  1.00919001438848920316e+03  4.33398992805757998781e+01  -2.33675838571356697670e+00  2.40755859904186763742e+04  1.33119046866115910234e+05  2.00000000000000000000e+00  4.98560365079365585411e-03  1.69202000015083967810e+02  6.18000447985663337036e-01  5.00000000000000027756e-02  4.86640000001631563009e+01  5.00000000000000027756e-02
1.03173611111111114269e+02  5.79976019182668278695e-01  1.00916999360511533723e+03  4.29500431654712002683e+01  -1.77156707936605606335e+00  3.35445963894457818242e+04  1.31529372389910597121e+05  2.00000000000000000000e+00  4.94353314814813954436e-03  1.70857999994702197455e+02  6.27333034661888722106e-01  5.00000000000000027756e-02  4.73373333375775331433e+01  1.69999728000414102036e-01
1.03180555555555557135e+02  7.49948840927932125489e-01  1.00909001278976802496e+03  4.33200319744200399441e+01  -2.07103481904762931620e+00  4.30136067884728909121e+04  1.29939697913705313113e+05  2.00000000000000000000e+00  4.89871502645502967382e-03  1.72513999997351106686e+02  6.36666517330944370379e-01  5.00000000000000027756e-02  4.60106666687887653211e+01  1.00000383996959790744e-01
1.03187500000000000000e+02  5.50000000000000044409e-01  1.00921000000000003638e+03  4.35000000000000000000e+01  -2.07534200000000002007e+00  5.24826171875000000000e+04  1.28350023437500000000e+05  2.00000000000000000000e+00  4.85389690476191980328e-03  1.74169999999999987494e+02  6.46000000000000018652e-01  5.00000000000000027756e-02  4.46839999999999974989e+01  5.00000000000000027756e-02
1.03194444444444442865e+02  3.40063948840084895320e-01  1.00916005755395599408e+03  4.43500000000000014211e+01  -2.30089419047670418195e+00  5.59776262955725760548e+04  1.40883135393319069408e+05  2.00000000000000000000e+00  4.93677744444440819160e-03  1.74746000000921355877e+02  6.34666485330432461609e-01  5.00000000000000027756e-02  4.55633333347398945534e+01  5.00000000000000027756e-02
1.03201388888888885731e+02  6.50000000000000022204e-01  1.00918998241406734451e+03  4.44099776179038201462e+01  -4.16744836509259086732e-01  5.94726354036451521097e+04  1.53416247349138138816e+05  2.08291622090429884295e+00  5.02956563888885040819e-03  1.75322000001842695838e+02  6.23332970660864793544e-01  5.00000000000000027756e-02  4.64426666694797845025e+01  1.59999984000024353392e-01
1.03208333333333328596e+02  9.70009592326114722383e-01  1.00916993285371711409e+03  4.40000000000000000000e+01  2.19406394285355066387e+00  6.29676445117177281645e+04  1.65949359304957237327e+05  2.00000000000000000000e+00  5.11624857142858706360e-03  1.75898000002037861123e+02  6.12000831973374737061e-01  5.00000000000000027756e-02  4.73220000002623351065e+01  1.49999568004341082839e-01
1.03215277777777771462e+02  4.49993605115787065341e-01  1.00896006394884216206e+03  4.48799776179052543057e+01  8.46865941268120359098e+00  8.09454791331639862619e+04  1.54840026062369521242e+05  2.29238730647332200618e+00  5.08184380952383420171e-03  1.76322666667345657743e+02  6.29333610657779818354e-01  5.00000000000000027756e-02  4.73766666667540761182e+01  9.99999040007600592528e-02
1.03222222222222228538e+02  2.19952038368402824631e-01  1.00891004796163156243e+03  4.58600607514000202514e+01  1.68002487619172704569e+01  9.89233138355860137381e+04  1.43730692687630478758e+05  2.22857815766052347328e+00  5.04743904761901108352e-03  1.76747333332654335436e+02  6.46666389342220204739e-01  5.00000000000000027756e-02  4.74313333332459237113e+01  2.39999232006080392976e-01
1.03229166666666671404e+02  1.59947242206368772655e-01  1.00905994244604323740e+03  4.72400527577936344414e+01  2.89182773333504847812e+01  1.16901148700151708908e+05  1.32621359277614828898e+05  2.00000000000000000000e+00  5.01634873015881308650e-03  1.77171999997962132056e+02  6.63999168026625286032e-01  5.00000000000000027756e-02  4.74859999997376647229e+01  1.40000047999517679420e-01
1.03236111111111114269e+02  1.99985611509601035607e-01  1.00901001119104807913e+03  4.75500111910480853794e+01  4.16657171111255308915e+01  1.63898765800101129571e+05  1.15195729101743214414e+05  2.00000000000000000000e+00  5.12004582010587572238e-03  1.76797333334531941773e+02  6.54666965338111306316e-01  5.00000000000000027756e-02  4.74006666669396565794e+01  1.49999920000121772512e-01
1.03243055555555557135e+02  2.80019184652025465709e-01  1.00908996802557999217e+03  4.73300959232601243798e+01  5.76755679047655149816e+01  2.10896382900050550234e+05  9.77700989258715999313e+04  2.00000000000000000000e+00  5.22374291005293749091e-03  1.76422666667265986007e+02  6.45333482669055658043e-01  5.00000000000000027756e-02  4.73153333334698302792e+01  1.59998976008107224311e-01
1.03250000000000000000e+02  4.00000000000000022204e-01  1.00908000000000004093e+03  4.75399999999999991473e+01  7.63630100000000027194e+01  2.57894000000000000000e+05  8.03444687500000000000e+04  2.14946187590533499545e+00  5.32744000000000012679e-03  1.76048000000000001819e+02  6.36000000000000009770e-01  5.00000000000000027756e-02  4.72299999999999968736e+01  5.00000000000000027756e-02
1.03256944444444442865e+02  1.09003836930405095806e+00  1.00922996802557997853e+03  4.63600639488400858568e+01  9.55031075872974071217e+01  2.91277906187810061965e+05  8.40343150972929579439e+04  2.00000000000000000000e+00  5.20177201058204426165e-03  1.74165333330321885796e+02  6.74000608009726609460e-01  5.00000000000000027756e-02  4.63633333319470324341e+01  5.99997440020267960858e-02
1.03263888888888885731e+02  1.26996962429804671757e+00  1.00930999840127878997e+03  4.62599760191826661071e+01  1.14784285872995425848e+02  3.24661812375620065723e+05  8.77241614445859013358e+04  2.00000000000000000000e+00  5.07610402116408752915e-03  1.72282666660643741352e+02  7.12001216019453209150e-01  5.00000000000000027756e-02  4.54966666638940751000e+01  1.19999728000414071505e-01
1.03270833333333328596e+02  1.38000479616305726793e+00  1.00934003357314145433e+03  4.68299136690649646653e+01  1.36296176190448306897e+02  3.58045718563430127688e+05  9.14140077918788592797e+04  2.00000000000000000000e+00  4.95043603174613166401e-03  1.70399999995575598177e+02  7.49997120092164348826e-01  5.79999913600204725084e-02  4.46300000047699327865e+01  6.99998080019293839049e-02
1.03277777777777771462e+02  1.53999040767368056137e+00  1.00943000959232631430e+03  4.66500703437263410933e+01  1.58563557142814971712e+02  4.05649395744621288031e+05  1.14652020790028022020e+05  2.00000000000000000000e+00  5.21703354497325168249e-03  1.69477999998525831415e+02  6.89999040030762400555e-01  5.00000000000000027756e-02  4.56240000015893016894e+01  7.00000639994933088195e-02
1.03284722222222228538e+02  1.39000639488421295908e+00  1.00946004156674746355e+03  4.77799904076736794423e+01  1.81469679682582693658e+02  4.53253073005378711969e+05  1.37890033897471963428e+05  2.00000000000000000000e+00  5.49327693121713037799e-03  1.68556000001474160399e+02  6.30000959969237550595e-01  5.00000000000000027756e-02  4.66179999984107027444e+01  1.79999744002026784706e-01
1.03291666666666671404e+02  1.70995683453248359385e+00  1.00965996642685854567e+03  4.72399136690649683601e+01  2.04680798095265288339e+02  5.00856750064764288254e+05  1.61128047099998715566e+05  2.00000000000000000000e+00  5.76952031746044355365e-03  1.67634000004424393637e+02  5.70002879907835602324e-01  5.00000000000000027756e-02  4.76119999952300716473e+01  7.00000959990353249784e-02
1.03298611111111114269e+02  2.06000000000000005329e+00  1.00955002717825959735e+03  4.68499904076730686597e+01  2.26357565555598483797e+02  5.12445354209842858836e+05  2.01388218899999134010e+05  2.30531831325753122641e+00  5.53912419444433853921e-03  1.68550666663734091344e+02  4.96669013370874656843e-01  5.00000000000000027756e-02  4.78853333324588987807e+01  5.00000000000000027756e-02
1.03305555555555557135e+02  2.35996802557995755123e+00  1.00964005115907207255e+03  4.63400191846520286276e+01  2.51829115555561202200e+02  5.24033958354921429418e+05  2.41648390699999581557e+05  2.00000000000000000000e+00  5.28318322222212383849e-03  1.69467333331867052948e+02  4.23334506685437317319e-01  5.00000000000000027756e-02  4.81586666662294504704e+01  9.99997440020267969185e-02
1.03312500000000000000e+02  2.79999999999999982236e+00  1.00963999999999998636e+03  4.56300000000000025580e+01  2.75580100000000015825e+02  5.35622562500000000000e+05  2.81908562500000000000e+05  2.00000000000000000000e+00  5.02415857142846956906e-03  1.70383999999999986130e+02  3.49999999999999977796e-01  5.00000000000000027756e-02  4.84320000000000021600e+01  1.30000000000000004441e-01
1.03319444444444442865e+02  3.09000639488400841159e+00  1.00972992965627588546e+03  4.48797505995236747367e+01  2.98371775238089583127e+02  6.15345645684819435701e+05  3.18760854098015523050e+05  2.00000000000000000000e+00  4.72538873015870743849e-03  1.69720666665605619983e+02  3.41333194664448280609e-01  5.00000000000000027756e-02  4.81679999995777166077e+01  1.69999360005067018387e-01
1.03326388888888885731e+02  3.50999200639422248571e+00  1.00985997921662499266e+03  4.38699856115095983000e+01  3.22029150634892801008e+02  6.95068728869638754986e+05  3.55613145696031104308e+05  2.00000000000000000000e+00  4.42661888888894530791e-03  1.69057333331211225413e+02  3.32666389328896638933e-01  5.00000000000000027756e-02  4.79039999991554239500e+01  9.99998720001948754321e-02
1.03333333333333328596e+02  3.69002398081528681928e+00  1.00977000959232611876e+03  4.37197122302165581686e+01  3.45038139523784025187e+02  7.74791812054458190687e+05  3.92465437294046627358e+05  2.00000000000000000000e+00  4.13671285714290858787e-03  1.68393999991259931903e+02  3.24000799974398789871e-01  5.00000000000000027756e-02  4.76400000022522007725e+01  5.00000000000000027756e-02
1.03340277777777771462e+02  3.99999360511578716526e+00  1.00988996482813683997e+03  4.25699968025578954212e+01  3.67737190476150885843e+02  8.51704562356668873690e+05  4.81074562334872083738e+05  2.00000000000000000000e+00  4.02260571428579658676e-03  1.66572666663754546335e+02  3.40666933324788256954e-01  5.00000000000000027756e-02  4.81093333340837503442e+01  6.00000319997466488586e-02
1.03347222222222228538e+02  4.31000319744210624862e+00  1.00994995203836845121e+03  4.29199424460420857486e+01  3.90886183174648579097e+02  9.28617312643331126310e+05  5.69683687665127916262e+05  2.00000000000000000000e+00  3.90849857142845039798e-03  1.64751333336245465944e+02  3.57333066675211752372e-01  5.00000000000000027756e-02  4.85786666659162520432e+01  1.79999264005827053214e-01
1.03354166666666671404e+02  4.44999040767388542861e+00  1.00983003836930447505e+03  4.18898273381299333096e+01  4.11505748571452329543e+02  1.00553006328354845755e+06  6.58292812874087598175e+05  2.53041256473809061944e+00  3.79497793650786533967e-03  1.62930000008740080375e+02  3.73999200025601219455e-01  5.00000000000000027756e-02  4.90479999977478016149e+01  5.00000000000000027756e-02
1.03361111111111114269e+02  4.58001119104808829263e+00  1.00989999999999997726e+03  4.11900031974423086467e+01  4.33211201746058122808e+02  1.14573441718903230503e+06  7.25230229416058398783e+05  8.70093183486077847988e+00  3.70530862433857697061e-03  1.65013333326668458767e+02  3.83333034661888671923e-01  5.00000000000000027756e-02  4.93573333323437282161e+01  1.29999856000219210506e-01
1.03368055555555557135e+02  4.81997442046396606941e+00  1.01006992965627591730e+03  4.05201278976801759768e+01  4.31715037460267183178e+02  1.28593877109451615252e+06  7.92167645958029199392e+05  8.35626954757885620495e+00  3.61563931216928816786e-03  1.67096666663334218583e+02  3.92666517330944375708e-01  5.00000000000000027756e-02  4.96666666661718636533e+01  7.00007039944263026454e-02
1.03375000000000000000e+02  5.20999999999999996447e+00  1.01012000000000000455e+03  3.98400000000000034106e+01  4.74684500000000014097e+02  1.42614312500000000000e+06  8.59105062500000000000e+05  1.45565026962566452795e+01  3.52596999999999979880e-03  1.69180000000000006821e+02  4.02000000000000023981e-01  7.39999999999999963363e-02  4.99759999999999990905e+01  8.99999999999999966693e-02
1.03381944444444442865e+02  5.30993605115991496035e+00  1.01009997442046403648e+03  3.95801215027961603710e+01  4.95066667936504643421e+02  1.48790945821827044711e+06  9.94816624747186666355e+05  1.69310948502425624440e+01  3.59696206349204451042e-03  1.67076666663302233928e+02  4.12000160002559678851e-01  5.00000000000000027756e-02  4.97446666662966308081e+01  1.99998912008613916047e-01
1.03388888888888885731e+02  5.68003037570195346007e+00  1.01023997601918267719e+03  3.92399712230192037055e+01  5.12888953174587868489e+02  1.54967579143654112704e+06  1.13052818699437333271e+06  2.56661709522878211942e+01  3.66795412698408922203e-03  1.64973333326604461035e+02  4.22000320005119278211e-01  5.00000000000000027756e-02  4.95133333325932625257e+01  1.39999872000194869326e-01
1.03395833333333328596e+02  5.95991366906496722322e+00  1.01018997122302175740e+03  3.84898129496407648276e+01  5.30663474761883435349e+02  1.61144212465481157415e+06  1.26623974924155999906e+06  3.42622058264516979875e+01  3.73894619047613393364e-03  1.62870000007022127875e+02  4.31999456017408800523e-01  5.00000000000000027756e-02  4.92820000011804850715e+01  5.00000000000000027756e-02
1.03402777777777771462e+02  5.80003197442106444015e+00  1.01008001598721057235e+03  3.75500671462842348092e+01  5.49777959047573858697e+02  1.59268083336829603650e+06  1.23949875004983320832e+06  3.63087922514303684807e+01  4.01133185185155709956e-03  1.64333333335673046349e+02  4.20666485339144025080e-01  5.00000000000000027756e-02  4.95280000003933267294e+01  5.00000000000000027756e-02
1.03409722222222228538e+02  5.96999040767368072125e+00  1.01006004476418945615e+03  3.70900927258210941773e+01  5.64799301904798426222e+02  1.57391954163170396350e+06  1.21275774995016679168e+06  5.70494678686832159542e+01  4.28866981481501423346e-03  1.65796666664326949103e+02  4.09333514660855990464e-01  5.00000000000000027756e-02  4.97739999996066728727e+01  1.99999584003293567891e-01
1.03416666666666671404e+02  6.37004316546751692130e+00  1.01017999520383693834e+03  3.71799952038369454499e+01  5.81080629047640172757e+02  1.55515825054804747924e+06  1.18601675067002722062e+06  5.95340139895895958944e+01  4.56600777777790324541e-03  1.67259999992977867578e+02  3.98000543982591215020e-01  5.00000000000000027756e-02  5.00199999988195145306e+01  5.00000000000000027756e-02
1.03423611111111114269e+02  6.48999840127884475294e+00  1.01014998721023073358e+03  3.70299280575480054267e+01  5.96345163492073425004e+02  1.65322320869869831949e+06  1.30590816711335163563e+06  4.53311629483501192794e+01  4.32498425925920831903e-03  1.66565333335555664007e+02  4.25332458652673994770e-01  5.00000000000000027756e-02  5.04339999986755529449e+01  1.49999904000146150329e-01
1.03430555555555557135e+02  6.49005755395607675240e+00  1.00994001278976804770e+03  3.65199744204639671352e+01  6.09722138412702065580e+02  1.75128816684934915975e+06  1.42579958355667581782e+06  4.55877667537283386423e+01  4.05782486772488827642e-03  1.65870666667777840075e+02  4.52666229326336988503e-01  5.00000000000000027756e-02  5.08479999993377802525e+01  5.00000000000000027756e-02
1.03437500000000000000e+02  7.03000000000000024869e+00  1.00995000000000004547e+03  3.56300000000000025580e+01  6.23617499999999949978e+02  1.84935312500000000000e+06  1.54569100000000000000e+06  3.56079856226571109801e+01  3.79066547619056736645e-03  1.65175999999999987722e+02  4.79999999999999982236e-01  5.00000000000000027756e-02  5.12620000000000004547e+01  5.00000000000000027756e-02
1.03444444444444442865e+02  6.64026219024434727345e+00  1.01000994884092790471e+03  3.58398848920878521085e+01  6.35888520952381213647e+02  1.78470054178710607812e+06  1.49941012508621532470e+06  2.65523012349654159436e+01  4.00599166666656871655e-03  1.64417999998787507820e+02  4.32665909321217734274e-01  5.00000000000000027756e-02  5.12933333333834511336e+01  5.00000000000000027756e-02
1.03451388888888885731e+02  7.04003677058657562071e+00  1.00994997921662502449e+03  3.53899616306922695230e+01  6.44313430317458141872e+02  1.72004795857421238907e+06  1.45312925017243064940e+06  2.19370594633750961577e+01  4.25875208333322853582e-03  1.63659999997575027919e+02  3.85331818642435430800e-01  5.00000000000000027756e-02  5.13246666667669089179e+01  7.00001279998051506581e-02
1.03458333333333328596e+02  7.46002398081528728113e+00  1.00984001438848918042e+03  3.50898609112713373293e+01  6.55207278095230321924e+02  1.65539537536131846718e+06  1.40684837525864620693e+06  1.88440239493421302086e+01  4.49332428571434273901e-03  1.62901999983549956141e+02  3.37998656043010048400e-01  6.39999817600432063802e-02  5.13560000010365271805e+01  1.19998992010129187924e-01
1.03465277777777771462e+02  7.17996482813682845858e+00  1.00994996482813689909e+03  3.48001694644316401650e+01  6.64700194920640228702e+02  1.60210229176598135382e+06  1.34308312511883000843e+06  1.68410125376453443380e+01  4.36716357142866249547e-03  1.59473999994518976564e+02  3.09999552014355805873e-01  5.00000000000000027756e-02  5.15720000003453620252e+01  5.00000000000000027756e-02
1.03472222222222228538e+02  7.35009912070530013750e+00  1.00990998081534735320e+03  3.40998689048736380869e+01  6.71694906349218399555e+02  1.54880920823401864618e+06  1.27931787488116999157e+06  1.33144656164901427076e+01  4.24100285714272291077e-03  1.56046000005481005246e+02  2.82000447985644220328e-01  5.00000000000000027756e-02  5.17879999996546374064e+01  5.99998400012667493231e-02
1.03479166666666671404e+02  7.05004796163057356750e+00  1.00988006235011971512e+03  3.47999904076738815206e+01  6.78170565714299073079e+02  1.49551612501927954145e+06  1.21555262491203914396e+06  9.13089931208322980183e+00  4.11764396825396120777e-03  1.52618000016450025669e+02  2.54001343956989977801e-01  5.00000000000000027756e-02  5.20039999989634722510e+01  1.09999760002411711701e-01
1.03486111111111114269e+02  8.16998081534613440624e+00  1.00983999360511540999e+03  3.26200191846538629648e+01  6.83202665079357075228e+02  1.49896591667951969430e+06  1.19981333327469276264e+06  9.82211309826854161997e+00  4.10822597883597415147e-03  1.58602666647520834431e+02  2.67332906659840940922e-01  5.00000000000000027756e-02  5.21579999995073322339e+01  9.99997440003897314353e-02
1.03493055555555557135e+02  7.76015347721620329935e+00  1.00980005115907204072e+03  3.21701790567522394326e+01  6.87051217777782539997e+02  1.50241570833975984715e+06  1.18407404163734638132e+06  2.02274737265548552045e+01  4.09880798941798709517e-03  1.64587333323760418580e+02  2.80666453329920462245e-01  5.00000000000000027756e-02  5.23119999997536666569e+01  7.99997440020268069105e-02
1.03500000000000000000e+02  8.36999999999999921840e+00  1.00977999999999997272e+03  3.14899999999999984368e+01  6.90644699999999943429e+02  1.50586550000000000000e+06  1.16833475000000000000e+06  1.94605596688580142484e+01  4.08939000000000003887e-03  1.70572000000000002728e+02  2.93999999999999983569e-01  5.00000000000000027756e-02  5.24660000000000010800e+01  5.00000000000000027756e-02
1.03506944444444442865e+02  8.21989768185586555660e+00  1.00980994244604391952e+03  3.13100319744200419336e+01  6.90346764126986158772e+02  1.55691749990489659831e+06  1.23514770820886921138e+06  1.98182201906592325713e+01  3.96751500000003254343e-03  1.66249999993086646555e+02  2.79999775996416511159e-01  5.00000000000000027756e-02  5.23893333332107005162e+01  7.99997440020268069105e-02
1.03513888888888885731e+02  8.45005595524044039735e+00  1.00993997282174041175e+03  3.15899664268557351932e+01  6.89707860317470817790e+02  1.60796949980979319662e+06  1.30196066641773865558e+06  2.06886013335620582154e+01  3.84564000000006461430e-03  1.61927999986173290381e+02  2.65999551992832983238e-01  5.00000000000000027756e-02  5.23126666664213999525e+01  5.00000000000000027756e-02
1.03520833333333328596e+02  8.98998561151082853371e+00  1.00984994724220644002e+03  3.08400431654675166726e+01  6.90433064285708383068e+02  1.65902149971468979493e+06  1.36877362462660786696e+06  3.15406708954004386669e+01  3.72376500000009711885e-03  1.57606000012812586419e+02  2.52000000000000001776e-01  5.00000000000000027756e-02  5.22360000009821376921e+01  5.00000000000000027756e-02
1.03527777777777771462e+02  8.69000319744210614203e+00  1.00989999360511581017e+03  3.07501183053579403293e+01  6.92249255555535569329e+02  1.63509620837791939266e+06  1.29523975013703433797e+06  3.21919668056949817014e+01  3.74884513227510167768e-03  1.60276000004269036481e+02  2.52000000000000001776e-01  5.00000000000000027756e-02  5.24406666669939056646e+01  6.99998400012667582049e-02
1.03534722222222228538e+02  9.34998081534736158460e+00  1.00981998721023160215e+03  3.03698657074315292448e+01  6.86612551111081415911e+02  1.61117091662208060734e+06  1.22170587486296566203e+06  3.12307049981012916362e+01  3.77753891534393605386e-03  1.62945999995730971932e+02  2.52000000000000001776e-01  5.00000000000000027756e-02  5.26453333330060928574e+01  5.00000000000000027756e-02
1.03541666666666671404e+02  8.91004796163057477543e+00  1.00981006235011966510e+03  2.95699904076738846470e+01  6.82592780952375960624e+02  1.58724562510790023953e+06  1.14817200073817209341e+06  3.76119935875565403194e+01  3.80623269841271144945e-03  1.65615999987187421993e+02  2.52000000000000001776e-01  5.00000000000000027756e-02  5.28499999990178608300e+01  6.00000479995176569381e-02
1.03548611111111114269e+02  9.22998401278844582407e+00  1.00980000639488457637e+03  2.94600031974423117731e+01  6.77711418571411286393e+02  1.60655275007193349302e+06  1.28025691715878131799e+06  1.71687547554721966492e+01  3.86444241666669121779e-03  1.63572000006539070682e+02  2.69332778657793259214e-01  5.00000000000000027756e-02  5.28866666665493667665e+01  5.00000000000000027756e-02
1.03555555555555557135e+02  8.82004476418805971605e+00  1.00974994244604397409e+03  2.98402110311722807978e+01  6.71476307301584938614e+02  1.62585987503596674651e+06  1.41234183357939077541e+06  7.27699794473810968043e+00  3.92414033333335614956e-03  1.61528000003269539775e+02  2.86666389328896653588e-01  5.00000000000000027756e-02  5.29233333332746838096e+01  5.00000000000000027756e-02
1.03562500000000000000e+02  9.11999999999999921840e+00  1.00954999999999995453e+03  2.91700000000000017053e+01  6.66443899999999985084e+02  1.64516700000000000000e+06  1.54442675000000000000e+06  2.00000000000000000000e+00  3.98358523809525747611e-03  1.59484000000000008868e+02  3.03999999999999992450e-01  5.00000000000000027756e-02  5.29600000000000008527e+01  1.49999999999999994449e-01
1.03569444444444442865e+02  9.63010871302814486228e+00  1.00956994244604402411e+03  2.80502685851283573015e+01  6.58315595873020583895e+02  1.68293841659630322829e+06  1.45139237517331121489e+06  2.00000000000000000000e+00  4.03976910052910448412e-03  1.60305333334647116317e+02  3.43333962676734549824e-01  5.00000000000000027756e-02  5.31526666669748522054e+01  5.99996160030401987084e-02
1.03576388888888885731e+02  9.90994564348071449444e+00  1.00943000959232688274e+03  2.83800127897692426870e+01  6.49418374761911763926e+02  1.72070983319260668941e+06  1.35835800034662242979e+06  2.00000000000000000000e+00  4.09595296296295235949e-03  1.61126666669294252188e+02  3.82667925353469162708e-01  5.00000000000000027756e-02  5.33453333339497035581e+01  6.99999520000730846014e-02
1.03583333333333328596e+02  9.28001438848917103996e+00  1.00936003357314143614e+03  2.87299472422063679744e+01  6.34990204761924701415e+02  1.75848124978890991770e+06  1.26532362551993364468e+06  2.00000000000000000000e+00  4.13843079365089783900e-03  1.61948000004929895113e+02  4.21999040030721417338e-01  5.00000000000000027756e-02  5.35380000004606770858e+01  7.99996160038587422747e-02
1.03590277777777771462e+02  9.83994564348419054056e+00  1.00939004156674741353e+03  2.88498465227788898346e+01  6.25211966984184869034e+02  1.85086291649450827390e+06  1.34237991652306797914e+06  2.00000000000000000000e+00  3.90907232804249289010e-03  1.62975333334975942989e+02  4.01999680010254101248e-01  5.00000000000000027756e-02  5.36340000001534917828e+01  5.00000000000000027756e-02
1.03597222222222228538e+02  9.60989768185259229938e+00  1.00937000639488417164e+03  2.81502014388527079802e+01  6.13256967301573922668e+02  1.94324458350549172610e+06  1.41943620847693202086e+06  2.00000000000000000000e+00  3.67971386243361869850e-03  1.64002666665024065651e+02  3.82000319989745873439e-01  5.00000000000000027756e-02  5.37299999998465054318e+01  1.49999616003040209256e-01
1.03604166666666671404e+02  9.51992326139108158145e+00  1.00930001438848910311e+03  2.89397266187057304876e+01  5.97385405714277908373e+02  2.03562624963889084756e+06  1.49649249939200025983e+06  2.00000000000000000000e+00  3.45832738095246247298e-03  1.65029999995070113528e+02  3.62000959969278557349e-01  5.00000000000000027756e-02  5.38259999995393201289e+01  8.99995200048234189616e-02
1.03611111111111114269e+02  9.88995203836533676167e+00  1.00933002078337506191e+03  2.84100447641923530284e+01  5.79771688730137157108e+02  1.97101112475926056504e+06  1.38769999959466699511e+06  2.00000000000000000000e+00  3.56113492063497502627e-03  1.64108666669614137845e+02  3.41333994677246510552e-01  5.00000000000000027756e-02  5.38373333332970744891e+01  1.09999984000024364494e-01
1.03618055555555557135e+02  9.72017905675223836681e+00  1.00933997442046404558e+03  2.82097825739437126913e+01  5.70279896190476847551e+02  1.90639599987963028252e+06  1.27890749979733349755e+06  2.00000000000000000000e+00  3.66394246031748757955e-03  1.63187333334807078700e+02  3.20666997338623249725e-01  5.00000000000000027756e-02  5.38486666666485405131e+01  1.10000127998986604871e-01
1.03625000000000000000e+02  9.55000000000000071054e+00  1.00919000000000005457e+03  2.71799999999999997158e+01  5.56845500000000015461e+02  1.84178087500000000000e+06  1.17011500000000000000e+06  2.00000000000000000000e+00  3.76675000000000013284e-03  1.62265999999999991132e+02  2.99999999999999988898e-01  5.00000000000000027756e-02  5.38599999999999994316e+01  5.00000000000000027756e-02
1.03631944444444442865e+02  1.00998784972038375685e+01  1.00930995523581191264e+03  2.66504860111846433313e+01  5.38537126349211803245e+02  1.72145508355748490430e+06  1.00293364614477090072e+06  2.00000000000000000000e+00  3.62746759259262958539e-03  1.61340666665186518003e+02  3.08666805335551686085e-01  5.00000000000000027756e-02  5.36559999996736891603e+01  5.00000000000000027756e-02
1.03638888888888885731e+02  1.00700079936057775853e+01  1.00916998880895187085e+03  2.67900703437308393973e+01  5.19713049047631329813e+02  1.60112929211496980861e+06  8.35752292289541801438e+05  2.00000000000000000000e+00  3.48818518518525903793e-03  1.60415333330373044873e+02  3.17333610671103383272e-01  5.00000000000000027756e-02  5.34519999993473717836e+01  5.00000000000000027756e-02
1.03645833333333328596e+02  1.02598465227821638024e+01  1.00909997122302172556e+03  2.61499664268585974014e+01  4.98404151428579382355e+02  1.48080350067245494574e+06  6.68570938434312585741e+05  2.00000000000000000000e+00  3.34890277777788849048e-03  1.59490000000582256234e+02  3.25998848036865740418e-01  5.00000000000000027756e-02  5.32479999997088739860e+01  5.00000000000000027756e-02
1.03652777777777771462e+02  1.00298816946420590313e+01  1.00908000639488420802e+03  2.68501278976842598922e+01  4.72236932063538347393e+02  1.46951570835436880589e+06  7.18382520740506704897e+05  2.00000000000000000000e+00  3.21812809523823375318e-03  1.59611333333527340983e+02  3.01999616012304961110e-01  5.00000000000000027756e-02  5.31873333332363316117e+01  8.00000319997466458055e-02
1.03659722222222228538e+02  1.00899776179052551583e+01  1.00896003197442109922e+03  2.61500479616315963938e+01  4.50672028253945086362e+02  1.45822791664563119411e+06  7.68194104259493295103e+05  2.00000000000000000000e+00  3.08756261904752490541e-03  1.59732666666472681527e+02  2.78000383987695054433e-01  5.00000000000000027756e-02  5.31266666667636684451e+01  5.00000000000000027756e-02
1.03666666666666671404e+02  1.02298944844127372988e+01  1.00902001438848913040e+03  2.60501438848917210578e+01  4.37683818571428048472e+02  1.44694012491082353517e+06  8.18005687521267682314e+05  2.00000000000000000000e+00  2.95699714285708363873e-03  1.59853999999417766276e+02  2.54001151963134275125e-01  5.00000000000000027756e-02  5.30660000002911260708e+01  5.00000000000000027756e-02
1.03673611111111114269e+02  9.76002717825964261067e+00  1.00892998721023070630e+03  2.57199136690576040110e+01  4.12662309365074634115e+02  1.43098333327388251200e+06  8.21811229180845199153e+05  2.00000000000000000000e+00  2.85964777777775961548e-03  1.59512000001094122581e+02  2.92665429313538782985e-01  5.00000000000000027756e-02  5.29760000002879252179e+01  5.00000000000000027756e-02
1.03680555555555557135e+02  1.02599360511599151380e+01  1.00873005755395604410e+03  2.54202110311722826452e+01  3.99266330158725281763e+02  1.41502654163694125600e+06  8.25616770840422599576e+05  2.00000000000000000000e+00  2.76397317460318160329e-03  1.59170000000547048558e+02  3.31332714656769389272e-01  5.00000000000000027756e-02  5.28860000001439587436e+01  1.09999872001013396239e-01
1.03687500000000000000e+02  1.01600000000000001421e+01  1.00875999999999999091e+03  2.51799999999999997158e+01  3.78487999999999999545e+02  1.39906975000000000000e+06  8.29422312500000000000e+05  2.00000000000000000000e+00  2.66829857142860402477e-03  1.58828000000000002956e+02  3.69999999999999995559e-01  5.00000000000000027756e-02  5.27959999999999993747e+01  5.00000000000000027756e-02
1.03694444444444442865e+02  1.03798593125518134883e+01  1.00866997442046397282e+03  2.49895715427714293355e+01  3.54655780952389250160e+02  1.29137812520061573014e+06  8.20164583350579254329e+05  2.00000000000000000000e+00  2.59962711111113697199e-03  1.60120000002066660727e+02  3.49333002661376734732e-01  5.00000000000000027756e-02  5.30686666671028177689e+01  6.99991680065871063610e-02
1.03701388888888885731e+02  1.00300127897692430423e+01  1.00878997761790378718e+03  2.45599840127884441188e+01  3.19996980000033431679e+02  1.18368650040123146027e+06  8.10906854201158625074e+05  2.00000000000000000000e+00  2.53305072222225011874e-03  1.61412000004133318498e+02  3.28666005322753473905e-01  5.00000000000000027756e-02  5.33413333342056290576e+01  5.00000000000000027756e-02
1.03708333333333328596e+02  9.68004796163057434910e+00  1.00861001918465228755e+03  2.42500479616305746333e+01  2.76165099523882531685e+02  1.07599487560184719041e+06  8.01649125051737879403e+05  2.00000000000000000000e+00  2.47865444444435962731e-03  1.62703999992123698348e+02  3.07999136027649278446e-01  5.00000000000000027756e-02  5.36140000000799759050e+01  5.00000000000000027756e-02
1.03715277777777771462e+02  9.99996163069472210339e+00  1.00866997761790526056e+03  2.46000607514000257936e+01  2.63409669523854233830e+02  1.06270239585810457356e+06  7.84608562531756004319e+05  2.00000000000000000000e+00  2.66583037037023589180e-03  1.61062666664042353659e+02  2.89999712009228693965e-01  5.00000000000000027756e-02  5.36306666666933153920e+01  5.00000000000000027756e-02
1.03722222222222228538e+02  9.69998721023157273180e+00  1.00850003197442106284e+03  2.53300479616315961096e+01  2.37140560634902413994e+02  1.04940991664189542644e+06  7.67567999968243995681e+05  2.00000000000000000000e+00  2.85300629629649509650e-03  1.59421333335957655208e+02  2.72000287990771305591e-01  5.00000000000000027756e-02  5.36473333333066833006e+01  6.00002879977198436134e-02
1.03729166666666671404e+02  9.68994724220636882706e+00  1.00844000479616306620e+03  2.51701774580331232301e+01  2.23942476190491106536e+02  1.03611743682204268407e+06  7.50527437179277883843e+05  2.00000000000000000000e+00  3.03610634920636326614e-03  1.57780000007876310519e+02  2.54000863972350721109e-01  5.00000000000000027756e-02  5.36639999999200227876e+01  5.00000000000000027756e-02
1.03736111111111114269e+02  9.56000799360577779851e+00  1.00843001278976919366e+03  2.59100079936057774432e+01  2.20555995873009266006e+02  9.14807062048028456047e+05  6.93138978952851844952e+05  2.00000000000000000000e+00  3.05345423280424218063e-03  1.57137333335389314470e+02  2.28667477346302161489e-01  5.00000000000000027756e-02  5.36153333334890263018e+01  5.00000000000000027756e-02
1.03743055555555557135e+02  9.58997442046396564308e+00  1.00828005115907205891e+03  2.60498976818558638513e+01  1.94215437777770461025e+02  7.93496687274014228024e+05  6.35750520726425922476e+05  2.00000000000000000000e+00  3.07080211640212109511e-03  1.56494666667694673379e+02  2.03333738673151076526e-01  5.00000000000000027756e-02  5.35666666667445170447e+01  1.09999424004560308887e-01
1.03750000000000000000e+02  9.60999999999999943157e+00  1.00825999999999999091e+03  2.65799999999999982947e+01  1.51157299999999992224e+02  6.72186312500000000000e+05  5.78362062500000000000e+05  2.00000000000000000000e+00  3.08815000000000000960e-03  1.55852000000000003865e+02  1.77999999999999991562e-01  5.00000000000000027756e-02  5.35180000000000006821e+01  5.00000000000000027756e-02
1.03756944444444442865e+02  9.29996163069595027650e+00  1.00816003836930406123e+03  2.72600447641880592187e+01  1.19189243809545928343e+02  6.45301750050082569942e+05  5.77952645834096008912e+05  2.00000000000000000000e+00  3.17370555555553275628e-03  1.58470000004187681952e+02  2.16667285343230597849e-01  5.00000000000000027756e-02  5.33806666664469915418e+01  5.00000000000000027756e-02
1.03763888888888885731e+02  9.03999999999999914735e+00  1.00814001278976923004e+03  2.84499904076730665281e+01  1.08014743333361138866e+02  6.18417187600165023468e+05  5.77543229168192017823e+05  2.00000000000000000000e+00  3.25926111111106593665e-03  1.61088000008375360039e+02  2.55334570686461148625e-01  5.00000000000000027756e-02  5.32433333328939824014e+01  5.00000000000000027756e-02
1.03770833333333328596e+02  8.91998561151082824949e+00  1.00812006235011972421e+03  2.89300239808152852561e+01  8.62397558095469065620e+01  5.91532625150247476995e+05  5.77133812502288026735e+05  2.00000000000000000000e+00  3.34481666666659868334e-03  1.63705999994644628259e+02  2.94001695945725449732e-01  5.00000000000000027756e-02  5.31059999989058937331e+01  1.09999712002894059482e-01
1.03777777777777771462e+02  8.75000000000000000000e+00  1.00814003197442104920e+03  2.95799616306947221744e+01  7.95608689841698009104e+01  6.58134249875884270296e+05  5.72735458341529942118e+05  2.00000000000000000000e+00  3.40329984126977978798e-03  1.62589999998215631649e+02  3.29333898648551059996e-01  5.00000000000000027756e-02  5.28779999996354561631e+01  5.00000000000000027756e-02
1.03784722222222228538e+02  8.45001598721053248653e+00  1.00799002557953690484e+03  3.00899584332526153219e+01  6.64703226984131276822e+01  7.24735875124115729704e+05  5.68337104158470057882e+05  2.00000000000000000000e+00  3.46111730158734330620e-03  1.61474000001784361302e+02  3.64666101351448945778e-01  5.00000000000000027756e-02  5.26500000003645425295e+01  1.29999808001520111844e-01
1.03791666666666671404e+02  8.19999999999999928946e+00  1.00795006235011976514e+03  3.06999568345324824747e+01  4.70233258095114408093e+01  7.91337500211254577152e+05  5.63938749704801011831e+05  2.00000000000000000000e+00  3.51893476190478799587e-03  1.60358000005355364692e+02  3.99998304054274556041e-01  5.00000000000000027756e-02  5.24220000010941049595e+01  5.00000000000000027756e-02
1.03798611111111114269e+02  7.87997761790382345026e+00  1.00790002078337499825e+03  3.12800031974423120573e+01  3.88872809682403257625e+01  8.29138375140836462379e+05  5.11117270636533969082e+05  2.00000000000000000000e+00  4.84407105555613188425e-03  1.59544000002604121846e+02  8.26653013114910906189e-01  5.00000000000000027756e-02  5.15300000028536402397e+01  5.99998400002435747225e-02
1.03805555555555557135e+02  7.74998721023198289259e+00  1.00801991047162391624e+03  3.18299296562759046481e+01  2.48036507301557840321e+01  8.66939250070418231189e+05  4.58295791568266984541e+05  2.00000000000000000000e+00  6.23310577777831491264e-03  1.58730000001302045121e+02  1.25332650655745547752e+00  5.00000000000000027756e-02  5.06380000014268176756e+01  1.39999424004560335533e-01
1.03812500000000000000e+02  7.53000000000000024869e+00  1.00790999999999996817e+03  3.26799999999999997158e+01  1.34265799999999995151e+01  9.04740125000000000000e+05  4.05474312500000000000e+05  2.00000000000000000000e+00  7.58849976190507664181e-03  1.57915999999999996817e+02  1.67999999999999993783e+00  5.00000000000000027756e-02  4.97460000000000022169e+01  1.19999999999999995559e-01
1.03819444444444442865e+02  6.97001278976801685872e+00  1.00791007673860804061e+03  3.38600255795360354227e+01  5.14587416825582444346e+00  7.79797208566086017527e+05  3.85467552120603388175e+05  2.00000000000000000000e+00  8.51030201058208118914e-03  1.62241333340252026574e+02  1.62199907198515402840e+00  5.00000000000000027756e-02  4.95859999997440681341e+01  8.99994240045603050016e-02
1.03826388888888885731e+02  7.11999680255768918613e+00  1.00794002238209623101e+03  3.45499808153461316351e+01  1.02443165873290564782e+00  6.54854292132172151469e+05  3.65460791741206776351e+05  2.00000000000000000000e+00  9.43210425925908486910e-03  1.66566666680504056330e+02  1.56399814397030811897e+00  5.00000000000000027756e-02  4.94259999994881340513e+01  5.00000000000000027756e-02
1.03833333333333328596e+02  6.84006235011974617066e+00  1.00799997122302170283e+03  3.46900671462828000813e+01  -1.58829728094994337972e+00  5.29911375698258168995e+05  3.45454031361810164526e+05  2.00000000000000000000e+00  1.02560879365084442472e-02  1.70891999986301243553e+02  1.50599625611981369211e+00  5.00000000000000027756e-02  4.92659999984452099397e+01  9.99995200048234278434e-02
1.03840277777777771462e+02  7.03000000000000024869e+00  1.00794998401278951405e+03  3.48199808153473640004e+01  -2.68085476507802233925e+00  6.67497833076933398843e+05  3.38122802096995466854e+05  2.00000000000000000000e+00  9.14000328042408397011e-03  1.68037333328769022955e+02  1.42799875203999104833e+00  5.00000000000000027756e-02  4.89419999994819576727e+01  5.00000000000000027756e-02
1.03847222222222228538e+02  6.92998721023157404630e+00  1.00802995203836837845e+03  3.49900127897684285472e+01  -3.13489356507965011289e+00  8.05084291923066601157e+05  3.30791572903004533146e+05  2.00000000000000000000e+00  8.02391862433744079697e-03  1.65182666671230975908e+02  1.35000124796000897653e+00  5.00000000000000027756e-02  4.86180000005180374956e+01  5.00000000000000027756e-02
1.03854166666666671404e+02  6.63004316546751670813e+00  1.00789000479616299799e+03  3.52900047961630534132e+01  -3.15018573333243523393e+00  9.42670749301589559764e+05  3.23460343574830680154e+05  2.00000000000000000000e+00  7.00444698412929899617e-03  1.62328000013698755311e+02  1.27200374388018633276e+00  5.00000000000000027756e-02  4.82940000015547852286e+01  8.99996640033763894984e-02
1.03861111111111114269e+02  6.60999680255768939929e+00  1.00800999680255767998e+03  3.64200175859327117678e+01  -3.31252378253982504575e+00  8.17700582867726334371e+05  2.92116400924887100700e+05  2.00000000000000000000e+00  9.91390465608620041760e-03  1.61103333337251228841e+02  1.07067310943640148224e+00  5.00000000000000027756e-02  4.80153333342248274107e+01  5.00000000000000027756e-02
1.03868055555555557135e+02  6.59001918465202507491e+00  1.00798001918465206472e+03  3.67000319744200425021e+01  -3.43887913015869361999e+00  6.92730416433863108978e+05  2.60772458274943550350e+05  2.00000000000000000000e+00  1.28233623280431009717e-02  1.59878666668625612601e+02  8.69336554718200815728e-01  5.00000000000000027756e-02  4.77366666671124093568e+01  5.00000000000000027756e-02
1.03875000000000000000e+02  6.40000000000000035527e+00  1.00788999999999998636e+03  3.62199999999999988631e+01  -3.21618199999999987426e+00  5.67760250000000000000e+05  2.29428515625000000000e+05  2.00000000000000000000e+00  1.57328200000000015257e-02  1.58653999999999996362e+02  6.68000000000000038192e-01  5.00000000000000027756e-02  4.74579999999999984084e+01  1.10000000000000000555e-01
1.03881944444444442865e+02  6.01992326139189781742e+00  1.00797990407673989921e+03  3.65799296562759082008e+01  -3.13905905079367686383e+00  6.42924249859979026951e+05  2.57211833281576546142e+05  2.00000000000000000000e+00  2.55365832275106299787e-02  1.59076000000675009005e+02  5.29331114631172994223e-01  5.00000000000000027756e-02  4.71559999995169292220e+01  2.09998144014694299031e-01
1.03888888888888885731e+02  6.10000639488462148563e+00  1.00783001598721159553e+03  3.70899888089519151890e+01  -3.05137679523813565297e+00  7.18088249719958053902e+05  2.84995150938153092284e+05  2.00000000000000000000e+00  3.53403464550212514927e-02  1.59498000001350021648e+02  3.90662229262346061276e-01  5.00000000000000027756e-02  4.68539999990338600355e+01  5.00000000000000027756e-02
1.03895833333333328596e+02  5.90998081534777064405e+00  1.00787002398081529009e+03  3.75700000000000002842e+01  -3.15153072857253180317e+00  7.93252249579937197268e+05  3.12778468594729667529e+05  2.00000000000000000000e+00  4.51441096825318799457e-02  1.59920000001913081178e+02  2.52004127867897831372e-01  5.99999891200257706725e-02  4.65519999986659556157e+01  5.00000000000000027756e-02
1.03902777777777771462e+02  5.70994884092629639838e+00  1.00773000319744210174e+03  3.83499520383684071589e+01  -3.09814643174415982330e+00  8.00347145820111618377e+05  3.11724322918631136417e+05  2.00000000000000000000e+00  4.37046207936526154292e-02  1.60318666667304086104e+02  3.38001375955907290560e-01  5.00000000000000027756e-02  4.62739999995555066903e+01  1.19999744002026786927e-01
1.03909722222222228538e+02  5.39004476418948996752e+00  1.00767002877697893837e+03  3.91900287769789557046e+01  -2.99997961587289374563e+00  8.07442041679888381623e+05  3.10670177081368863583e+05  2.00000000000000000000e+00  4.19886584920622571437e-02  1.60717333332695915260e+02  4.23998624044092720098e-01  5.00000000000000027756e-02  4.59960000004444964361e+01  5.99995200038002524101e-02
1.03916666666666671404e+02  5.40997122302165589502e+00  1.00763995683453242691e+03  3.99299712230216528042e+01  -2.95926065238113178424e+00  8.14536937046076986007e+05  3.09616031106267357245e+05  2.00000000000000000000e+00  4.02726961904754099386e-02  1.61115999998086920186e+02  5.09995872132102179286e-01  5.00000000000000027756e-02  4.57180000013340475107e+01  5.00000000000000027756e-02
1.03923611111111114269e+02  5.30000799360577712349e+00  1.00767997122301915169e+03  4.03800239808173344613e+01  -3.22471242222203935412e+00  7.33314166364051285200e+05  2.83897213445844885428e+05  2.00000000000000000000e+00  3.54969070370361045041e-02  1.61345333332599665255e+02  4.76667733350397582193e-01  5.00000000000000027756e-02  4.65413333306993735050e+01  5.00000000000000027756e-02
1.03930555555555557135e+02  5.02010871302814365436e+00  1.00752999999999997272e+03  4.07601087130281456439e+01  -3.20148438412687408317e+00  6.52091395682025700808e+05  2.58178395785422471818e+05  2.00000000000000000000e+00  3.05668408994712731408e-02  1.61574666666299833651e+02  4.43333866675198806639e-01  5.00000000000000027756e-02  4.73646666653496879462e+01  1.29999488004053614931e-01
1.03937500000000000000e+02  5.05999999999999960920e+00  1.00748000000000001819e+03  4.10000000000000000000e+01  -3.16053100000000020131e+00  5.70868625000000000000e+05  2.32459578125000000000e+05  2.00000000000000000000e+00  2.56367747619064417774e-02  1.61804000000000002046e+02  4.09999999999999975575e-01  5.00000000000000027756e-02  4.81880000000000023874e+01  5.00000000000000027756e-02
1.03944444444444442865e+02  4.71008313349210983034e+00  1.00755996802557990577e+03  4.17800511590720660138e+01  -3.36643128888872666948e+00  5.73384416661980096251e+05  2.31640098959859926254e+05  2.00000000000000000000e+00  2.09676894444462413869e-02  1.64716000004657956879e+02  3.71999391990273375885e-01  5.00000000000000027756e-02  4.84440000004094954988e+01  1.19999552003546894330e-01
1.03951388888888885731e+02  4.63999360511537783935e+00  1.00746999840127887182e+03  4.22899648281345790224e+01  -3.08762109999918576975e+00  5.75900208323960192502e+05  2.30820619794719823403e+05  2.00000000000000000000e+00  1.63188526388908169973e-02  1.67628000009315911711e+02  3.33998783980546720684e-01  5.00000000000000027756e-02  4.87000000008189815048e+01  1.30000031999951276562e-01
1.03958333333333328596e+02  4.66997122302165568186e+00  1.00760000000000002274e+03  4.25700815347719725423e+01  -3.05170634761820069869e+00  5.78415999985940172337e+05  2.30001140629579749657e+05  2.00000000000000000000e+00  1.18659096825399403702e-02  1.70539999997610237870e+02  2.95999008031745447500e-01  5.00000000000000027756e-02  4.89560000004606834523e+01  9.00001919980706194258e-02
1.03965277777777771462e+02  4.42003836930527782556e+00  1.00758000319744212447e+03  4.27399744204631488742e+01  -3.17773553968302779893e+00  4.51399536695035465527e+05  2.39336624982602806995e+05  2.00000000000000000000e+00  1.12981947354501444797e-02  1.70041999999203738980e+02  2.75333002677262572711e-01  5.00000000000000027756e-02  4.90520000001534981493e+01  5.00000000000000027756e-02
1.03972222222222228538e+02  4.44998721023157450816e+00  1.00760995523581050293e+03  4.22800191846526374206e+01  -3.00884738730329637235e+00  3.24383072679964534473e+05  2.48672109392397193005e+05  2.00000000000000000000e+00  1.07304797883591863245e-02  1.69544000000796245331e+02  2.54666997322737398424e-01  5.00000000000000027756e-02  4.91479999998465046929e+01  5.00000000000000027756e-02
1.03979166666666671404e+02  4.34999520383694182613e+00  1.00764002877697828353e+03  4.31499616306955360301e+01  -3.05406039047480515336e+00  1.97366609222014143597e+05  2.58007593714962014928e+05  2.00000000000000000000e+00  1.01582797222216220101e-02  1.69046000002389746442e+02  2.34000991968254523634e-01  5.00000000000000027756e-02  4.92439999995393193899e+01  1.79998848011576229045e-01
1.03986111111111114269e+02  4.10999360511537847884e+00  1.00752001278976922549e+03  4.32499936051153781591e+01  -2.72599302539662202705e+00  1.69992065002176095732e+05  2.51738067684974666918e+05  2.00000000000000000000e+00  9.40368481481441455261e-03  1.68640666667963387226e+02  2.93998079969284342727e-01  5.00000000000000027756e-02  4.96126666654872465756e+01  1.09999728000414076501e-01
1.03993055555555557135e+02  4.15998721023198303470e+00  1.00765994244604394225e+03  4.29299616306959492817e+01  -2.52909640634921162317e+00  1.42617520782338047866e+05  2.45468541654987348011e+05  2.00000000000000000000e+00  8.64908990740720709511e-03  1.68235333333981685655e+02  3.53999039984642160928e-01  5.00000000000000027756e-02  4.99813333327436239983e+01  5.00000000000000027756e-02
1.04000000000000000000e+02  3.89999999999999991118e+00  1.00772000000000002728e+03  4.39699999999999988631e+01  -2.73672899999999996723e+00  1.15242976562500000000e+05  2.39199015625000000000e+05  2.00635555740314108775e+00  7.89449499999999963762e-03  1.67830000000000012506e+02  4.13999999999999979128e-01  5.00000000000000027756e-02  5.03500000000000014211e+01  5.00000000000000027756e-02
