#                     time          SMEAR_TEMP_168.dat             SMEAR_PRESS.dat                SMEAR_RH.dat               SMEAR_SWR.dat                SA_tower.dat               SA_ground.dat                     NH3.dat                SMEAR_CS.dat            SMEAR_GAS_CO.dat           SMEAR_GAS_NO2.dat            SMEAR_GAS_NO.dat            SMEAR_GAS_O3.dat           SMEAR_GAS_SO2.dat
1.00000000000000000000e+02  -1.01000000000000000888e+00  9.93399999999999977263e+02  7.19800000000000039790e+01  -5.21403999999999978598e-01  1.48783484375000000000e+05  1.03543117187500000000e+05  2.73102114899222936373e+00  2.26478000000000009168e-03  1.79195999999999997954e+02  1.85999999999999998668e-01  5.00000000000000027756e-02  3.94040000000000034674e+01  5.00000000000000027756e-02
1.00006944444444442865e+02  -9.80019184652025421300e-01  9.93539987210231970494e+02  7.21899872102319761780e+01  -5.85031638095463546456e-01  1.43730020842747297138e+05  1.04245763019524398260e+05  4.90844311219067197527e+00  2.18567616402118520061e-03  1.76972666663110288710e+02  1.75999839997440371553e-01  5.00000000000000027756e-02  3.89179999992226086647e+01  8.99996160030401975982e-02
1.00013888888888885731e+02  -1.04000000000000003553e+00  9.93590006394884653673e+02  7.24500367705865784274e+01  -6.73889841254987909114e-02  1.38676557310494594276e+05  1.04948408851548781968e+05  2.40814505469766348966e+00  2.10657232804236987586e-03  1.74749333326220579465e+02  1.65999679994880716682e-01  5.00000000000000027756e-02  3.84319999984452138619e+01  6.99997280004140687293e-02
1.00020833333333328596e+02  -9.99980815347770501944e-01  9.93739990407673872141e+02  7.06299136690649618231e+01  3.96489999993329053640e-02  1.33623093778241862310e+05  1.05651054683573180228e+05  4.61863984820648809659e+00  2.02746849206355498479e-03  1.72526000004830734724e+02  1.56001087965182361206e-01  5.00000000000000027756e-02  3.79460000019514751557e+01  5.00000000000000027756e-02
1.00027777777777771462e+02  -1.05997761790525468761e+00  9.93849993605115855644e+02  7.17601342925684804186e+01  4.59576701591330238905e-01  1.29005036466939331149e+05  1.07642338537955802167e+05  2.00000000000000000000e+00  2.09306375661368320590e-03  1.73532666668276220889e+02  1.78667029321711995360e-01  5.00000000000000027756e-02  3.83526666673168818988e+01  1.09999744002026805800e-01
1.00034722222222228538e+02  -1.18996802557893510688e+00  9.93939984012789523149e+02  7.21895619504314112191e+01  4.81476733340332752054e-01  1.24386979158060668851e+05  1.09633622399544197833e+05  2.00000000000000000000e+00  2.16221719576724542844e-03  1.74539333331723781839e+02  2.01332970678288009081e-01  5.00000000000000027756e-02  3.87593333326831128716e+01  5.00000000000000027756e-02
1.00041666666666671404e+02  -1.23997601918471311855e+00  9.94099942446043314703e+02  7.10202637889681511751e+01  1.42448381428507286905e+00  1.19768921855751570547e+05  1.11624906217027848470e+05  2.05671465927164476284e+00  2.23137063492066627102e-03  1.75545999995169268004e+02  2.23998912034817643235e-01  5.00000000000000027756e-02  3.91659999980485196147e+01  8.99996640033763894984e-02
1.00048611111111114269e+02  -1.31999360511537822127e+00  9.94040017585932673683e+02  7.22099856115095946052e+01  1.35769693333225482945e+00  1.16324700508001042181e+05  1.05725031228018575348e+05  2.00000000000000000000e+00  2.23493461111111142020e-03  1.75006000001727528570e+02  2.52665749318658094946e-01  5.00000000000000027756e-02  3.91733333333098698859e+01  5.00000000000000027756e-02
1.00055555555555557135e+02  -1.32000639488400861588e+00  9.94200044764188078261e+02  7.40299360511599218171e+01  1.32773433333340151741e+00  1.12880479160250513814e+05  9.98251562390092876740e+04  2.00000000000000000000e+00  2.23519155555555563974e-03  1.74466000000863772357e+02  2.81332874659329046363e-01  5.00000000000000027756e-02  3.91806666666549361366e+01  6.99998080015201140647e-02
1.00062500000000000000e+02  -1.37000000000000010658e+00  9.94129999999999995453e+02  7.31800000000000068212e+01  1.12671199999999993580e+00  1.09436257812500000000e+05  9.39252812500000000000e+04  2.00000000000000000000e+00  2.23531285714285684121e-03  1.73925999999999987722e+02  3.09999999999999997780e-01  5.00000000000000027756e-02  3.91880000000000023874e+01  5.00000000000000027756e-02
1.00069444444444442865e+02  -1.39000639488400845600e+00  9.94409961630695875101e+02  7.23198401278997806685e+01  3.63557269841720653858e-01  1.13190307284673355753e+05  1.09067010388459559181e+05  2.00000000000000000000e+00  2.23368587301587271168e-03  1.74738000001298843245e+02  2.55332458652673954802e-01  5.00000000000000027756e-02  3.98966666678002326307e+01  5.00000000000000027756e-02
1.00076388888888885731e+02  -1.48000319744231090269e+00  9.94489972821740366271e+02  7.26900735411731488966e+01  -7.61378444440782009561e-02  1.16944356756846696953e+05  1.24208739526919118362e+05  3.26404580963321588882e+00  2.23205888888888901583e-03  1.75550000002597698767e+02  2.00664917305347967336e-01  5.00000000000000027756e-02  4.06053333356004628740e+01  9.99998080002922895559e-02
1.00083333333333328596e+02  -1.49002877697834423820e+00  9.94550004796162966159e+02  7.17102637889681489014e+01  2.02116152380798441701e-01  1.20698406229020052706e+05  1.39350468665378662990e+05  2.00000000000000000000e+00  2.22749396825399660627e-03  1.76362000000086368345e+02  1.46000895971326649647e-01  8.39999948800121271075e-02  4.13140000033239118693e+01  5.00000000000000027756e-02
1.00090277777777771462e+02  -1.50000639488421305678e+00  9.94669984012789427652e+02  6.93298944844104880758e+01  7.58729238101342184919e-02  1.12714981785710886470e+05  1.30334278662635493674e+05  2.00000000000000000000e+00  2.16465997354501867370e-03  1.76380000000028786644e+02  1.64666965323762820583e-01  7.33333316266779888792e-02  4.20066666677741693547e+01  7.00000319997466508015e-02
1.00097222222222228538e+02  -1.39998721023157401966e+00  9.94740031974421071936e+02  6.89697601918420133416e+01  -1.42537412698331339422e-01  1.04731557276789113530e+05  1.21318088524864506326e+05  2.00000000000000000000e+00  2.10182597883591237159e-03  1.76397999999971204943e+02  1.83333034676237183191e-01  6.26666683733220208907e-02  4.26993333322258337148e+01  5.00000000000000027756e-02
1.00104166666666671404e+02  -1.35000479616305746333e+00  9.94850004796163034371e+02  6.54702973621095623002e+01  -6.33622909526888489218e-01  9.67481327581621444551e+04  1.12301898388116562273e+05  2.00000000000000000000e+00  2.03876523809518083244e-03  1.76415999999913623242e+02  2.01999104028673354128e-01  5.20000051199878687846e-02  4.33919999966760912002e+01  7.99990400096468878832e-02
1.00111111111111114269e+02  -1.35000799360577738994e+00  9.94980003197442329110e+02  6.55999632294134187305e+01  -4.66048580954151137057e-01  8.70251822554414393380e+04  1.03465466112911031814e+05  2.00000000000000000000e+00  1.96648349206345399165e-03  1.74837333338383729142e+02  2.27332522653697854942e-01  5.00000000000000027756e-02  4.36466666658519528710e+01  5.00000000000000027756e-02
1.00118055555555557135e+02  -1.37000000000000010658e+00  9.95209884892087870867e+02  6.61396994404516078703e+01  -1.24565121587271199211e+00  7.73022317527207196690e+04  9.46290338377055159071e+04  2.00000000000000000000e+00  1.89420174603172693402e-03  1.73258666669191853771e+02  2.52666261326848939905e-01  5.00000000000000027756e-02  4.39013333329259722859e+01  1.59999424004560297785e-01
1.00125000000000000000e+02  -1.48999999999999999112e+00  9.95230000000000018190e+02  6.40400000000000062528e+01  -1.65154099999999992576e+00  6.75792812500000000000e+04  8.57926015625000000000e+04  2.00000000000000000000e+00  1.82192000000000009323e-03  1.71680000000000006821e+02  2.78000000000000024869e-01  5.00000000000000027756e-02  4.41559999999999988063e+01  5.00000000000000027756e-02
1.00131944444444442865e+02  -1.57000639488400861588e+00  9.95279999999999972715e+02  6.61097633892916860532e+01  -1.86202126666638889674e+00  7.54864036311033705715e+04  8.64997812486826151144e+04  2.00000000000000000000e+00  1.79505161375662102875e-03  1.74192000004018126447e+02  2.88000160002559679739e-01  5.00000000000000027756e-02  4.44773333338473264575e+01  5.00000000000000027756e-02
1.00138888888888885731e+02  -1.71001119104808796401e+00  9.95549980815346089003e+02  6.61401534772309247501e+01  -2.39226909206436744171e+00  8.33935260122067411430e+04  8.72069609348652302288e+04  2.00000000000000000000e+00  1.76818322751324174744e-03  1.76704000008036274494e+02  2.98000320005119279099e-01  5.00000000000000027756e-02  4.47986666676946541088e+01  1.69999728000414074280e-01
1.00145833333333328596e+02  -1.96001918465222946253e+00  9.95540091127098094148e+02  6.59399760191847121860e+01  -2.41726780000135965665e+00  9.13006483933101117145e+04  8.79141406210478453431e+04  2.00000000000000000000e+00  1.74131484126986268296e-03  1.79215999992718735712e+02  3.07998176058370709551e-01  5.00000000000000027756e-02  4.51200000001055698817e+01  1.29999664003376397270e-01
1.00152777777777771462e+02  -2.06998721023157372656e+00  9.95769993605115814717e+02  6.67199136690631178226e+01  -2.85966349840545497329e+00  9.92087656102627952350e+04  9.41663020716820901725e+04  2.00000000000000000000e+00  1.68948164021169577875e-03  1.77698666664240619184e+02  2.69999392019482808980e-01  5.00000000000000027756e-02  4.51420000000351748781e+01  5.00000000000000027756e-02
1.00159722222222228538e+02  -2.12999999999999989342e+00  9.95869990407673640220e+02  6.65200223820947371678e+01  -2.45829253650683776655e+00  1.07116882827237204765e+05  1.00418463553317909827e+05  2.00000000000000000000e+00  1.63703455026451244296e-03  1.76181333335759376268e+02  2.32000607980517165041e-01  5.00000000000000027756e-02  4.51639999999648225071e+01  5.00000000000000027756e-02
1.00166666666666671404e+02  -2.26001438848917191038e+00  9.96069971223021752849e+02  6.70699760191847076385e+01  -2.58359806190768725997e+00  1.15025000028925816878e+05  1.06670625050610717153e+05  2.00000000000000000000e+00  1.58458746031743666002e-03  1.74664000007281259741e+02  1.94001823941629264469e-01  5.00000000000000027756e-02  4.51859999998944275035e+01  1.19999856001447025022e-01
1.00173611111111114269e+02  -2.39000000000000012434e+00  9.96110003197442324563e+02  6.73100159872115568760e+01  -2.53964552380852692792e+00  1.20200843769283877918e+05  1.15726661492073821137e+05  2.00000000000000000000e+00  1.55932777777777328496e-03  1.76023999995649148786e+02  1.86000256004095421147e-01  5.00000000000000027756e-02  4.53519999994689371192e+01  1.99999616000584606867e-01
1.00180555555555557135e+02  -2.45998721023198285707e+00  9.96299904076739835546e+02  6.78996930455676022120e+01  -2.20405239047608025871e+00  1.25376687509641938959e+05  1.24782697933536910568e+05  2.00000000000000000000e+00  1.53543888888889074225e-03  1.77383999997824588490e+02  1.78000128002047730558e-01  5.00000000000000027756e-02  4.55179999997344708618e+01  8.00004479964531028946e-02
1.00187500000000000000e+02  -2.52999999999999980460e+00  9.96470000000000027285e+02  6.84000000000000056843e+01  -2.24015399999999997860e+00  1.30552531250000000000e+05  1.33838734375000000000e+05  2.00000000000000000000e+00  1.51155000000000819954e-03  1.78743999999999999773e+02  1.70000000000000012212e-01  5.00000000000000027756e-02  4.56839999999999974989e+01  5.00000000000000027756e-02
1.00194444444444442865e+02  -2.64002557953603389507e+00  9.96580108713028153034e+02  6.77700831334921076632e+01  -2.08622805396900901087e+00  1.42823203102141298587e+05  1.55285708293380361283e+05  2.00000000000000000000e+00  1.47712444444445803113e-03  1.77819333331854267044e+02  1.92667029339135181809e-01  5.00000000000000027756e-02  4.55399999997696625087e+01  1.59999232006080405188e-01
1.00201388888888885731e+02  -2.77000000000000001776e+00  9.96669995203836492692e+02  6.93798449240479158107e+01  -1.49972148888978407122e+00  1.55093874954282597173e+05  1.76732682211760722566e+05  2.00000000000000000000e+00  1.44188138888890339355e-03  1.76894666663708534315e+02  2.15334058678270351406e-01  5.00000000000000027756e-02  4.53959999995393204131e+01  6.00000639999025697779e-02
1.00208333333333328596e+02  -2.90003357314140153278e+00  9.97059918465227951856e+02  6.91000719424458509366e+01  -2.76612185716261393953e-01  1.67364546806423924863e+05  1.98179656130141054746e+05  2.00000000000000000000e+00  1.40999730158728581696e-03  1.75970000010640376331e+02  2.38003007903739460804e-01  5.00000000000000027756e-02  4.52519999993825692286e+01  5.00000000000000027756e-02
1.00215277777777771462e+02  -2.95999680255789332506e+00  9.97020006394884148904e+02  7.02000895283789816403e+01  2.23467717142397281904e+00  2.05630416595356131438e+05  2.60396906134054763243e+05  2.00000000000000000000e+00  1.44473275132272625972e-03  1.78187333336878623413e+02  3.00667669301203754895e-01  5.00000000000000027756e-02  4.51233333331276114109e+01  1.39999776001773462708e-01
1.00222222222222228538e+02  -2.95999999999999996447e+00  9.96990051159073686904e+02  6.97800927258210919035e+01  9.04566651429898804793e+00  2.43896286529643868562e+05  3.22614156365945236757e+05  2.00000000000000000000e+00  1.47946820105823782614e-03  1.80404666663121389547e+02  3.63332330698796224233e-01  5.00000000000000027756e-02  4.49946666668723906923e+01  1.59999936000506715050e-01
1.00229166666666671404e+02  -3.01999520383694264325e+00  9.97159918465227974593e+02  7.06398465227821645840e+01  1.76525141428703236102e+01  2.82162156593419902492e+05  3.84831406473420618568e+05  2.00000000000000000000e+00  1.51439476190479583445e-03  1.82621999989359636629e+02  4.25996992096260518323e-01  5.00000000000000027756e-02  4.48660000006174328746e+01  1.70000479995176589920e-01
1.00236111111111114269e+02  -3.06999840127884437990e+00  9.97280003197442283636e+02  7.10500495603558164248e+01  2.98851214444550521421e+01  3.43612041895613307133e+05  4.24809208482280431781e+05  2.00000000000000000000e+00  1.55709317460319719706e-03  1.83026666665372090392e+02  3.82001408022524802099e-01  5.00000000000000027756e-02  4.50119999995329251874e+01  1.60000143999780797266e-01
1.00243055555555557135e+02  -3.08000639488400862476e+00  9.97320089528376115595e+02  7.08501087130281348436e+01  4.44615194603214050062e+01  4.05061927197806653567e+05  4.64787010491140186787e+05  2.00000000000000000000e+00  1.59979158730159855967e-03  1.83431333332686051563e+02  3.38000704011262365078e-01  5.00000000000000027756e-02  4.51579999997664600642e+01  2.90000127998986556577e-01
1.00250000000000000000e+02  -2.99000000000000021316e+00  9.97549999999999954525e+02  7.00799999999999982947e+01  6.15933199999999985152e+01  4.66511812500000000000e+05  5.04764812500000000000e+05  2.00000000000000000000e+00  1.64248999999999992228e-03  1.83836000000000012733e+02  2.93999999999999983569e-01  5.00000000000000027756e-02  4.53040000000000020464e+01  2.99999999999999988898e-01
1.00256944444444442865e+02  -2.87999999999999989342e+00  9.97520121502796087043e+02  6.98300447641880595029e+01  7.97007199999952291591e+01  5.68258749810458393767e+05  6.11309916468186769634e+05  2.00000000000000000000e+00  1.61709317460318130824e-03  1.83764666666552585639e+02  2.41999167986689883714e-01  5.00000000000000027756e-02  4.52459999999072266519e+01  2.20000831993412887533e-01
1.00263888888888885731e+02  -2.85999200639422257453e+00  9.97809995203836479050e+02  6.96899952038365313456e+01  9.91184031269676779630e+01  6.70005687120916787535e+05  7.17855020436373422854e+05  2.00000000000000000000e+00  1.59169634920636269421e-03  1.83693333333105130123e+02  1.89998335973379783859e-01  5.00000000000000027756e-02  4.51879999998144512574e+01  2.40000015999975641057e-01
1.00270833333333328596e+02  -2.70998561151082784093e+00  9.97970081534772020859e+02  6.91400191846522318428e+01  1.19580587619022480794e+02  7.71752624431375297718e+05  8.24400124404560076073e+05  2.00000000000000000000e+00  1.56629952380954408017e-03  1.83621999984762481972e+02  1.38000000000000011546e-01  5.00000000000000027756e-02  4.51299999994753449073e+01  3.59999520004823436725e-01
1.00277777777777771462e+02  -2.66000959232631961626e+00  9.98259936051157865222e+02  6.92199584332526143271e+01  1.41582046349162908427e+02  8.72933499811443965882e+05  9.47957791436410159804e+05  2.00000000000000000000e+00  1.54505328042330285915e-03  1.80446666661589659952e+02  1.38000000000000011546e-01  5.00000000000000027756e-02  4.50206666664918557785e+01  3.39999680002533555268e-01
1.00284722222222228538e+02  -2.55998721023157393972e+00  9.98320015987210581443e+02  6.88099872102315828215e+01  1.64629018730203171117e+02  9.74114375188556034118e+05  1.07151545856358972378e+06  2.00000000000000000000e+00  1.52390910052908543082e-03  1.77271333338410357783e+02  1.38000000000000011546e-01  5.00000000000000027756e-02  4.49113333335081463815e+01  3.09999360005067003954e-01
1.00291666666666671404e+02  -2.44999040767388542861e+00  9.98490009592326146048e+02  6.82600239808152906562e+01  1.86647712857163725175e+02  1.07529525024711852893e+06  1.19507312488977797329e+06  2.00000000000000000000e+00  1.50276492063491115374e-03  1.74096000015237535763e+02  1.38000000000000011546e-01  5.00000000000000027756e-02  4.48020000005246572528e+01  2.39999999999999991118e-01
1.00298611111111114269e+02  -2.28999200639422273440e+00  9.98739979216624988112e+02  6.73799856115095963105e+01  2.09515558571455272840e+02  1.11951341683141235262e+06  1.17535054159318539314e+06  2.00000000000000000000e+00  1.44901977777775491964e-03  1.73194666669550173310e+02  1.38666645332992055639e-01  5.00000000000000027756e-02  4.47773333334122440874e+01  2.30000000000000009992e-01
1.00305555555555557135e+02  -2.22001918465202585651e+00  9.98889936051159907038e+02  6.72800383693040515709e+01  2.32824458412703535259e+02  1.16373158341570617631e+06  1.15562795829659258015e+06  2.00000000000000000000e+00  1.39363088888886754550e-03  1.72293333334775070398e+02  1.39333322666496034481e-01  5.00000000000000027756e-02  4.47526666667061263638e+01  2.59999168006587122459e-01
1.00312500000000000000e+02  -2.00000000000000000000e+00  9.99009999999999990905e+02  6.46599999999999965894e+01  2.55844999999999998863e+02  1.20794975000000000000e+06  1.13590537500000000000e+06  2.00000000000000000000e+00  1.34042857142856295001e-03  1.71391999999999995907e+02  1.40000000000000013323e-01  5.00000000000000027756e-02  4.47280000000000015348e+01  1.79999999999999993339e-01
1.00319444444444442865e+02  -1.74994884092793201447e+00  9.99050044764187987312e+02  6.31098848920878481294e+01  2.80915243809518869966e+02  1.28886837484925892204e+06  1.26530720809227414429e+06  2.00000000000000000000e+00  1.31540873015872829960e-03  1.72706000002101831114e+02  1.14666261326848928359e-01  5.00000000000000027756e-02  4.47360000000128010811e+01  1.30000511995946393951e-01
1.00326388888888885731e+02  -1.41001119104808791960e+00  9.99229995203836551809e+02  6.10299712230192028528e+01  3.03536149206324978422e+02  1.36978699969851784408e+06  1.39470904118454852141e+06  2.00000000000000000000e+00  1.29038888888889364918e-03  1.74020000004203666322e+02  8.93325226536978433955e-02  5.00000000000000027756e-02  4.47440000000255935220e+01  1.99999952000073089042e-01
1.00333333333333328596e+02  -1.35000959232611483785e+00  9.99439961630695620443e+02  6.02001151079133833832e+01  3.25276755238066641596e+02  1.45070562454777676612e+06  1.52411087427682266571e+06  2.00000000000000000000e+00  1.26459603174605044254e-03  1.75333999990668075952e+02  6.40002559918076141532e-02  6.20000006399984843197e-02  4.47520000005022708933e+01  1.69999904000964707773e-01
1.00340277777777771462e+02  -1.08999680255789366257e+00  9.99440028776979033864e+02  6.00102110311790255537e+01  3.48758183492013699833e+02  1.47814466661553247832e+06  1.64674983310478902422e+06  2.00000000000000000000e+00  1.22347169312172284091e-03  1.73389333330224019392e+02  6.93334186639322364032e-02  6.33333335466652463941e-02  4.48566666668340232604e+01  1.40000095999239959621e-01
1.00347222222222228538e+02  -8.79984012789467584525e-01  9.99600047961631617000e+02  5.67500575539579159567e+01  3.71265856825430091703e+02  1.50558370838446752168e+06  1.76938879189521097578e+06  5.89132864212316498254e+00  1.18234735449731088834e-03  1.71444666669775983792e+02  7.46665813360677665944e-02  6.46666664533347562704e-02  4.49613333331659816849e+01  1.49999648002786839518e-01
1.00354166666666671404e+02  -6.00009592326114726824e-01  9.99780019184652246622e+02  5.49100671462827989444e+01  3.93180397142884828554e+02  1.53302275051299226470e+06  1.89202775027582817711e+06  7.29062818223276121188e+00  1.14088476190471791415e-03  1.69500000009331927231e+02  7.99997440081923888444e-02  6.59999993600015183448e-02  4.50659999994977340521e+01  1.19999472005305779509e-01
1.00361111111111114269e+02  -2.39982414067290122928e-01  9.99830012789769284609e+02  5.22598992805672040163e+01  4.16709579841288302759e+02  1.62481508367532817647e+06  1.94138308351721870713e+06  3.77930056351869048115e+00  1.08566650793647878973e-03  1.71149333328056883374e+02  7.80000640010238555089e-02  6.60000000000000031086e-02  4.50113333335082188569e+01  1.09999872000194856558e-01
1.00368055555555557135e+02  6.39488400848570170965e-05  1.00006007673860801788e+03  4.92003900879245179567e+01  3.91285584761806319420e+02  1.71660741683766408823e+06  1.99073841675860946998e+06  2.00000000000000000000e+00  1.03044825396823944846e-03  1.72798666664028445439e+02  7.60000320005119189837e-02  6.60000000000000031086e-02  4.49566666667541099400e+01  1.39999232006080415180e-01
1.00375000000000000000e+02  4.29999999999999993339e-01  1.00017999999999994998e+03  4.54799999999999968736e+01  4.58797500000000013642e+02  1.80839975000000000000e+06  2.04009375000000000000e+06  2.00000000000000000000e+00  9.75229999999999998782e-04  1.74448000000000007503e+02  7.39999999999999963363e-02  6.60000000000000031086e-02  4.49020000000000010232e+01  1.49999999999999994449e-01
1.00381944444444442865e+02  6.30031974420042439888e-01  1.00019003197442009423e+03  4.46396035171914746797e+01  4.79096921269835775092e+02  1.87786616653725970536e+06  2.16424674976871861145e+06  2.00000000000000000000e+00  1.01675777777776674832e-03  1.74022666665986321277e+02  8.40001600025596373289e-02  6.53333332266668731503e-02  4.48586666665973510248e+01  5.00000000000000027756e-02
1.00388888888888885731e+02  9.69972821740357371567e-01  1.00037998561150959631e+03  4.24100079936057738905e+01  5.00324451111094049338e+02  1.94733258307451917790e+06  2.28839974953743768856e+06  2.00000000000000000000e+00  1.05828555555553360627e-03  1.73597333331972635051e+02  9.40003200051192644437e-02  6.46666664533337431919e-02  4.48153333331947010265e+01  6.00001279998051417763e-02
1.00395833333333328596e+02  1.31004796163057379843e+00  1.00046003836930447051e+03  4.01499520383694274983e+01  5.17539848095209549683e+02  2.01679899961177865043e+06  2.41255274930615630001e+06  2.00000000000000000000e+00  1.09981333333330024739e-03  1.73172000014021847392e+02  1.03998720040961917244e-01  6.39999952000113725425e-02  4.47720000009277541153e+01  5.00005759942118918615e-02
1.00402777777777771462e+02  1.32998081534736112275e+00  1.00074995203836840574e+03  3.95100607514000188303e+01  5.34530466984102758943e+02  2.06172141658295132220e+06  2.41561708332762261853e+06  2.00000000000000000000e+00  1.07964719576721882716e-03  1.76094000004671954684e+02  7.73329066803388198714e-02  5.39999984000106153514e-02  4.49653333336424481104e+01  1.49999808001520101852e-01
1.00409722222222228538e+02  1.68998081534736099840e+00  1.00088001918465261042e+03  3.70899904076736817160e+01  5.51141791746046692424e+02  2.10664383341704867780e+06  2.41868141667237738147e+06  2.00000000000000000000e+00  1.05796399470897911979e-03  1.79015999995328030536e+02  5.06670933196611758542e-02  5.00000000000000027756e-02  4.51586666663575471148e+01  8.99998400012667482128e-02
1.00416666666666671404e+02  1.93999999999999994671e+00  1.00099991366906499479e+03  3.62401199040764367965e+01  5.69391257619071438967e+02  2.15156625017574941739e+06  2.42174575013381196186e+06  2.00000000000000000000e+00  1.03628079365078386471e-03  1.81937999985978137829e+02  2.40012799590380854209e-02  5.00000000000000027756e-02  4.53519999990722411098e+01  7.00002879971059477349e-02
1.00423611111111114269e+02  2.03001918465386532731e+00  1.00113999360511536452e+03  3.41400255795384879320e+01  5.83780780158741436026e+02  2.18301400011716643348e+06  2.44568941675587464124e+06  2.00000000000000000000e+00  1.02976222222222113176e-03  1.83559333328146436770e+02  3.79995519928330166559e-02  5.00000000000000027756e-02  4.53913333332074984128e+01  5.00000000000000027756e-02
1.00430555555555557135e+02  2.36001918465202553676e+00  1.00132995523581200814e+03  3.26601790567522343167e+01  5.96889272698412241880e+02  2.21446175005858298391e+06  2.46963308337793732062e+06  2.00000000000000000000e+00  1.02400825396825449244e-03  1.85180666664073214633e+02  5.19997759964165168212e-02  5.00000000000000027756e-02  4.54306666666037486380e+01  9.00001279989866009856e-02
1.00437500000000000000e+02  2.68000000000000015987e+00  1.00139999999999997726e+03  3.16299999999999990052e+01  6.10078600000000051296e+02  2.24590950000000000000e+06  2.49357675000000000000e+06  2.00000000000000000000e+00  1.01825428571428785313e-03  1.86801999999999992497e+02  6.60000000000000031086e-02  5.00000000000000027756e-02  4.54699999999999988631e+01  5.99999999999999977796e-02
1.00444444444444442865e+02  2.90994244604392360287e+00  1.00149005755395603501e+03  3.13907034372409334821e+01  6.20818891111106267999e+02  2.43587749964611371979e+06  2.59970191646896908060e+06  2.00000000000000000000e+00  1.05314911111109642088e-03  1.83971333328805457086e+02  4.99997439959045802960e-02  5.00000000000000027756e-02  4.54673333333290656810e+01  5.00000000000000027756e-02
1.00451388888888885731e+02  2.98997601918266875387e+00  1.00158000959232697369e+03  3.21099856115096002895e+01  6.31749044603168840695e+02  2.62584549929222743958e+06  2.70582708293793816119e+06  2.00000000000000000000e+00  1.09119772222220643224e-03  1.81140666657610950097e+02  3.39994879918091644222e-02  5.00000000000000027756e-02  4.54646666666581396044e+01  1.29999808000292288446e-01
1.00458333333333328596e+02  3.20004316546751654826e+00  1.00170000000000004547e+03  3.11400143884891740242e+01  6.42143908571423025933e+02  2.81581349893834162503e+06  2.81195224940690677613e+06  2.00000000000000000000e+00  1.12988158730156404951e-03  1.78309999993361770976e+02  1.80017279447014059979e-02  5.00000000000000027756e-02  4.54620000006174365126e+01  1.69999328006752797871e-01
1.00465277777777771462e+02  3.11002557953685165870e+00  1.00167003836930518901e+03  3.24097985611472907408e+01  6.50628865396828246048e+02  2.97798633303111558780e+06  2.99177699966488685459e+06  2.00000000000000000000e+00  1.18116465608461909675e-03  1.76926666664454870670e+02  5.40005759815425784298e-02  5.00000000000000027756e-02  4.55906666668723943303e+01  5.00000000000000027756e-02
1.00472222222222228538e+02  3.30000639488421265710e+00  1.00190000639488414436e+03  3.14300863309368736509e+01  6.59634025396832043953e+02  3.14015916696888441220e+06  3.17160175033511314541e+06  2.00000000000000000000e+00  1.23244772486777931161e-03  1.75543333335545128193e+02  8.99994240184574245678e-02  5.00000000000000027756e-02  4.57193333331276079434e+01  9.99999680002533614109e-02
1.00479166666666671404e+02  3.52998081534777030654e+00  1.00204003357314138611e+03  3.13200479616305749175e+01  6.67294293809549230900e+02  3.30233200017941743135e+06  3.35142650027317227796e+06  2.00000000000000000000e+00  1.28376023809527992948e-03  1.74160000006638227887e+02  1.25998272055298593530e-01  5.00000000000000027756e-02  4.58479999993825657612e+01  1.89999904000964697781e-01
1.00486111111111114269e+02  3.46998401278844559315e+00  1.00218998561150965543e+03  3.06000447641923543074e+01  6.70096462063502031015e+02  3.33443608345294510946e+06  3.40030658351544803008e+06  2.00000000000000000000e+00  1.33627015873018662601e-03  1.76087333327167499419e+02  1.45999359989761462453e-01  5.00000000000000027756e-02  4.60593333326572462738e+01  1.59999856000219209395e-01
1.00493055555555557135e+02  3.82001918465202550124e+00  1.00219998721023205235e+03  3.00997953637117312553e+01  6.75922973650796620859e+02  3.36654016672647232190e+06  3.44918666675772424787e+06  2.00000000000000000000e+00  1.38878007936509332253e-03  1.78014666663583767559e+02  1.65999679994880716682e-01  5.00000000000000027756e-02  4.62706666663286227958e+01  2.69999104007093815305e-01
1.00500000000000000000e+02  3.77999999999999980460e+00  1.00216999999999995907e+03  2.99200000000000017053e+01  6.79094600000000014006e+02  3.39864425000000000000e+06  3.49806675000000000000e+06  2.00000000000000000000e+00  1.44129000000000001905e-03  1.79942000000000007276e+02  1.85999999999999998668e-01  5.00000000000000027756e-02  4.64819999999999993179e+01  2.20000000000000001110e-01
1.00506944444444442865e+02  4.01019184652025462157e+00  1.00233995523581199905e+03  2.90499552358119430551e+01  6.82253411111107880060e+02  3.36203941673485701904e+06  3.52872599994288571179e+06  2.00000000000000000000e+00  1.43336010582010794402e-03  1.79901333333268297565e+02  1.41999295988737589402e-01  5.00000000000000027756e-02  4.65780000001535583465e+01  6.00004479964530920699e-02
1.00513888888888885731e+02  4.38996802557689047575e+00  1.00235001598721157734e+03  2.80900463629135082044e+01  6.81907908888910583300e+02  3.32543458346971357241e+06  3.55938524988577142358e+06  2.04502236769285961060e+00  1.42543021164021586900e-03  1.79860666666536559433e+02  9.79985919774751801370e-02  5.00000000000000027756e-02  4.66740000003071173751e+01  1.89999776000341014104e-01
1.00520833333333328596e+02  4.53001438848917281632e+00  1.00250992805755413428e+03  2.78799808153477677308e+01  6.82904117619050339272e+02  3.28882975020457059145e+06  3.59004449982865713537e+06  2.00000000000000000000e+00  1.41750031746032379397e-03  1.79820000008564107929e+02  5.40011839621102190945e-02  5.00000000000000027756e-02  4.67699999996832858074e+01  1.70000239997588287189e-01
1.00527777777777771462e+02  4.51994884092629600758e+00  1.00256000319744202898e+03  2.80800063948842115735e+01  6.82340171111109157209e+02  3.11501400032391492277e+06  3.44808791693121055141e+06  2.00000000000000000000e+00  1.42916142857141574216e-03  1.81604666669520156574e+02  7.86670613206865848577e-02  5.00000000000000027756e-02  4.67039999998944779236e+01  2.49999648002786845069e-01
1.00534722222222228538e+02  4.41004796163159706879e+00  1.00262002238209470306e+03  2.78999552358105091798e+01  6.79092588571468013470e+02  2.94119824967608507723e+06  3.30613133306878944859e+06  2.00000000000000000000e+00  1.44130428571429447700e-03  1.83389333330479843198e+02  1.03332938679313424135e-01  5.00000000000000027756e-02  4.66380000001055279313e+01  1.69999872001013407896e-01
1.00541666666666671404e+02  4.76996163069554057756e+00  1.00284001918465230574e+03  2.76899904076738856418e+01  6.73504471428562851543e+02  2.76738249981278646737e+06  3.16417474742138758302e+06  2.00000000000000000000e+00  1.45344714285714849203e-03  1.85173999991435891843e+02  1.27998816037889789898e-01  5.00000000000000027756e-02  4.65720000003167200475e+01  1.10000287997105941629e-01
1.00548611111111114269e+02  5.07998241406729000857e+00  1.00315997761790379172e+03  2.75500543565192863582e+01  6.69943114285724618640e+02  2.73388341654185764492e+06  2.70277037328092474490e+06  2.00000000000000000000e+00  1.47245847222223034262e-03  1.83015333340239237714e+02  1.04000768012286248787e-01  5.00000000000000027756e-02  4.66326666664725877354e+01  1.39999968000048741201e-01
1.00555555555555557135e+02  5.32994244604392353182e+00  1.00313001278976798858e+03  2.70799296562759046481e+01  6.62470221269839157685e+02  2.70038433327092882246e+06  2.24136599914046237245e+06  2.00000000000000000000e+00  1.49181611111111854517e-03  1.80856666670119608398e+02  8.00003840061431215069e-02  5.00000000000000027756e-02  4.66933333332362892065e+01  1.60000000000000003331e-01
1.00562500000000000000e+02  5.16000000000000014211e+00  1.00324000000000000909e+03  2.67800000000000011369e+01  6.59152600000000006730e+02  2.66688525000000000000e+06  1.77996162500000000000e+06  2.00000000000000000000e+00  1.51132428571429302394e-03  1.78698000000000007503e+02  5.60000000000000011657e-02  5.00000000000000027756e-02  4.67539999999999977831e+01  5.00000000000000027756e-02
1.00569444444444442865e+02  5.23002557953603464114e+00  1.00332996163069594786e+03  2.75099936051159943418e+01  6.47740504126985342737e+02  2.62800416673909733072e+06  1.92075599973771814257e+06  2.00000000000000000000e+00  1.53277269841270002287e-03  1.80628666669754920804e+02  6.46668053355516914138e-02  5.00000000000000027756e-02  4.68340000001279648245e+01  1.79999680002533496426e-01
1.00576388888888885731e+02  5.58999040767306709654e+00  1.00340001278976922094e+03  2.72300383693077314717e+01  6.39332662222223802928e+02  2.58912308347819419578e+06  2.06155037447543605231e+06  3.49859016192833172099e+00  1.55422111111110702181e-03  1.82559333339509834104e+02  7.33336106711033747230e-02  5.00000000000000027756e-02  4.69140000002559318659e+01  1.09999984000024364494e-01
1.00583333333333328596e+02  5.64989928057579504639e+00  1.00346006714628288137e+03  2.70800911270980897427e+01  6.25386268571446976239e+02  2.55024200021729152650e+06  2.20234474921315396205e+06  2.00000000000000000000e+00  1.57736333333330759968e-03  1.84490000001318065870e+02  8.20012799590380814241e-02  5.00000000000000027756e-02  4.69940000002079472097e+01  2.09999520004823414521e-01
1.00590277777777771462e+02  5.57996802557893545327e+00  1.00358994884092635402e+03  2.75699200639473396279e+01  6.16492819047647913067e+02  2.49153800010939827189e+06  2.11353800016549602151e+06  2.00000000000000000000e+00  1.63409944444440355729e-03  1.84764666667105842635e+02  1.08667093319661178796e-01  5.00000000000000027756e-02  4.70373333334026213493e+01  7.99999360005066995072e-02
1.00597222222222228538e+02  5.39002877697895765863e+00  1.00370999040767367205e+03  2.77399904076736802949e+01  6.04418540952366242891e+02  2.43283399989060172811e+06  2.02473124983450374566e+06  2.00000000000000000000e+00  1.69083555555561574138e-03  1.85039333332894159412e+02  1.35332906680338815875e-01  5.00000000000000027756e-02  4.70806666665973807540e+01  8.00002879977198544381e-02
1.00604166666666671404e+02  5.64005755395668817442e+00  1.00392003836930439320e+03  2.88096211031184665785e+01  5.89397503809512500084e+02  2.37412999917096039280e+06  1.93592449940936523490e+06  2.00000000000000000000e+00  1.74589523809522769067e-03  1.85313999998681936177e+02  1.61998720040961941002e-01  5.00000000000000027756e-02  4.71239999997920548935e+01  1.00000047999517657771e-01
1.00611111111111114269e+02  5.42999680255768879533e+00  1.00384001758593274189e+03  2.83499424460384048530e+01  5.74769673809504524797e+02  2.22578570778064057231e+06  1.83023920793957682326e+06  2.00000000000000000000e+00  1.73278015873015180624e-03  1.84714000001919487204e+02  1.30667669349373738452e-01  5.00000000000000027756e-02  4.71180000000191938625e+01  8.00000799998782097244e-02
1.00618055555555557135e+02  5.94006394884008503965e+00  1.00395999360511598297e+03  2.79107354116609762684e+01  5.59330160634912090245e+02  2.07744141639032028615e+06  1.72455391646978841163e+06  2.00000000000000000000e+00  1.71966507936507592182e-03  1.84114000000959748604e+02  9.93338346746868716686e-02  5.00000000000000027756e-02  4.71120000000096013082e+01  1.40000255997973221955e-01
1.00625000000000000000e+02  6.21999999999999975131e+00  1.00401999999999998181e+03  2.72500000000000000000e+01  5.41466199999999957981e+02  1.92909712500000000000e+06  1.61886862500000000000e+06  2.00000000000000000000e+00  1.70655000000000003739e-03  1.83514000000000010004e+02  6.80000000000000048850e-02  5.00000000000000027756e-02  4.71060000000000016485e+01  1.30000000000000004441e-01
1.00631944444444442865e+02  6.03994884092793249408e+00  1.00389010871302809846e+03  2.79598017585957379083e+01  5.28395860952387238285e+02  1.87894633342675794847e+06  1.54642075013496121392e+06  2.00000000000000000000e+00  1.73319021164020461469e-03  1.79516666660272647960e+02  8.06668693365755473668e-02  5.00000000000000027756e-02  4.72860000002879274916e+01  1.49999488004053604939e-01
1.00638888888888885731e+02  6.02998561150960110666e+00  1.00394002078337507555e+03  2.77400079936057757379e+01  5.07692293015900531827e+02  1.82879554185351566412e+06  1.47397287526992242783e+06  2.00000000000000000000e+00  1.75983042328040919199e-03  1.75519333320545285915e+02  9.33337386731510898485e-02  5.00000000000000027756e-02  4.74660000005758462294e+01  9.00000639999025686677e-02
1.00645833333333328596e+02  6.18999040767388564177e+00  1.00400000959232613695e+03  2.75599472422063662691e+01  4.87295200000002012075e+02  1.77864475028027361259e+06  1.40152500040488340892e+06  2.00000000000000000000e+00  1.78647063492061376928e-03  1.71522000002025038157e+02  1.06000831973374745609e-01  5.00000000000000027756e-02  4.76460000007741939498e+01  5.00000000000000027756e-02
1.00652777777777771462e+02  5.80000639488421310119e+00  1.00408002238209473944e+03  2.78500319744210678152e+01  4.68692888571463242897e+02  1.64127483358932961710e+06  1.29494462519861827604e+06  2.00000000000000000000e+00  1.78056783068783778742e-03  1.71944000000674719786e+02  1.23333610657779757513e-01  5.00000000000000027756e-02  4.78073333335912877828e+01  2.19999520003800241863e-01
1.00659722222222228538e+02  6.12992645883155073960e+00  1.00412999040767363113e+03  2.79300351718631709730e+01  4.46781784761881340273e+02  1.50390491641067038290e+06  1.18836424980138172396e+06  2.00000000000000000000e+00  1.77386478835978348388e-03  1.72365999999325282488e+02  1.40666389342220254921e-01  5.00000000000000027756e-02  4.79686666664087155709e+01  1.60000255997973211963e-01
1.00666666666666671404e+02  6.16987529976050819158e+00  1.00416004316546752761e+03  2.76999952038369414709e+01  4.25589181904731447048e+02  1.36653499947605771013e+06  1.08178387445635371841e+06  2.00000000000000000000e+00  1.76716174603174305813e-03  1.72787999997974964117e+02  1.57999168026625252947e-01  5.00000000000000027756e-02  4.81299999992258094039e+01  1.10000000000000000555e-01
1.00673611111111114269e+02  6.27001598721155417593e+00  1.00436998081534613902e+03  2.81699552358076488190e+01  4.07239124603163361371e+02  1.27278333298403862864e+06  9.84506457970902440138e+05  2.00000000000000000000e+00  1.79099574074074552148e-03  1.76327999988675031773e+02  1.43333802674174948244e-01  5.00000000000000027756e-02  4.79966666670932227134e+01  1.40000079999878235260e-01
1.00680555555555557135e+02  6.04996163069594850015e+00  1.00444991047162397990e+03  2.81000767386081022892e+01  3.81427999682531833514e+02  1.17903166649201931432e+06  8.87229041485451278277e+05  2.00000000000000000000e+00  1.81636941798941605256e-03  1.79867999994337509406e+02  1.28666901337087469237e-01  5.00000000000000027756e-02  4.78633333335466062408e+01  8.00004479964531028946e-02
1.00687500000000000000e+02  6.20000000000000017764e+00  1.00437999999999999545e+03  2.87399999999999984368e+01  3.62850199999999972533e+02  1.08528000000000000000e+06  7.89951625000000000000e+05  2.00000000000000000000e+00  1.84174309523808680047e-03  1.83407999999999987040e+02  1.14000000000000004108e-01  5.00000000000000027756e-02  4.77299999999999968736e+01  1.70000000000000012212e-01
1.00694444444444442865e+02  6.08012789768016936875e+00  1.00443005755395597589e+03  2.85301726618682316428e+01  3.39965485396832434617e+02  9.89804708511191653088e+05  7.65972833378002746031e+05  2.00000000000000000000e+00  1.86273255555554771885e-03  1.79811999994247912582e+02  1.25333514669567602784e-01  5.00000000000000027756e-02  4.78226666668148894246e+01  5.99998080015200982440e-02
1.00701388888888885731e+02  6.27997282174035742486e+00  1.00452001758593269187e+03  2.88400223820961763010e+01  3.15618591904795380287e+02  8.94329417022383306175e+05  7.41994041756005492061e+05  2.00000000000000000000e+00  1.88338186111110250653e-03  1.76215999988495866546e+02  1.36667029339135159827e-01  5.00000000000000027756e-02  4.79153333336297890810e+01  1.10000111999829494613e-01
1.00708333333333328596e+02  6.13008153477197570425e+00  1.00472993764988029852e+03  2.91497793764993602394e+01  2.93811726666715912870e+02  7.98854125533574959263e+05  7.18015250134008238092e+05  2.00000000000000000000e+00  1.90345380952380545739e-03  1.72620000000252730388e+02  1.47999840005120231190e-01  5.00000000000000027756e-02  4.80080000003199174330e+01  9.00002879971059377429e-02
1.00715277777777771462e+02  6.15002557953685258241e+00  1.00482995523581053021e+03  2.92699360511578703381e+01  2.65085623809498201808e+02  7.49385479258854174986e+05  6.67176041761408327147e+05  2.00000000000000000000e+00  1.91207484126983497975e-03  1.72672666666750870945e+02  1.44666613335042354427e-01  5.00000000000000027756e-02  4.80746666667732611700e+01  1.99999840001266748768e-01
1.00722222222222228538e+02  6.09999040767368061466e+00  1.00491999360511579198e+03  2.91099904076736812897e+01  2.44634026349153799629e+02  6.99916833241145825014e+05  6.16336833238591672853e+05  2.00000000000000000000e+00  1.92069587301588206620e-03  1.72725333333249125189e+02  1.41333386664957649792e-01  5.00000000000000027756e-02  4.81413333332267399101e+01  1.49999808001520101852e-01
1.00729166666666671404e+02  6.01999040767388482465e+00  1.00497999520383700656e+03  2.85601247002394913466e+01  2.22441160952348582214e+02  6.50448187246331595816e+05  5.65497624832054832950e+05  2.00000000000000000000e+00  1.92925968253968753777e-03  1.72777999999747265747e+02  1.38000159994879773029e-01  5.00000000000000027756e-02  4.82079999996800836470e+01  1.10000047999517652775e-01
1.00736111111111114269e+02  5.84999520383653326405e+00  1.00509000000000003183e+03  2.89099424460384035740e+01  1.99317132222200257274e+02  6.05057989414221025072e+05  5.35446333221369888633e+05  2.00000000000000000000e+00  1.93549645502645822730e-03  1.73755333330206696019e+02  1.59332650655745561297e-01  5.00000000000000027756e-02  4.83133333329963576830e+01  5.00000000000000027756e-02
1.00743055555555557135e+02  5.74001278976801732057e+00  1.00507000000000005002e+03  2.91298848920878477031e+01  1.74602693650785397494e+02  5.59667791582110570744e+05  5.05395041610684944317e+05  2.00000000000000000000e+00  1.94173322751322913367e-03  1.74732666665103351988e+02  1.80666325327872800965e-01  5.00000000000000027756e-02  4.84186666664981757435e+01  8.00003839969598007364e-02
1.00750000000000000000e+02  5.69000000000000039080e+00  1.00502999999999997272e+03  2.91700000000000017053e+01  1.53507499999999993179e+02  5.14277593750000000000e+05  4.75343750000000000000e+05  2.00000000000000000000e+00  1.94797000000000004004e-03  1.75710000000000007958e+02  2.02000000000000012879e-01  5.00000000000000027756e-02  4.85240000000000009095e+01  5.00000000000000027756e-02
1.00756944444444442865e+02  5.47998081534797520931e+00  1.00507007034372418275e+03  2.99700127897680168587e+01  1.31711946984132765692e+02  4.88275500048438610975e+05  4.51256687544871121645e+05  2.00000000000000000000e+00  1.98139261904761027067e-03  1.76432000001154904112e+02  1.71999519992321103778e-01  5.00000000000000027756e-02  4.84373333331947080183e+01  1.30000063999493292721e-01
1.00763888888888885731e+02  5.18000799360577701691e+00  1.00518999520383658819e+03  3.00499792166249797276e+01  1.10318330317480857161e+02  4.62273406346877163742e+05  4.27169625089742243290e+05  2.00000000000000000000e+00  2.01481523809522028445e-03  1.77154000002309800266e+02  1.41999039984642194678e-01  5.00000000000000027756e-02  4.83506666663894080216e+01  5.00000000000000027756e-02
1.00770833333333328596e+02  5.04000000000000003553e+00  1.00525001918465227391e+03  3.03300431654675151094e+01  9.01266163333588963269e+01  4.36271312645315774716e+05  4.03082562634613364935e+05  2.00000000000000000000e+00  2.04823785714283029824e-03  1.77875999995537199538e+02  1.12001535950845693135e-01  5.00000000000000027756e-02  4.82639999991490284970e+01  1.99998896011093885150e-01
1.00777777777777771462e+02  4.79999999999999982236e+00  1.00529000319744204717e+03  3.11700223820947464048e+01  6.97901906666945706093e+01  4.09260729217002342921e+05  4.00651229171197570395e+05  2.00000000000000000000e+00  2.06627492063490196886e-03  1.76945999998513030960e+02  1.44000511983593398879e-01  5.00000000000000027756e-02  4.80866666663831310302e+01  5.00000000000000027756e-02
1.00784722222222228538e+02  4.43001278976842538526e+00  1.00544998081534743051e+03  3.21000447641894908202e+01  5.19794515872669791179e+01  3.82250145782997657079e+05  3.98219895828802429605e+05  2.00000000000000000000e+00  2.08393365079366336967e-03  1.76016000001486986548e+02  1.75999488016406580027e-01  5.00000000000000027756e-02  4.79093333336168711867e+01  2.49999264005827059876e-01
1.00791666666666671404e+02  4.24998561151082743237e+00  1.00545005275779362819e+03  3.30898561151082830634e+01  3.68888206666496500929e+01  3.55239562477568280883e+05  3.95788562487639777828e+05  2.00000000000000000000e+00  2.10159238095238920865e-03  1.75086000004462817969e+02  2.07998464049154285771e-01  5.00000000000000027756e-02  4.77320000008509737199e+01  8.99994240057881145223e-02
1.00798611111111114269e+02  3.99999040767306723865e+00  1.00570998401278848178e+03  3.33300191846538638174e+01  2.44456169841153467814e+01  3.51225739568378834520e+05  3.93576885408426518552e+05  2.00000000000000000000e+00  2.12808450000001115124e-03  1.76120666663356615800e+02  2.19999615993856867391e-01  5.00000000000000027756e-02  4.76140000003775014648e+01  1.29999920000121782504e-01
1.00805555555555557135e+02  3.54005755395607657476e+00  1.00581996802558001036e+03  3.42199232613918979951e+01  1.33210883174580771993e+01  3.47211916659189446364e+05  3.91365208329213259276e+05  2.00000000000000000000e+00  2.15502200000001033556e-03  1.77155333331678320974e+02  2.31999807996928431031e-01  5.00000000000000027756e-02  4.74960000001887507892e+01  1.20000255997973204192e-01
1.00812500000000000000e+02  3.24000000000000021316e+00  1.00603999999999996362e+03  3.49900000000000019895e+01  5.08647299999999980002e+00  3.43198093750000000000e+05  3.89153531250000000000e+05  2.00000000000000000000e+00  2.17974380952380827545e-03  1.78189999999999997726e+02  2.43999999999999994671e-01  5.00000000000000027756e-02  4.73780000000000001137e+01  1.10000000000000000555e-01
1.00819444444444442865e+02  2.98000639488400853594e+00  1.00601011510791215642e+03  3.55998721023198285707e+01  3.14807047624761290883e-02  2.99992890705485770013e+05  3.57328718809285550378e+05  2.00000000000000000000e+00  2.17590783068783051590e-03  1.80570666670474707871e+02  2.04666037323265437298e-01  5.00000000000000027756e-02  4.73266666665845576745e+01  9.99996160030402064800e-02
1.00826388888888885731e+02  2.81000479616346643397e+00  1.00624998241406728994e+03  3.59099856115095974474e+01  -2.55663941904584923748e+00  2.56787687660971569130e+05  3.25503906368571158964e+05  2.00000000000000000000e+00  2.17207185185185232268e-03  1.82951333340949446438e+02  1.65332074646530852169e-01  5.00000000000000027756e-02  4.72753333331691081298e+01  1.30000063999902576439e-01
1.00833333333333328596e+02  2.51000959232611453587e+00  1.00627003836930441594e+03  3.71099568345324826169e+01  -3.76237331428473931183e+00  2.13582484616457368247e+05  2.93679093927856709342e+05  2.00000000000000000000e+00  2.17077920634918368481e-03  1.85331999985066374848e+02  1.26000575981567136674e-01  5.00000000000000027756e-02  4.72239999996960762019e+01  1.29999856001447033904e-01
1.00840277777777771462e+02  2.34000639488421269263e+00  1.00645001598721057690e+03  3.75200383693052827994e+01  -4.07444523174578776548e+00  2.06528442721478932071e+05  2.69475229211771860719e+05  2.00000000000000000000e+00  2.21992933862430333672e-03  1.82219999995024238615e+02  1.38000191993847526328e-01  5.00000000000000027756e-02  4.71606666665653975201e+01  1.99999392004813675294e-01
1.00847222222222228538e+02  2.08001278976842618462e+00  1.00654999999999995453e+03  3.81299456434841914643e+01  -4.18343635872889674232e+00  1.99474401028521067929e+05  2.45271364538228110177e+05  2.00000000000000000000e+00  2.26907947089952316891e-03  1.79108000004975764341e+02  1.49999808006152479667e-01  5.00000000000000027756e-02  4.70973333334345980461e+01  1.00000031999746649691e-01
1.00854166666666671404e+02  2.17997122302165591279e+00  1.00678993285371711863e+03  3.82299568345324800589e+01  -4.16462861428509878436e+00  1.92420359315852430882e+05  2.21067499928102944978e+05  2.00000000000000000000e+00  2.31735714285715311417e-03  1.75996000014933628108e+02  1.61999424018432869321e-01  5.00000000000000027756e-02  4.70340000003039193643e+01  9.99995200048234417212e-02
1.00861111111111114269e+02  1.97999360511537814133e+00  1.00689998081534611174e+03  3.85499840127884425556e+01  -4.29252940793483972470e+00  1.81836781210568296956e+05  2.08202593702068639686e+05  2.00000000000000000000e+00  2.33015476190476895565e-03  1.74032000006283141147e+02  1.65333226664960253327e-01  5.00000000000000027756e-02  4.59746666700556332330e+01  5.00000000000000027756e-02
1.00868055555555557135e+02  1.96990407673987277803e+00  1.00704991047162388895e+03  3.79500000000000028422e+01  -3.91463449841243660288e+00  1.71253203105284133926e+05  1.95337687476034334395e+05  2.00000000000000000000e+00  2.34295238095238436346e-03  1.72068000003141577281e+02  1.68666613332480119780e-01  5.00000000000000027756e-02  4.49153333350278174407e+01  1.09999040007600495938e-01
1.00875000000000000000e+02  1.72999999999999998224e+00  1.00694000000000005457e+03  3.82100000000000008527e+01  -3.94392100000000001003e+00  1.60669625000000000000e+05  1.82472781250000000000e+05  2.00000000000000000000e+00  2.35575000000000020495e-03  1.70104000000000013415e+02  1.71999999999999986233e-01  5.00000000000000027756e-02  4.38560000000000016485e+01  1.90000000000000002220e-01
1.00881944444444442865e+02  1.41996163069594905082e+00  1.00704008313349208947e+03  3.86200319744200371019e+01  -4.68431274603181968530e+00  1.49066518250781780807e+05  1.95591437475561629981e+05  2.00000000000000000000e+00  2.38809788359787503881e-03  1.70846000001186894224e+02  1.61999839997440359118e-01  5.00000000000000027756e-02  4.40086666669108694805e+01  9.99990400076005148122e-02
1.00888888888888885731e+02  1.22001598721155435356e+00  1.00718998880895196635e+03  3.98699984012788419818e+01  -4.35277397460337756030e+00  1.37463411501563561615e+05  2.08710093701123230858e+05  2.00000000000000000000e+00  2.42044576719574987267e-03  1.71588000002373775033e+02  1.51999679994880704248e-01  5.00000000000000027756e-02  4.41613333338217373125e+01  5.00000000000000027756e-02
1.00895833333333328596e+02  1.08000000000000007105e+00  1.00729996642685853203e+03  3.88200287769783471958e+01  -4.37629419523806983960e+00  1.25860304752345327870e+05  2.21828749926684831735e+05  3.95010816888204718822e+00  2.45279365079362514021e-03  1.72330000002069851917e+02  1.42000959969278556239e-01  5.00000000000000027756e-02  4.43140000034774743654e+01  1.50000095999035298888e-01
1.00902777777777771462e+02  1.15001278976842580271e+00  1.00728997761790526511e+03  3.90599776179052540215e+01  -4.23700850793561301089e+00  1.35536822898633952718e+05  2.01768296912383753806e+05  2.00000000000000000000e+00  2.48802370370366631586e-03  1.72761333334022992858e+02  1.62000319989745872329e-01  5.00000000000000027756e-02  4.50386666678253320129e+01  8.99999680002533525291e-02
1.00909722222222228538e+02  1.08998721023157418841e+00  1.00734998721023157486e+03  4.05600607514000230935e+01  -3.50244660634591031823e+00  1.45213341163866047282e+05  1.81707843712616246194e+05  4.74492730353420810729e+00  2.52332462962965523717e-03  1.73192666665977014873e+02  1.81999680010254127893e-01  5.00000000000000027756e-02  4.57633333321746675892e+01  1.10000223998226551170e-01
1.00916666666666671404e+02  1.01002877697834425597e+00  1.00746003836930447051e+03  4.16199760191847119017e+01  -3.90531246190496705850e+00  1.54889859383024071576e+05  1.61647390602843806846e+05  2.15016943634439572364e+00  2.55862555555557173378e-03  1.73623999997930155814e+02  2.01999040030721443983e-01  5.00000000000000027756e-02  4.64879999965225252367e+01  1.29999760002411729465e-01
1.00923611111111114269e+02  8.19995203836533570474e-01  1.00753998241406725356e+03  4.20800207833750192776e+01  -4.38038153650683792506e+00  1.56325645838682714384e+05  1.57682869776895880932e+05  2.83346787782185982607e+00  2.50201944444443293708e-03  1.73191333334717484149e+02  1.92666965338111340067e-01  5.00000000000000027756e-02  4.34653333430032873252e+01  1.69999936000097440214e-01
1.00930555555555557135e+02  5.00044764188059431831e-01  1.00749991047162393443e+03  4.27700127897680175693e+01  -4.07445881904762963188e+00  1.57761432294341357192e+05  1.53718348950947925914e+05  2.00000000000000000000e+00  2.44077936507936963870e-03  1.72758666667358738778e+02  1.83333482669055664038e-01  5.00000000000000027756e-02  4.04426666715016480680e+01  7.00000000000000066613e-02
1.00937500000000000000e+02  5.20000000000000017764e-01  1.00752999999999997272e+03  4.35600000000000022737e+01  -3.62713999999999980872e+00  1.59197218750000000000e+05  1.49753828125000000000e+05  2.29264427174040630319e+00  2.37953928571430677399e-03  1.72325999999999993406e+02  1.73999999999999988010e-01  5.00000000000000027756e-02  3.74200000000000017053e+01  1.70000000000000012212e-01
1.00944444444444442865e+02  -1.09003197442004240436e+00  1.00759000639488408524e+03  4.45704284572285658328e+01  -4.07384727619072251059e+00  1.85784900992137205321e+05  1.76667677033196261618e+05  2.64318072640939538687e+00  2.54805055555548361571e-03  1.74050666669425396549e+02  1.71333290665984100398e-01  5.00000000000000027756e-02  3.84286666682801012485e+01  5.00000000000000027756e-02
1.00951388888888885731e+02  -1.10997601918266841636e+00  1.00763001278976923913e+03  4.59100015987211520496e+01  -3.03441687301689055900e+00  2.12372583234274410643e+05  2.03581525941392523237e+05  2.82985860791995502694e+00  2.73438736111103388587e-03  1.75775333338850799691e+02  1.68666581331968185031e-01  5.00000000000000027756e-02  3.94373333365602078970e+01  5.00000000000000027756e-02
1.00958333333333328596e+02  -4.40000000000000002220e-01  1.00781996163069561590e+03  4.56498944844127336751e+01  -2.61662138571490121564e+00  2.38960265476411615964e+05  2.30495374849588784855e+05  2.00000000000000000000e+00  2.91426412698410353119e-03  1.77500000009027985470e+02  1.66002879907835687590e-01  5.00000000000000027756e-02  4.04460000049778685138e+01  8.99999520004823444497e-02
1.00965277777777771462e+02  -5.90038369305277754506e-01  1.00775002238209469851e+03  4.49201023181474070611e+01  -2.21216592063394390522e+00  2.84167479082420584746e+05  2.60559843693973205518e+05  4.39343730870783666376e+00  2.96601677248673530757e-03  1.79381333336341384666e+02  2.26000959969237635860e-01  5.00000000000000027756e-02  4.14833333349919186617e+01  7.00004159967064498726e-02
1.00972222222222228538e+02  -5.30060751400023177915e-01  1.00787999680255791191e+03  4.56200319744210602835e+01  -2.22741392381013403323e+00  3.29374692792579415254e+05  2.90624312556026794482e+05  6.02043010971797798447e+00  3.01776941798947290208e-03  1.81262666663658620791e+02  2.85999040030762374798e-01  5.00000000000000027756e-02  4.25206666650080791214e+01  7.00001599987332551178e-02
1.00979166666666671404e+02  -5.29990407673885277617e-01  1.00794002877697835174e+03  4.47700287769783500380e+01  -2.52479842380960084469e+00  3.74581906150809547398e+05  3.20688781183785584290e+05  3.76114664046201596648e+00  3.07152896825407589407e-03  1.83143999990972019987e+02  3.45997120092164323069e-01  5.00000000000000027756e-02  4.35579999950221292693e+01  6.00001439985529683163e-02
1.00986111111111114269e+02  -6.20020783375020756445e-01  1.00805998721023070175e+03  4.54700255795384862267e+01  -2.05389043650765179549e+00  3.56833249933873012196e+05  3.08840697872523742262e+05  7.81675051472728199542e+00  3.20690264550271744021e-03  1.84175999996698493533e+02  3.81332202648578533211e-01  5.00000000000000027756e-02  4.24720000034742710682e+01  1.59999952000073081271e-01
1.00993055555555557135e+02  -7.70038369304050895892e-01  1.00816992326139188663e+03  4.54200063948840124795e+01  -2.00245928253972449440e+00  3.39084593716936535202e+05  2.96992614561261842027e+05  3.87936752213300373171e+00  3.34227632275135855267e-03  1.85207999998349237103e+02  4.16666101324289273045e-01  5.00000000000000027756e-02  4.13860000017371376657e+01  5.00000000000000027756e-02
1.01000000000000000000e+02  -6.99999999999999955591e-01  1.00801999999999998181e+03  4.40600000000000022737e+01  -1.77782499999999998863e+00  3.21335937500000000000e+05  2.85144531250000000000e+05  2.00000000000000000000e+00  3.47765000000000009880e-03  1.86240000000000009095e+02  4.52000000000000012879e-01  5.00000000000000027756e-02  4.02999999999999971578e+01  5.00000000000000027756e-02
