#                     time          SMEAR_TEMP_168.dat             SMEAR_PRESS.dat                SMEAR_RH.dat               SMEAR_SWR.dat                SA_tower.dat               SA_ground.dat                     NH3.dat                SMEAR_CS.dat            SMEAR_GAS_CO.dat           SMEAR_GAS_NO2.dat            SMEAR_GAS_NO.dat            SMEAR_GAS_O3.dat           SMEAR_GAS_SO2.dat
1.07000000000000000000e+02  6.58999999999999985789e+00  9.93690000000000054570e+02  1.00000000000000000000e+02  8.74144000000000032102e-01  -2.70263110351562500000e+03  3.10288027343750000000e+04  3.76856089306084314217e+01  1.23359000000000003372e-02  1.93219999999999998863e+02  7.43999999999999994671e-01  5.00000000000000027756e-02  2.83719999999999998863e+01  5.00000000000000027756e-02
1.07006944444444442865e+02  6.56999360511599217460e+00  9.93690038369304147636e+02  1.00000000000000000000e+02  1.58963895555532475079e+00  -7.39001187277842382173e+03  3.61858163966431384324e+04  3.81274558485980890055e+01  1.21266308201058749250e-02  1.94080000001375623242e+02  7.22666325327872782758e-01  5.00000000000000027756e-02  2.89173333342056331219e+01  5.00000000000000027756e-02
1.07013888888888885731e+02  6.57000319744231120467e+00  9.93550017585932664588e+02  1.00000000000000000000e+02  2.09395716349074101359e+00  -1.20773926420412226435e+04  4.13428300589112841408e+04  3.30906164857692601799e+01  1.19173616402117512475e-02  1.94940000002751276043e+02  7.01332650655745570845e-01  5.00000000000000027756e-02  2.94626666684112663575e+01  5.00000000000000027756e-02
1.07020833333333328596e+02  6.64000959232611442928e+00  9.93529985611510824128e+02  1.00000000000000000000e+02  1.26583899999999993646e+00  -1.67647734113040205557e+04  4.64998437211794225732e+04  3.29577260069946476051e+01  1.17080924603176258353e-02  1.95799999991215145201e+02  6.79998464049154316413e-01  5.00000000000000027756e-02  3.00080000011197007836e+01  5.00000000000000027756e-02
1.07027777777777771462e+02  6.69999040767368114757e+00  9.93469993605115860191e+02  1.00000000000000000000e+02  1.78592502539662190131e+00  -1.49184866570864905952e+04  3.32584035077490625554e+04  3.09536824292331225195e+01  1.16825785185185396231e-02  1.93969333330406300320e+02  6.47999488016406610669e-01  5.00000000000000027756e-02  3.02413333337064074158e+01  5.00000000000000027756e-02
1.07034722222222228538e+02  6.68999040767368136073e+00  9.93509974420463095157e+02  1.00000000000000000000e+02  1.98066805079324392835e+00  -1.30721998663510094048e+04  2.00169631914696874446e+04  3.09076556922409118044e+01  1.16615831481481323217e-02  1.92138666669593703773e+02  6.16000511983593401766e-01  5.00000000000000027756e-02  3.04746666662935901115e+01  5.00000000000000027756e-02
1.07041666666666671404e+02  6.70002398081528749429e+00  9.93290023980815249161e+02  1.00000000000000000000e+02  1.94656134761886812079e+00  -1.12259131150496614282e+04  6.77552301615894975839e+03  2.76169081277141224007e+01  1.16405877777777683885e-02  1.90308000008784858892e+02  5.84001535950845696021e-01  5.00000000000000027756e-02  3.07079999988802967437e+01  1.49999664003376387278e-01
1.07048611111111114269e+02  6.68000639488462155668e+00  9.93180017585932660040e+02  1.00000000000000000000e+02  1.23816348888978411402e+00  -1.64351015819081076188e+04  1.87534762816059665056e+04  2.97395227143084710519e+01  1.16230918888888812290e-02  1.93163333324198703167e+02  5.82666709334015875399e-01  5.00000000000000027756e-02  3.03620000011069031132e+01  5.00000000000000027756e-02
1.07055555555555557135e+02  6.70001278976801728504e+00  9.93010070343724123632e+02  1.00000000000000000000e+02  1.44792348571422802017e+00  -2.16442900487665538094e+04  3.07314295470529832528e+04  2.63411498272478326044e+01  1.16057724444444381601e-02  1.96018666662099349196e+02  5.81333354667007862204e-01  5.00000000000000027756e-02  3.00160000005534541856e+01  8.00004479964531028946e-02
1.07062500000000000000e+02  6.71999999999999975131e+00  9.93110000000000013642e+02  1.00000000000000000000e+02  8.86986000000000052168e-01  -2.68534785156250000000e+04  4.27093828125000000000e+04  2.88215979658006844488e+01  1.16034166666667305778e-02  1.98873999999999995225e+02  5.79999999999999960032e-01  5.00000000000000027756e-02  2.96700000000000017053e+01  5.00000000000000027756e-02
1.07069444444444442865e+02  6.66999999999999992895e+00  9.93099948840927936544e+02  1.00000000000000000000e+02  8.61300999999999983281e-01  -8.79194013781300964183e+03  3.88428750072028124123e+04  3.01331889516468258705e+01  1.17939259259259403290e-02  2.02316000005505713943e+02  6.61334634687484990145e-01  5.00000000000000027756e-02  2.97026666667189225279e+01  7.99998720010133973490e-02
1.07076388888888885731e+02  6.66999520383653354827e+00  9.92910022382096144611e+02  1.00000000000000000000e+02  7.69369320635551301457e-01  9.26959823999898071634e+03  3.49763672019056248246e+04  2.17331134216577765983e+01  1.19844351851851483454e-02  2.05758000011011461083e+02  7.42669269374970020259e-01  5.00000000000000027756e-02  2.97353333334378397979e+01  1.19999920000121773622e-01
1.07083333333333328596e+02  6.71999999999999975131e+00  9.93039956834532404173e+02  1.00000000000000000000e+02  6.10801652381131932046e-01  2.73311366178109674365e+04  3.11098593966084335989e+04  2.16527580266111812080e+01  1.21776590476189352369e-02  2.09199999986893089954e+02  8.24007839749108184080e-01  5.00000000000000027756e-02  2.97679999975078644070e+01  5.00000000000000027756e-02
1.07090277777777771462e+02  6.66001278976842581159e+00  9.92780015987210504136e+02  1.00000000000000000000e+02  7.58398920633943873781e-01  2.14571650500089672278e+04  3.20673372377990199311e+04  2.24588804972926325831e+01  1.24247225396823604560e-02  2.06468666662299540349e+02  9.87335946582924672832e-01  5.00000000000000027756e-02  2.92486666658363105853e+01  5.00000000000000027756e-02
1.07097222222222228538e+02  6.65000959232631938534e+00  9.93009968025578928064e+02  1.00000000000000000000e+02  8.18200815871266029511e-01  1.55831933484285327722e+04  3.30248151059509764309e+04  2.08208136769402614163e+01  1.26717860317462939490e-02  2.03737333337700448510e+02  1.15066405341707533871e+00  5.00000000000000027756e-02  2.87293333341636909495e+01  5.00000000000000027756e-02
1.07104166666666671404e+02  6.62000959232611485561e+00  9.92870038369304438675e+02  1.00000000000000000000e+02  5.61603228571531221114e-01  9.70922169208813102159e+03  3.39822929569695843384e+04  1.88154093291075383831e+01  1.29293285714291144445e-02  2.01006000013106898905e+02  1.31399216025089193849e+00  5.00000000000000027756e-02  2.82100000024921371278e+01  5.00000000000000027756e-02
1.07111111111111114269e+02  6.65999520383653376143e+00  9.92870001598721160008e+02  1.00000000000000000000e+02  2.55503846031379766579e-01  1.19281302166004206811e+04  3.18743626223547216796e+04  1.89333217935008981669e+01  1.36130190476194106591e-02  1.99845333337046469069e+02  1.26666818135756464869e+00  5.00000000000000027756e-02  2.78593333344551687958e+01  5.00000000000000027756e-02
1.07118055555555557135e+02  6.74001278976801732057e+00  9.92770083133492107663e+02  1.00000000000000000000e+02  7.02625609523919503197e-01  1.41470387411127103405e+04  2.97664322877398590208e+04  1.84264879536976593499e+01  1.42967095238097051391e-02  1.98684666668523249200e+02  1.21933409067878217868e+00  5.00000000000000027756e-02  2.75086666672275867995e+01  7.99995520035469004361e-02
1.07125000000000000000e+02  6.70999999999999996447e+00  9.92710000000000036380e+02  1.00000000000000000000e+02  4.69606000000000023409e-01  1.63659472656250000000e+04  2.76585019531250000000e+04  2.25988918863098824374e+01  1.49803999999999996190e-02  1.97524000000000000909e+02  1.17199999999999993072e+00  5.00000000000000027756e-02  2.71580000000000012506e+01  5.00000000000000027756e-02
1.07131944444444442865e+02  6.67004476418805936078e+00  9.92690057553956080483e+02  1.00000000000000000000e+02  6.01999428571549088929e-01  1.84675325481683466933e+04  1.66485626832705311244e+04  1.64538150156985345518e+01  1.46280653439154369189e-02  1.98696000001874693908e+02  1.08399859197747505668e+00  5.00000000000000027756e-02  2.67759999993889650227e+01  9.99998080015201129545e-02
1.07138888888888885731e+02  6.69999520383653379696e+00  9.92680006394884571819e+02  1.00000000000000000000e+02  8.12058409523728097490e-01  2.05691178307116970245e+04  5.63862341341605861089e+03  1.63824944800510259313e+01  1.42757306878308759535e-02  1.99868000003749386906e+02  9.95997183954950404683e-01  5.00000000000000027756e-02  2.63939999987779252422e+01  5.99997280004140737253e-02
1.07145833333333328596e+02  6.65001438848917292290e+00  9.92600033573141445231e+02  1.00000000000000000000e+02  7.00801576190399289068e-01  2.26707031132550437178e+04  -5.37131585643840662669e+03  1.63260281817576142771e+01  1.39233960317463132533e-02  2.01039999985283913020e+02  9.07996448113669307745e-01  5.00000000000000027756e-02  2.60119999997088768851e+01  5.00000000000000027756e-02
1.07152777777777771462e+02  6.59000639488421313672e+00  9.92689964828136908181e+02  1.00000000000000000000e+02  4.24997746033780710029e-01  2.72786445226628493401e+04  4.18756345874900580384e+03  1.23903575134018364423e+01  1.41591949735447083375e-02  1.97973333328430072697e+02  8.33998816037940349233e-01  5.00000000000000027756e-02  2.59513333332363345107e+01  5.00000000000000027756e-02
1.07159722222222228538e+02  6.47999680255789378691e+00  9.92530022382094671229e+02  1.00000000000000000000e+02  1.16946663809491258057e+00  3.18865859460871506599e+04  1.37464428889072441962e+04  1.23768551055906037561e+01  1.44094562169313974986e-02  1.94906666671569922755e+02  7.60001183962059734256e-01  5.00000000000000027756e-02  2.58906666667636642387e+01  5.00000000000000027756e-02
1.07166666666666671404e+02  6.23000479616305824493e+00  9.92510052757793573619e+02  1.00000000000000000000e+02  5.59543771428468783569e-01  3.64945272369986487320e+04  2.33053222762819968921e+04  1.15543691266853159050e+01  1.46597174603175731816e-02  1.91840000014716082433e+02  6.86003551886330775744e-01  5.00000000000000027756e-02  2.58300000002911218644e+01  6.99995680043410950510e-02
1.07173611111111114269e+02  6.24000000000000021316e+00  9.92519979216624960827e+02  1.00000000000000000000e+02  9.53423936508445257765e-01  1.73929608663324324880e+04  2.52122330800213312614e+04  1.20390399245978318987e+01  1.40151805555554249266e-02  1.89549333340661519287e+02  6.90666517330944307318e-01  5.00000000000000027756e-02  2.53900000014076248078e+01  6.00000639999025697779e-02
1.07180555555555557135e+02  6.25002557953603421481e+00  9.92419904076739840093e+02  1.00000000000000000000e+02  1.16952100000000003277e+00  -1.70860550433378375601e+03  2.71191438837606656307e+04  1.02567026735426161110e+01  1.33255277777778301934e-02  1.87258666670330740089e+02  6.95333258665472131455e-01  5.00000000000000027756e-02  2.49500000007038131855e+01  5.00000000000000027756e-02
1.07187500000000000000e+02  6.19000000000000039080e+00  9.92350000000000022737e+02  1.00000000000000000000e+02  1.18664400000000003210e+00  -2.08101718750000000000e+04  2.90260546875000000000e+04  1.05637448299196190504e+01  1.26358750000002354602e-02  1.84967999999999989313e+02  6.99999999999999955591e-01  5.00000000000000027756e-02  2.45100000000000015632e+01  5.00000000000000027756e-02
1.07194444444444442865e+02  6.11997442046396589177e+00  9.92399904076739858283e+02  1.00000000000000000000e+02  7.88064942857321093506e-01  2.03222521786419019918e+03  3.01892356749164755456e+04  7.53138292494057814963e+00  1.17422652222225736701e-02  1.88902666672960435790e+02  7.18000288004607356562e-01  5.00000000000000027756e-02  2.43339999997184754932e+01  5.00000000000000027756e-02
1.07201388888888885731e+02  5.94000000000000039080e+00  9.92319987210230806340e+02  1.00000000000000000000e+02  1.30618763650602387472e+00  2.48746223107283803984e+04  3.13524166623329510912e+04  1.04066053729984613341e+01  1.08328311944448224535e-02  1.92837333345920910688e+02  7.36000576009214646511e-01  5.00000000000000027756e-02  2.41579999994369494232e+01  5.00000000000000027756e-02
1.07208333333333328596e+02  5.80999520383694179060e+00  9.92260043165467550352e+02  1.00000000000000000000e+02  1.92290463808995260031e+00  4.77170194035925815115e+04  3.25155976497494266368e+04  1.06260345942436789102e+01  9.96432587301589872686e-03  1.96772000020788055963e+02  7.54003327893498997980e-01  5.00000000000000027756e-02  2.39820000005854438996e+01  5.00000000000000027756e-02
1.07215277777777771462e+02  5.79999040767368079230e+00  9.92230051159073695999e+02  1.00000000000000000000e+02  3.99689428253903145105e+00  3.65139710495233302936e+04  3.68013111899300056393e+04  1.06266894394925994760e+01  9.90757322751326802157e-03  2.01104000006926384003e+02  8.23334442631118990086e-01  5.00000000000000027756e-02  2.41040000001950645014e+01  8.00001599987332501218e-02
1.07222222222222228538e+02  5.81999360511578700539e+00  9.92379974420463099705e+02  1.00000000000000000000e+02  4.78252720634916528297e+00  2.53109225051641733444e+04  4.10870247475699943607e+04  1.05421434683748405092e+01  9.85082058201052282453e-03  2.05435999993073608039e+02  8.92665557368880979716e-01  5.00000000000000027756e-02  2.42259999998049337933e+01  5.00000000000000027756e-02
1.07229166666666671404e+02  5.78999520383694221692e+00  9.92320014388489198609e+02  1.00000000000000000000e+02  8.20919694762585372416e+00  1.41078739951983916399e+04  4.53727382362236239715e+04  4.74507285405100009967e+00  9.78899357142835879753e-03  2.09767999979211936079e+02  9.61996672106500971822e-01  5.00000000000000027756e-02  2.43479999994145543951e+01  9.99996640033763983801e-02
1.07236111111111114269e+02  5.72000319744231067176e+00  9.92369987210230760866e+02  1.00000000000000000000e+02  1.06615712380976415119e+01  9.05490541737184321391e+03  3.73159381210240826476e+04  8.09123350689466036556e+00  9.52080904761890521593e-03  2.11235333328639114825e+02  9.18001408022524723052e-01  5.00000000000000027756e-02  2.40840000008445755952e+01  5.99997600003653666634e-02
1.07243055555555557135e+02  5.67000639488400803856e+00  9.92399961630695884196e+02  1.00000000000000000000e+02  1.94362800634969943303e+01  4.00193683954529842595e+03  2.92591380058245413238e+04  1.03448461216774791893e+01  9.25262452380945336905e-03  2.12702666664319536949e+02  8.74000704011262397053e-01  5.00000000000000027756e-02  2.38200000004222864902e+01  5.00000000000000027756e-02
1.07250000000000000000e+02  5.58000000000000007105e+00  9.92250000000000000000e+02  1.00000000000000000000e+02  2.23214900000000007196e+01  -1.05103173828125000000e+03  2.12023378906250000000e+04  1.20847634385360009901e+01  8.98443999999999978745e-03  2.14169999999999987494e+02  8.29999999999999960032e-01  5.00000000000000027756e-02  2.35560000000000009379e+01  8.00000000000000016653e-02
1.07256944444444442865e+02  5.50998081534797456982e+00  9.92340000000000031832e+02  1.00000000000000000000e+02  2.63368939682525642354e+01  5.76644627636240784341e+03  2.57520260331911777030e+04  1.38246807553945227909e+01  8.65944992063500708357e-03  2.14891333334487143247e+02  7.73999103985665959371e-01  5.00000000000000027756e-02  2.37660000003359108689e+01  5.00000000000000027756e-02
1.07263888888888885731e+02  5.32000639488462212512e+00  9.92420003197442269993e+02  1.00000000000000000000e+02  2.65015144920520206995e+01  1.25839242910060656868e+04  3.03017141757573554059e+04  1.55645980722530445917e+01  8.33445984127001437969e-03  2.15612666668974327422e+02  7.17998207971332069732e-01  5.00000000000000027756e-02  2.39760000006718207999e+01  5.00000000000000027756e-02
1.07270833333333328596e+02  5.19000959232611513983e+00  9.92380067146282840440e+02  1.00000000000000000000e+02  5.04454629999971970733e+01  1.94014023056497244397e+04  3.48514023183235331089e+04  1.73045153891115646161e+01  8.00946976190502167581e-03  2.16333999989570770595e+02  6.62004703849464970489e-01  5.00000000000000027756e-02  2.41859999963561698166e+01  5.00000000000000027756e-02
1.07277777777777771462e+02  5.17000319744210656836e+00  9.92470022382094725799e+02  1.00000000000000000000e+02  6.56204793332472746670e+01  2.51008723852120601805e+04  2.41813880407174874563e+04  1.90444327059700881932e+01  7.80978465608486542571e-03  2.14160666663191733505e+02  7.60001567949754819331e-01  5.00000000000000027756e-02  2.34266666654525756996e+01  5.00000000000000027756e-02
1.07284722222222228538e+02  5.09999999999999964473e+00  9.92679974420463054230e+02  1.00000000000000000000e+02  7.72715316507931220258e+01  3.08003424585379398195e+04  1.35113736780325125437e+04  2.07843500228321715895e+01  7.61318082010567932089e-03  2.11987333336808262629e+02  8.57998432050245174452e-01  5.00000000000000027756e-02  2.26673333345474254941e+01  5.00000000000000027756e-02
1.07291666666666671404e+02  4.99001438848917278079e+00  9.92659999999999968168e+02  1.00000000000000000000e+02  7.43628838571518002709e+01  3.64998124823197431397e+04  2.84135942056024759950e+03  2.25242673396906951666e+01  7.41657698412689480455e-03  2.09814000010429225540e+02  9.55995296150535023294e-01  5.39999971200068179522e-02  2.19080000036438313771e+01  1.19999616003858722291e-01
1.07298611111111114269e+02  4.96999999999999975131e+00  9.92690012789769298251e+02  1.00000000000000000000e+02  6.41832429206982908454e+01  3.33361939986298311851e+04  1.09936881814151638537e+04  2.42641846565492151910e+01  7.21762258333325142090e-03  2.07992000005828856501e+02  9.91998847981570563981e-01  6.46666632533397789384e-02  2.14200000015611848880e+01  5.00000000000000027756e-02
1.07305555555555557135e+02  4.92999999999999971578e+00  9.92849948840927936544e+02  1.00000000000000000000e+02  6.55013369841282866446e+01  3.01725755149399155925e+04  1.91460169422700819268e+04  3.25028560818487903816e+01  7.01854966666658978275e-03  2.06170000002914434845e+02  1.02799942399078525490e+00  7.53333316266698860275e-02  2.09320000007805901987e+01  5.00000000000000027756e-02
1.07312500000000000000e+02  4.74000000000000021316e+00  9.92700000000000045475e+02  1.00000000000000000000e+02  7.16389099999999956481e+01  2.70089570312500000000e+04  2.72983457031250000000e+04  9.13160904725125561754e+01  6.80593833333320141071e-03  2.04348000000000013188e+02  1.06400000000000005684e+00  8.59999999999999931166e-02  2.04439999999999990621e+01  5.00000000000000027756e-02
1.07319444444444442865e+02  4.67998081534797449876e+00  9.92800038369304047592e+02  1.00000000000000000000e+02  1.02510750158726423820e+02  2.47217630250940856058e+04  3.36889518110117787728e+04  1.13682943886999026972e+02  6.41883185185182243010e-03  2.04231999999814462399e+02  1.00133233065062632328e+00  7.86666654933355496970e-02  2.10306666676050824094e+01  5.00000000000000027756e-02
1.07326388888888885731e+02  4.66000639488462198301e+00  9.92680025579538437341e+02  1.00000000000000000000e+02  1.77910030634968705954e+02  2.24345690189381675737e+04  4.00795579188985648216e+04  1.23153147486770336627e+02  6.03172537037044431685e-03  2.04115999999628911610e+02  9.38664661301252589709e-01  7.13333309866710923997e-02  2.16173333352101657567e+01  5.00000000000000027756e-02
1.07333333333333328596e+02  4.71999520383694193271e+00  9.92750004796163011633e+02  1.00000000000000000000e+02  1.45458398571666464250e+02  2.01473750127822531795e+04  4.64701640267853508703e+04  1.04124396545127964941e+02  5.65037269841282049215e-03  2.03999999999315377863e+02  8.75994720168967955232e-01  6.39999952000113725425e-02  2.22040000054481474479e+01  5.00000000000000027756e-02
1.07340277777777771462e+02  4.77998401278946793980e+00  9.92849971223021043443e+02  1.00000000000000000000e+02  1.29929703174637324992e+02  1.41594878855077131448e+04  5.04921341070881753694e+04  9.57388576348148205852e+01  5.38313724867744113067e-03  2.03857333333105231077e+02  7.65998240056397716735e-01  5.39999984000106153514e-02  2.33393333351486091942e+01  5.00000000000000027756e-02
1.07347222222222228538e+02  4.79000319744210667494e+00  9.92889955235810475642e+02  1.00000000000000000000e+02  1.24849538412503406448e+02  8.17160073753916185524e+03  5.45141041741618246306e+04  1.03569167218897661087e+02  5.11590179894151533130e-03  2.03714666666894771652e+02  6.56001759943602325009e-01  5.00000000000000027756e-02  2.44746666648513908626e+01  5.00000000000000027756e-02
1.07354166666666671404e+02  4.97996642685859836064e+00  9.92580014388489189514e+02  1.00000000000000000000e+02  1.21909592857056779280e+02  2.18371362089359672609e+03  5.85360742881506375852e+04  9.92130261210868837907e+01  4.85375182539678207139e-03  2.03572000000684624865e+02  5.46005279831032086513e-01  5.00000000000000027756e-02  2.56099999945518526090e+01  8.00001439985529722021e-02
1.07361111111111114269e+02  4.98000639488462226723e+00  9.92640006394884608198e+02  1.00000000000000000000e+02  1.53202067936410713855e+02  1.79841650247073130231e+03  7.09542865046004299074e+04  9.05099391947854314822e+01  4.79841121693118811270e-03  2.04237999997869366098e+02  5.38000256004095400719e-01  5.00000000000000027756e-02  2.58333333326188565593e+01  1.19999776000341007443e-01
1.07368055555555557135e+02  5.10002557953603385954e+00  9.92789936051159884300e+02  1.00000000000000000000e+02  1.61515584761927044610e+02  1.41311938404786542378e+03  8.33724987210502149537e+04  7.68438002966125992543e+01  4.74307060846559415401e-03  2.04903999998934693849e+02  5.30000128002047765641e-01  5.00000000000000027756e-02  2.60566666663094288481e+01  5.00000000000000027756e-02
1.07375000000000000000e+02  5.07000000000000028422e+00  9.92740000000000009095e+02  1.00000000000000000000e+02  1.82829399999999992588e+02  1.02782226562500000000e+03  9.57907109375000000000e+04  6.93820980789094932106e+01  4.68773000000000019533e-03  2.05569999999999993179e+02  5.22000000000000019540e-01  5.00000000000000027756e-02  2.62800000000000011369e+01  5.00000000000000027756e-02
1.07381944444444442865e+02  5.18001278976801682319e+00  9.92809961630695852364e+02  1.00000000000000000000e+02  1.95432101904855784369e+02  1.08076308411564641574e+04  8.45540781459324207390e+04  6.76471647373544442416e+01  4.76909243386241209206e-03  2.03471333329976346249e+02  5.17333258665472195403e-01  5.26666683733301096981e-02  2.55699999988643043025e+01  6.99997440020268119065e-02
1.07388888888888885731e+02  5.05000639488462166327e+00  9.92790007993605740921e+02  1.00000000000000000000e+02  2.00443439999855911537e+02  2.05874394166879283148e+04  7.33174453543648269260e+04  6.69004162373643822548e+01  4.85045486772482398879e-03  2.01372666659952727741e+02  5.12666517330944371267e-01  6.33333367466602237261e-02  2.48599999977286039154e+01  5.00000000000000027756e-02
1.07395833333333328596e+02  5.12004316546751692130e+00  9.92800062350119674193e+02  1.00000000000000000000e+02  1.62586506666379932540e+02  3.03672479922193924722e+04  6.20808125627972403890e+04  6.66091977203678737851e+01  4.93181730158723675289e-03  1.99273999991135156051e+02  5.07999040030721493721e-01  7.39999968000075725172e-02  2.41500000018203131447e+01  8.99996160038587372787e-02
1.07402777777777771462e+02  5.37002238209474569430e+00  9.92959958433252609211e+02  1.00000000000000000000e+02  1.77000383492002924868e+02  3.80312187357177754166e+04  6.63756536378296586918e+04  4.37519734996059952437e+01  4.90732375661378540654e-03  1.97426666663712978789e+02  4.87999680010254122120e-01  6.73333322666737343898e-02  2.45293333339398458293e+01  5.00000000000000027756e-02
1.07409722222222228538e+02  5.50002557953685222714e+00  9.92790047961631557882e+02  1.00000000000000000000e+02  1.82795852380670595494e+02  4.56951894674072318594e+04  7.06704947996703413082e+04  3.48945255804352214568e+01  4.88022719576717591006e-03  1.95579333336287021439e+02  4.68000319989745894311e-01  6.06666677333262543970e-02  2.49086666660601530054e+01  5.00000000000000027756e-02
1.07416666666666671404e+02  5.46999520383694193271e+00  9.92940062350119774237e+02  1.00000000000000000000e+02  2.18167502381301773084e+02  5.33591601137743418803e+04  7.49653359564671409316e+04  3.46675244111486904330e+01  4.85313063492062192472e-03  1.93732000008864844176e+02  4.48000959969278578221e-01  5.40000031999924162696e-02  2.52879999981796856900e+01  5.00000000000000027756e-02
1.07423611111111114269e+02  5.68999840127884493057e+00  9.93059987210230701749e+02  1.00000000000000000000e+02  2.04025160793523610891e+02  4.57587734091828970122e+04  7.83592239709780988051e+04  4.08434407232428213774e+01  5.01656944444447711745e-03  1.97473333321364265203e+02  4.46666709334015921140e-01  5.00000000000000027756e-02  2.49626666677074560141e+01  5.00000000000000027756e-02
1.07430555555555557135e+02  5.59000639488400796751e+00  9.93030057553955998628e+02  1.00000000000000000000e+02  1.64591871745976391139e+02  3.81583867045914448681e+04  8.17531119854890421266e+04  3.45506818623072717855e+01  5.18961507936506558775e-03  2.01214666660682127031e+02  4.45333354667007963457e-01  5.00000000000000027756e-02  2.46373333338537285897e+01  7.99999360005066995072e-02
1.07437500000000000000e+02  5.50999999999999978684e+00  9.93259999999999990905e+02  1.00000000000000000000e+02  1.52348000000000013188e+02  3.05580000000000000000e+04  8.51470000000000000000e+04  3.20713281967901195912e+01  5.36266071428565492540e-03  2.04955999999999988859e+02  4.44000000000000005773e-01  5.00000000000000027756e-02  2.43120000000000011653e+01  5.00000000000000027756e-02
1.07444444444444442865e+02  5.56003836930405093142e+00  9.93369923261391932101e+02  1.00000000000000000000e+02  1.76184513968240764825e+02  2.78308763071636167297e+04  8.85371067645180010004e+04  3.41576325849086472886e+01  5.44819355555552480713e-03  2.04009333331819078694e+02  5.78668821367803065669e-01  5.13333357866620348942e-02  2.47080000006334330465e+01  8.99990400076005059304e-02
1.07451388888888885731e+02  5.58000319744231099151e+00  9.93240007993605786396e+02  1.00000000000000000000e+02  2.21297984285508192670e+02  2.51037526143272334593e+04  9.19272135290359874489e+04  3.59402283912474516114e+01  5.52693661111107806261e-03  2.03062666663638140108e+02  7.13337642735606181077e-01  6.66666715733240655695e-02  2.51040000012668613749e+01  5.00000000000000027756e-02
1.07458333333333328596e+02  5.55001918465222932042e+00  9.93379961630695561325e+02  1.00000000000000000000e+02  2.03620733333423373779e+02  2.23766289214908501890e+04  9.53173202935539884493e+04  3.50582088445329702608e+01  5.59621619047624436344e-03  2.02115999987910441860e+02  8.47993216217098111365e-01  8.19999968000075796226e-02  2.55000000039093599469e+01  8.99999999999999966693e-02
1.07465277777777771462e+02  5.68001598721053202468e+00  9.93469961630694797350e+02  1.00000000000000000000e+02  2.79648570476292093190e+02  3.18059023261780312168e+04  1.04569388003591593588e+05  2.61069253165859898047e+01  5.47780349206357722314e-03  1.99596666662638540402e+02  7.06664405405795781334e-01  7.53333322666737414952e-02  2.63146666679692309287e+01  5.00000000000000027756e-02
1.07472222222222228538e+02  5.80996482813682835200e+00  9.93379968025578932611e+02  1.00000000000000000000e+02  2.93057157142429275609e+02  4.12351757988219615072e+04  1.13821455746408406412e+05  2.86505895767376408401e+01  5.35939079365066808891e-03  1.97077333337361466192e+02  5.65335594594204238206e-01  6.86666677333262615024e-02  2.71293333320307681333e+01  5.00000000000000027756e-02
1.07479166666666671404e+02  6.08997122302165561081e+00  9.93350014388489171324e+02  1.00000000000000000000e+02  2.32988035237665201294e+02  5.06644492555362958228e+04  1.23073523442409001291e+05  3.06668524075861341771e+01  5.24067341269830819922e-03  1.94558000012089564734e+02  4.24006783782901797153e-01  6.20000031999924164361e-02  2.79439999960906391152e+01  5.99993760062704495351e-02
1.07486111111111114269e+02  5.97001758593270981379e+00  9.93370004796163470928e+02  1.00000000000000000000e+02  2.46049612381008756756e+02  5.72468099203575329739e+04  1.23951916669939339045e+05  3.65458183139415453411e+01  5.10956560846553917848e-03  1.96883999992558784697e+02  3.90001088017405517228e-01  6.73333316266698927999e-02  2.88346666638172912656e+01  5.00000000000000027756e-02
1.07493055555555557135e+02  6.00001918465202521702e+00  9.93379999999999995453e+02  1.00000000000000000000e+02  2.06115857777828523467e+02  6.38291705851787628490e+04  1.24830309897469662246e+05  2.80751337661236313181e+01  4.97845780423276929039e-03  1.99209999996279378820e+02  3.56000544008702735077e-01  7.26666658133349463444e-02  2.97253333319086472386e+01  9.00001279989866009856e-02
1.07500000000000000000e+02  6.20000000000000017764e+00  9.93370000000000004547e+02  1.00000000000000000000e+02  2.78666499999999984993e+02  7.04115312500000000000e+04  1.25708703125000000000e+05  2.74880141369396007178e+01  4.84735000000000026965e-03  2.01536000000000001364e+02  3.22000000000000008438e-01  7.79999999999999998890e-02  3.06159999999999996589e+01  1.10000000000000000555e-01
1.07506944444444442865e+02  6.31999360511599217460e+00  9.93399910471623911690e+02  1.00000000000000000000e+02  3.37913266349189598259e+02  6.74898333387760794722e+04  1.15345617206805109163e+05  2.70271377516439663680e+01  4.92398690476188432424e-03  2.01387999999763280812e+02  3.68000736011774354228e-01  6.06666638933385723997e-02  3.04026666663254232503e+01  1.09999424004560308887e-01
1.07513888888888885731e+02  6.33000319744231099151e+00  9.93369996802557693627e+02  1.00000000000000000000e+02  1.91877602698262990089e+02  6.45681354275521662203e+04  1.04982531288610218326e+05  1.86287985341577133624e+01  5.00062380952376837884e-03  2.01239999999526531838e+02  4.14001472023548644508e-01  5.00000000000000027756e-02  3.01893333326508468417e+01  5.00000000000000027756e-02
1.07520833333333328596e+02  6.31002398081528692586e+00  9.93429961630695515851e+02  1.00000000000000000000e+02  1.92311550952820851990e+02  6.16464375163282529684e+04  9.46194453704153274884e+04  2.03993651194005138905e+01  5.07726071428565330079e-03  2.01092000000419091066e+02  4.59999584013312645681e-01  5.00000000000000027756e-02  2.99759999999712078989e+01  5.00000000000000027756e-02
1.07527777777777771462e+02  6.26999999999999957367e+00  9.93290041566747390789e+02  1.00000000000000000000e+02  1.66205180634900756331e+02  5.34949375151907661348e+04  8.58130677247444982640e+04  1.66806787632464370574e+01  5.07530767195767552186e-03  2.01179333333472982304e+02  4.51333194671110105034e-01  5.00000000000000027756e-02  2.99699999999904065362e+01  5.00000000000000027756e-02
1.07534722222222228538e+02  6.23999680255789357375e+00  9.93489897681852653477e+02  1.00000000000000000000e+02  1.52096670475966902814e+02  4.53434374848092338652e+04  7.70066900877555017360e+04  1.93087841818629435409e+01  5.07142208994708701408e-03  2.01266666666527044072e+02  4.42666805328889911841e-01  5.00000000000000027756e-02  2.99640000000095909627e+01  5.00000000000000027756e-02
1.07541666666666671404e+02  6.26998081534777007562e+00  9.93280047961630543796e+02  1.00000000000000000000e+02  1.21434351428525488359e+02  3.71919375301216714433e+04  6.82003126309523358941e+04  1.86951029633271801345e+01  5.06753650793650631257e-03  2.01353999999580935309e+02  4.34000415986687371195e-01  5.00000000000000027756e-02  2.99580000000287896000e+01  5.00000000000000027756e-02
1.07548611111111114269e+02  6.20999680255768904402e+00  9.93289984012788409018e+02  1.00000000000000000000e+02  1.32588131587391018229e+02  4.25817630409144476289e+04  9.16322865456348954467e+04  1.55080958080591635451e+01  5.21038138888895146356e-03  2.01867333331691128251e+02  4.50666133324801210236e-01  5.00000000000000027756e-02  3.00679999996480944446e+01  5.00000000000000027756e-02
1.07555555555555557135e+02  6.34999999999999964473e+00  9.93289980815347917087e+02  1.00000000000000000000e+02  1.43574627301575958427e+02  4.79715885517072238144e+04  1.15064260460317454999e+05  1.51233020358264216298e+01  5.36062444444450249964e-03  2.02380666665845552643e+02  4.67333066662400598013e-01  5.00000000000000027756e-02  3.01779999998240455739e+01  9.99998720010134012348e-02
1.07562500000000000000e+02  6.37999999999999989342e+00  9.93120000000000004547e+02  1.00000000000000000000e+02  1.34876100000000008095e+02  5.33614140625000000000e+04  1.38496234375000000000e+05  1.67726949978563482091e+01  5.49366952380949367940e-03  2.02894000000000005457e+02  4.83999999999999985789e-01  5.00000000000000027756e-02  3.02880000000000002558e+01  5.00000000000000027756e-02
1.07569444444444442865e+02  6.27998081534797503167e+00  9.93259936051159911585e+02  1.00000000000000000000e+02  1.82006822222233466846e+02  7.59687499578854185529e+04  1.63931312452617683448e+05  1.34185893225557002495e+01  5.40505179894179219047e-03  2.04624000002767274964e+02  4.51332810658305161322e-01  5.26666680533307146606e-02  2.99813333328427980007e+01  5.00000000000000027756e-02
1.07576388888888885731e+02  6.37000319744231102703e+00  9.93150014388490376405e+02  1.00000000000000000000e+02  2.13301909047419655963e+02  9.85760858532708371058e+04  1.89366390530235366896e+05  1.21781228366149001374e+01  5.31643407407409070153e-03  2.06354000005534516049e+02  4.18665621316610392366e-01  6.13333361066614318746e-02  2.96746666656855921929e+01  5.00000000000000027756e-02
1.07583333333333328596e+02  6.67999999999999971578e+00  9.93179995203836938344e+02  1.00000000000000000000e+02  1.93525097619365311630e+02  1.21183421748656255659e+05  2.14801468607853079448e+05  1.57614677063938835033e+01  5.24299746031735725699e-03  2.08083999997623038780e+02  3.86001535950845686695e-01  6.99999936000151729010e-02  2.93679999995809097868e+01  5.00000000000000027756e-02
1.07590277777777771462e+02  6.50000000000000000000e+00  9.93219996802557943738e+02  1.00000000000000000000e+02  1.55615717777569471991e+02  9.25694258345737471245e+04  1.96976557324884372065e+05  1.26070558777092962544e+01  5.47065288359771962484e-03  2.07588666665874683304e+02  4.18000511983593392440e-01  5.66666645333474827684e-02  2.92806666665270292071e+01  5.00000000000000027756e-02
1.07597222222222228538e+02  6.80998721023157393972e+00  9.93170035171863105461e+02  1.00000000000000000000e+02  2.34464261904815572279e+02  6.39554296341762528755e+04  1.79151645800115627935e+05  1.63385635525950014824e+01  5.69830830687854863331e-03  2.07093333334125333067e+02  4.49999488016406601343e-01  5.00000000000000027756e-02  2.91933333334729709918e+01  5.00000000000000027756e-02
1.07604166666666671404e+02  6.53000000000000024869e+00  9.93280047961630543796e+02  1.00000000000000000000e+02  1.81450829047570891817e+02  3.53414336959232241497e+04  1.61326734348264173605e+05  1.15968473854626346053e+01  5.92102134920636721804e-03  2.06598000002376977591e+02  4.81998464049154307087e-01  5.00000000000000027756e-02  2.91060000004190904122e+01  5.00000000000000027756e-02
1.07611111111111114269e+02  6.39999520383653397460e+00  9.93389987210230742676e+02  9.99599904076730609859e+01  1.37039443650741219471e+02  5.36238125681154779159e+04  1.56542755190509458771e+05  1.35318696117145798041e+01  5.94274423280424443639e-03  2.08171333328300022458e+02  4.85333226664960204477e-01  5.00000000000000027756e-02  2.90693333334506363030e+01  5.00000000000000027756e-02
1.07618055555555557135e+02  6.17999999999999971578e+00  9.93240051159072095288e+02  9.97899936051159954786e+01  1.36824984126991637368e+02  7.19061914403077389579e+04  1.51758776032754714834e+05  1.26604429858655667118e+01  5.96446711640212252209e-03  2.09744666664150003044e+02  4.88666613332480126441e-01  5.00000000000000027756e-02  2.90326666667253157073e+01  5.00000000000000027756e-02
1.07625000000000000000e+02  6.01999999999999957367e+00  9.93320000000000050022e+02  9.96200000000000045475e+01  1.46289400000000000546e+02  9.01885703125000000000e+04  1.46974796875000000000e+05  1.15112133378737482303e+01  5.98618999999999974043e-03  2.11318000000000012051e+02  4.91999999999999992895e-01  5.00000000000000027756e-02  2.89959999999999986642e+01  5.00000000000000027756e-02
1.07631944444444442865e+02  5.95999360511599185486e+00  9.93160057553955994081e+02  9.95800063948840090688e+01  1.30950643174622285869e+02  6.28618542175728507573e+04  1.40796721365675621200e+05  1.29423824909346247836e+01  5.99810798941798582751e-03  2.12566000001996286528e+02  5.10000288004607393866e-01  5.00000000000000027756e-02  2.89519999999296189230e+01  5.00000000000000027756e-02
1.07638888888888885731e+02  5.85999840127884485952e+00  9.93140004796163452738e+02  9.97999920063942198567e+01  1.17768579682557529509e+02  3.55351381226457087905e+04  1.34618645856351271505e+05  1.10846653653412463569e+01  6.01002597883597278194e-03  2.13814000003992561005e+02  5.28000576009214683815e-01  5.86666734933204425673e-02  2.89079999998592391819e+01  5.00000000000000027756e-02
1.07645833333333328596e+02  5.64999040767388560624e+00  9.93319966426858627528e+02  9.96100047961630536975e+01  8.75900576666975183571e+01  8.20842202771856682375e+03  1.28440570347026892705e+05  1.38613566047587752905e+01  6.02194396825395886902e-03  2.15061999984106648753e+02  5.46000191993855743533e-01  7.99999920000189490565e-02  2.88639999986947479726e+01  5.00000000000000027756e-02
1.07652777777777771462e+02  5.36000639488421359857e+00  9.93339952038368437570e+02  9.98199904076736714842e+01  8.04444798095476443223e+01  9.96823404619966095197e+03  1.20619213556242189952e+05  1.04865084652655884412e+01  6.03740576719575053333e-03  2.11749999994704467099e+02  5.50000063997949206751e-01  6.33333306666843537380e-02  2.85919999995651004099e+01  5.00000000000000027756e-02
1.07659722222222228538e+02  5.33997442046314763076e+00  9.93249977617905301486e+02  1.00000000000000000000e+02  8.11565907936258810196e+01  1.17280462272378390480e+04  1.12797856756257810048e+05  1.12335345312503296356e+01  6.05295470899471985127e-03  2.08438000005295549499e+02  5.53999936002050885619e-01  5.00000000000000027756e-02  2.83200000004348986238e+01  5.00000000000000027756e-02
1.07666666666666671404e+02  5.28999520383694221692e+00  9.93349937649880303070e+02  1.00000000000000000000e+02  6.53128897142540125742e+01  1.34878583825023506506e+04  1.04976499943253103993e+05  9.71263230184779757792e+00  6.06850365079365794418e-03  2.05126000015893367845e+02  5.57999808006144348838e-01  5.00000000000000027756e-02  2.80480000013052510610e+01  5.00000000000000027756e-02
1.07673611111111114269e+02  5.21999999999999975131e+00  9.93190006394884676411e+02  1.00000000000000000000e+02  7.77370534603834784093e+01  1.06365004776578171004e+04  9.48224869413354026619e+04  9.82077344160550858021e+00  5.86125499999995847739e-03  2.09052666654104683630e+02  5.43333802674174970448e-01  5.00000000000000027756e-02  2.76893333344807608398e+01  1.19999840000243579441e-01
1.07680555555555557135e+02  5.14000639488400778987e+00  9.93170025579535945326e+02  1.00000000000000000000e+02  7.83893228571445064290e+01  7.78514257281328355020e+03  8.46684739394177013310e+04  1.13148634023855532149e+01  5.64277285714287393098e-03  2.12979333327052358982e+02  5.28666901337087491441e-01  5.00000000000000027756e-02  2.73306666672403792973e+01  5.00000000000000027756e-02
1.07687500000000000000e+02  5.08999999999999985789e+00  9.93259999999999990905e+02  1.00000000000000000000e+02  4.46894300000000015416e+01  4.93378466796875000000e+03  7.45144609375000000000e+04  1.09389699857521325299e+01  5.42429071428578851721e-03  2.16906000000000005912e+02  5.14000000000000012434e-01  5.00000000000000027756e-02  2.69720000000000013074e+01  5.00000000000000027756e-02
1.07694444444444442865e+02  5.02003836930405089589e+00  9.93160083133492094021e+02  1.00000000000000000000e+02  4.39467508571520895089e+01  2.81657389717326032041e+03  7.63173255174748192076e+04  1.21161770865268465514e+01  5.17821944444454059647e-03  2.16455999999280209067e+02  5.17333386667519934399e-01  5.00000000000000027756e-02  2.69086666665653595487e+01  5.00000000000000027756e-02
1.07701388888888885731e+02  5.09000479616346623857e+00  9.93329980815346175405e+02  1.00000000000000000000e+02  5.43725574126991801904e+01  6.99363126377770640829e+02  7.81201900974496529670e+04  1.27450422819685336151e+01  4.93000763888899219689e-03  2.16005999998560383801e+02  5.20666773335039745341e-01  5.00000000000000027756e-02  2.68453333331307213427e+01  9.99999040001461475535e-02
1.07708333333333328596e+02  5.04999520383694200376e+00  9.93329947242206458213e+02  1.00000000000000000000e+02  6.30001628095794359297e+01  -1.41784764441771858401e+03  7.99230546774244867265e+04  1.16551942696910586506e+01  4.68546793650801481762e-03  2.15555999989010928175e+02  5.23999776007168405201e-01  5.00000000000000027756e-02  2.67819999985155945410e+01  5.00000000000000027756e-02
1.07715277777777771462e+02  5.04999360511578654354e+00  9.93240038369305239030e+02  1.00000000000000000000e+02  3.74437316508489388411e+01  2.05347330082267035323e+03  6.89336823121459601680e+04  1.05653462574135854624e+01  4.51375828042340377505e-03  2.13265999996338535993e+02  5.19333258669059327772e-01  5.00000000000000027756e-02  2.64726666661720742013e+01  9.99995520035469043219e-02
1.07722222222222228538e+02  4.99000000000000021316e+00  9.93349971223021043443e+02  1.00000000000000000000e+02  2.71238898412477986710e+01  5.52479427730232964677e+03  5.79443098753540398320e+04  9.47549824513388116998e+00  4.34204862433844231834e-03  2.10976000003661482651e+02  5.14666741330940702426e-01  5.00000000000000027756e-02  2.61633333338279214786e+01  5.00000000000000027756e-02
1.07729166666666671404e+02  4.91999999999999992895e+00  9.93409913669064962960e+02  1.00000000000000000000e+02  2.49317524285605749412e+01  8.99611520975738312700e+03  4.69549374856462163734e+04  8.38565023285640620543e+00  4.17525944444447055098e-03  2.08686000010989090470e+02  5.10000223992831624997e-01  5.00000000000000027756e-02  2.58540000014844046916e+01  5.00000000000000027756e-02
1.07736111111111114269e+02  4.82999840127884461083e+00  9.93250019184653865523e+02  1.00000000000000000000e+02  2.50988002063538218067e+01  4.59115883775492147834e+03  4.43865416570974775823e+04  7.29580222057893035270e+00  4.20856962962964670921e-03  2.10171333328581539490e+02  5.04666837336063656139e-01  5.00000000000000027756e-02  2.53206666683728798262e+01  7.99999040001461436677e-02
1.07743055555555557135e+02  4.79998721023198271496e+00  9.93270044764188014597e+02  1.00000000000000000000e+02  2.28522853333325990377e+01  1.86202465752459829673e+02  4.18181458285487387911e+04  6.20595420830145627633e+00  4.24187981481482373480e-03  2.11656666664290753488e+02  4.99333418668031825405e-01  5.00000000000000027756e-02  2.47873333341864388046e+01  5.00000000000000027756e-02
1.07750000000000000000e+02  4.75999999999999978684e+00  9.93360000000000013642e+02  1.00000000000000000000e+02  1.79195199999999985607e+01  -4.21875390625000000000e+03  3.92497500000000000000e+04  5.11610619602398131178e+00  4.27518999999999989303e-03  2.13141999999999995907e+02  4.93999999999999994671e-01  5.00000000000000027756e-02  2.42540000000000013358e+01  5.00000000000000027756e-02
1.07756944444444442865e+02  4.68001918465202493280e+00  9.93489993605115955688e+02  1.00000000000000000000e+02  1.59971717777778774661e+01  -4.71041194569868730468e+03  3.68985898481299082050e+04  4.02625818374650634723e+00  4.30205507936507174777e-03  2.15232000003343102890e+02  5.50000896014333995332e-01  5.00000000000000027756e-02  2.38559999993633695681e+01  5.00000000000000027756e-02
1.07763888888888885731e+02  4.66999680255768900849e+00  9.93499998401278844540e+02  1.00000000000000000000e+02  1.47321363174635902027e+01  -5.20206998514737460937e+03  3.45474296962598236860e+04  2.93641017146903138268e+00  4.32892015873014446986e-03  2.17322000006686209872e+02  6.06001792028667995993e-01  5.00000000000000027756e-02  2.34579999987267378003e+01  5.00000000000000027756e-02
1.07770833333333328596e+02  4.60000959232611439376e+00  9.93439995203837042936e+02  1.00000000000000000000e+02  1.17346355238131856424e+01  -5.69372802459606100456e+03  3.21962695443897355290e+04  2.00000000000000000000e+00  4.35578523809521632459e-03  2.19411999992856323161e+02  6.61997824069635254496e-01  5.00000000000000027756e-02  2.30599999989794710586e+01  5.00000000000000027756e-02
1.07777777777777771462e+02  4.52000319744210621309e+00  9.93430028776978929272e+02  1.00000000000000000000e+02  1.29612048253939207143e+01  -1.76426415792950465402e+04  3.39714257779418985592e+04  2.00000000000000000000e+00  4.44813333333323335933e-03  2.17923333330953113318e+02  6.16665941356576041699e-01  5.00000000000000027756e-02  2.28473333329933012692e+01  5.00000000000000027756e-02
1.07784722222222228538e+02  4.46999360511578647248e+00  9.93539948840926285811e+02  1.00000000000000000000e+02  5.96679354286080521064e+00  -2.95915551980487034598e+04  3.57465820345581014408e+04  6.82072610863339701126e+00  4.54209166666673467422e-03  2.16434666669046890775e+02  5.71334058643424014257e-01  5.00000000000000027756e-02  2.26346666670066980487e+01  5.00000000000000027756e-02
1.07791666666666671404e+02  4.42998561151082714815e+00  9.93460000000000036380e+02  1.00000000000000000000e+02  7.21984328095447747131e+00  -4.15404686833184168790e+04  3.75217382384405791527e+04  3.69373133348989135527e+00  4.63605000000004256744e-03  2.14946000007143680932e+02  5.26002175930364801459e-01  5.00000000000000027756e-02  2.24220000010205282592e+01  1.00000000000000005551e-01
1.07798611111111114269e+02  4.34999840127884418450e+00  9.93589988808951943611e+02  1.00000000000000000000e+02  6.19431146348671202162e+00  -2.96087909711706088274e+04  2.98616285521895515558e+04  4.77963508856444807549e+00  4.55959372222218724258e-03  2.16152666662806353770e+02  5.63998783980546813943e-01  5.00000000000000027756e-02  2.25406666662870343032e+01  5.00000000000000027756e-02
1.07805555555555557135e+02  4.30998081534797439218e+00  9.93430102318144122364e+02  1.00000000000000000000e+02  3.72155608571567997345e+00  -1.76771132590228080517e+04  2.22015188659385239589e+04  2.26684108917991089527e+00  4.47454511111107858246e-03  2.17359333331403178136e+02  6.01999391990273413633e-01  5.00000000000000027756e-02  2.26593333331435182743e+01  5.00000000000000027756e-02
1.07812500000000000000e+02  4.24000000000000021316e+00  9.93450000000000045475e+02  1.00000000000000000000e+02  1.93578800000000006420e+00  -5.74543554687500000000e+03  1.45414091796875000000e+04  2.06380325657076157952e+00  4.39269928571427246272e-03  2.18566000000000002501e+02  6.40000000000000013323e-01  5.00000000000000027756e-02  2.27779999999999986926e+01  5.00000000000000027756e-02
1.07819444444444442865e+02  4.20998721023198285707e+00  9.93530089528376038288e+02  1.00000000000000000000e+02  4.65107565079448947998e-01  1.35241828104843625624e+03  1.88091718670497029962e+04  2.42602039717871598157e+00  4.35213380952380671229e-03  2.16216666662908750141e+02  6.60000320005119212041e-01  5.00000000000000027756e-02  2.22579999991682200289e+01  1.09999424004560308887e-01
1.07826388888888885731e+02  4.14000319744231060071e+00  9.93670006394884580914e+02  1.00000000000000000000e+02  -5.89733922221245543405e-01  8.45027210897187251248e+03  2.30769345544119059923e+04  2.06491974201184280702e+00  4.31156833333334096187e-03  2.13867333325817469358e+02  6.80000640010238521782e-01  5.00000000000000027756e-02  2.17379999983364413652e+01  1.39999696000462803269e-01
1.07833333333333328596e+02  4.10999040767388557072e+00  9.93750038369304434127e+02  1.00000000000000000000e+02  -4.81316971427108941661e-01  1.55481259368953105877e+04  2.73446972417741053505e+04  6.50608736405455623242e+00  4.27459730158728616611e-03  2.11518000016494795545e+02  7.00001183962110196113e-01  5.00000000000000027756e-02  2.12179999992769943162e+01  1.19999424005788113412e-01
1.07840277777777771462e+02  4.06000319744210624862e+00  9.93840015987210563253e+02  1.00000000000000000000e+02  -6.86086895237322136332e-01  1.57961097000587014918e+04  2.14609547635688431910e+04  5.35955591852083479409e+00  4.30891608465606024830e-03  2.14955333338829262857e+02  7.24667061320686589632e-01  5.00000000000000027756e-02  2.10673333330924315021e+01  5.00000000000000027756e-02
1.07847222222222228538e+02  4.02999360511578696986e+00  9.93870028776978983842e+02  1.00000000000000000000e+02  -6.53260628566341816637e-01  1.60440934249412985082e+04  1.55772122286186568090e+04  5.43182060644708908370e+00  4.34323486772490371943e-03  2.18392666661170750331e+02  7.49332938679313387276e-01  5.00000000000000027756e-02  2.09166666669075667073e+01  5.00000000000000027756e-02
1.07854166666666671404e+02  4.03000959232611499772e+00  9.93929999999999949978e+02  1.00000000000000000000e+02  -5.88201904768319225325e-02  1.62920770984928603866e+04  9.69346979836978607636e+03  9.00960351817181859246e+00  4.39185825396875510057e-03  2.21829999983505217642e+02  7.73998816037889780795e-01  5.00000000000000027756e-02  2.07660000007230038932e+01  7.99999520004823494457e-02
1.07861111111111114269e+02  4.10000639488462148563e+00  9.93999993605115378159e+02  1.00000000000000000000e+02  8.67981207938054333262e-01  7.35522652920357359108e+03  2.25423158030798585969e+04  7.70472463382838679280e+00  5.02220216931250316994e-03  2.21003333335977970364e+02  8.58663957289990120714e-01  5.00000000000000027756e-02  2.21866666621217412114e+01  5.00000000000000027756e-02
1.07868055555555557135e+02  4.12999360511599178380e+00  9.94010006394884044312e+02  1.00000000000000000000e+02  7.27562987300334529372e-01  -1.58162404008571320446e+03  3.53911618077899329364e+04  6.89655098271088462525e+00  5.65254608465625210667e-03  2.20176666667988968129e+02  9.43331978644995072791e-01  5.00000000000000027756e-02  2.36073333310608717284e+01  5.00000000000000027756e-02
1.07875000000000000000e+02  4.16000000000000014211e+00  9.94149999999999977263e+02  1.00000000000000000000e+02  1.02183200000000007357e+00  -1.05184746093750000000e+04  4.82400078125000000000e+04  6.01713936726629228247e+00  6.28289000000000017604e-03  2.19349999999999994316e+02  1.02800000000000002487e+00  5.00000000000000027756e-02  2.50279999999999986926e+01  5.99999999999999977796e-02
1.07881944444444442865e+02  4.17000639488400803856e+00  9.94110095923260132622e+02  1.00000000000000000000e+02  4.99103555554910760517e-01  4.76984762776980278431e+03  4.73124440121446023113e+04  9.23017294387624787078e+00  8.05952029100481977253e-03  2.17939333331076852573e+02  9.49332074646530910123e-01  5.00000000000000027756e-02  2.75326666706730662781e+01  7.99991680065871013650e-02
1.07888888888888885731e+02  4.16000319744231106256e+00  9.94180019184653815500e+02  1.00000000000000000000e+02  -5.46888549205148732923e-01  2.00581698649146055686e+04  4.63848802117891973467e+04  8.36575524104297585382e+00  9.83615058200964023638e-03  2.16528666662153739253e+02  8.70664149293061795376e-01  5.00000000000000027756e-02  3.00373333413461338637e+01  5.00000000000000027756e-02
1.07895833333333328596e+02  4.17998081534777021773e+00  9.94149990407673840309e+02  1.00000000000000000000e+02  -5.00061152380798401573e-01  3.53464921020594119909e+04  4.54573164114337996580e+04  6.99980766871412463104e+00  1.16127808730144589655e-02  2.15117999983543569442e+02  7.91999008031745499459e-01  5.00000000000000027756e-02  3.25420000095814501151e+01  5.00000000000000027756e-02
1.07902777777777771462e+02  4.10999680255789368033e+00  9.94289955235810452905e+02  1.00000000000000000000e+02  -6.87887149203541325981e-01  2.66123935709639699780e+04  3.62210195484623400262e+04  3.66608316777758957983e+00  1.22437859788353392565e-02  2.11688666661183532369e+02  7.71333002677262569158e-01  5.00000000000000027756e-02  3.45386666698591184854e+01  5.00000000000000027756e-02
1.07909722222222228538e+02  4.08999360511578657906e+00  9.94299948840926276716e+02  1.00000000000000000000e+02  -6.45527615872893756332e-01  1.78782949055985300220e+04  2.69847226390376563359e+04  4.32272506269996714678e+00  1.28466199735454075781e-02  2.08259333338816475134e+02  7.50666997322737450382e-01  5.00000000000000027756e-02  3.65353333301408795819e+01  1.09999776001773449940e-01
1.07916666666666671404e+02  4.03999040767388528650e+00  9.94379947242206412739e+02  1.00000000000000000000e+02  -4.70034000000000007358e-01  9.14419635852385545149e+03  1.77484257925833044283e+04  4.93603160763218351548e+00  1.34494539682542425113e-02  2.04830000016456438061e+02  7.30000991968254520081e-01  5.00000000000000027756e-02  3.85319999904185479522e+01  7.99996160038587422747e-02
1.07923611111111114269e+02  3.93000159872115562010e+00  9.94399988808951889041e+02  1.00000000000000000000e+02  -3.37471693651648196877e-01  2.15732728327659060596e+04  1.97763522210972041648e+04  7.24885027481081856138e+00  1.43911388888890712234e-02  2.07979333323258146038e+02  6.35336362715129165935e-01  5.00000000000000027756e-02  3.99766666620449626635e+01  5.00000000000000027756e-02
1.07930555555555557135e+02  3.84998721023198298141e+00  9.94489872102319850455e+02  1.00000000000000000000e+02  -7.92243936508319257506e-01  3.40023493070079566678e+04  2.18042786496111002634e+04  4.74307894673643204442e+00  1.53499087301586581433e-02  2.11128666661629068813e+02  5.40668181357564558986e-01  5.00000000000000027756e-02  4.14213333310224811612e+01  5.00000000000000027756e-02
1.07937500000000000000e+02  3.62000000000000010658e+00  9.94389999999999986358e+02  1.00000000000000000000e+02  -2.38142100000000001003e+00  4.64314257812500000000e+04  2.38322050781250000000e+04  3.23554105784040979543e+00  1.63086785714282450632e-02  2.14277999999999991587e+02  4.46000000000000007550e-01  5.00000000000000027756e-02  4.28659999999999996589e+01  5.00000000000000027756e-02
1.07944444444444442865e+02  3.40999360511599158841e+00  9.94569936051159970702e+02  1.00000000000000000000e+02  -1.34265609523835194317e+00  3.92697461070912977448e+04  3.39005116999940291862e+04  4.67337915382837110201e+00  1.66972738888887563269e-02  2.13243999998346026814e+02  4.96667477346302177477e-01  5.00000000000000027756e-02  4.28753333333482586909e+01  1.19999360005067001733e-01
1.07951388888888885731e+02  3.46999520383653381472e+00  9.94540022382096140063e+02  1.00000000000000000000e+02  -9.68787373016096853284e-01  3.21080664329325918516e+04  4.39688183218630583724e+04  4.29680364724996177728e+00  1.70416315277776356241e-02  2.12209999996692062041e+02  5.47334954692604291893e-01  5.00000000000000027756e-02  4.28846666666965248282e+01  1.60000015999975653269e-01
1.07958333333333328596e+02  3.39001918465222962240e+00  9.94649990407673840309e+02  1.00000000000000000000e+02  -6.92494304762263923614e-01  2.49463867587738895963e+04  5.40371249437320875586e+04  3.24067436413899745418e+00  1.73706261904761800896e-02  2.11175999990652087490e+02  5.97996384115717427576e-01  5.00000000000000027756e-02  4.28939999990562483845e+01  9.00000959990353149864e-02
1.07965277777777771462e+02  3.41000959232631961626e+00  9.94850025579536918485e+02  1.00000000000000000000e+02  -8.14673974603378092674e-01  1.32417168186872913793e+04  4.18338294498248433229e+04  2.00000000000000000000e+00  1.73949218253968071468e-02  2.09227999996885358769e+02  5.22665461371957129622e-01  5.00000000000000027756e-02  4.26973333330188822288e+01  5.00000000000000027756e-02
1.07972222222222228538e+02  3.31000000000000005329e+00  9.94900025579536873011e+02  1.00000000000000000000e+02  -2.00470220317456249148e+00  1.53704685318770498270e+03  2.96305338314251603151e+04  3.55544963137932246156e+00  1.74192174603174862457e-02  2.07280000003114622587e+02  4.47334538628042788222e-01  5.00000000000000027756e-02  4.25006666669811181691e+01  5.00000000000000027756e-02
1.07979166666666671404e+02  3.33999520383694248338e+00  9.94890033573141408851e+02  1.00000000000000000000e+02  -1.29433661904700336720e+00  -1.01676229243691086594e+04  1.74272382376732057310e+04  2.00000000000000000000e+00  1.74396610714284625021e-02  2.05332000009347893865e+02  3.72003615884282545778e-01  5.00000000000000027756e-02  4.23040000009437520134e+01  5.00000000000000027756e-02
1.07986111111111114269e+02  3.22000319744231111585e+00  9.94870030375701958292e+02  1.00000000000000000000e+02  -1.45443613968142049231e+00  1.17529844566705942270e+04  9.62981881860505382065e+03  2.17507107959768930527e+00  1.73034557142856398881e-02  2.04425333336233876480e+02  3.61333674672127236338e-01  5.00000000000000027756e-02  4.17886666683152938617e+01  5.00000000000000027756e-02
1.07993055555555557135e+02  3.24002557953603398389e+00  9.95120051159072090741e+02  1.00000000000000000000e+02  -1.48696723491971738440e+00  3.36735918377102934755e+04  1.83239939953690191032e+03  4.28307072664382371130e+00  1.71672503571428207436e-02  2.03518666668116935625e+02  3.50666837336063630381e-01  5.00000000000000027756e-02  4.12733333341576482667e+01  1.39999552003546912093e-01
1.08000000000000000000e+02  3.31999999999999984013e+00  9.95120000000000004547e+02  1.00000000000000000000e+02  -2.02482999999999996321e-01  5.55941992187500000000e+04  -5.96502001953125000000e+03  2.23879030998343075964e+00  1.70310450000000015991e-02  2.02611999999999994770e+02  3.40000000000000024425e-01  5.00000000000000027756e-02  4.07580000000000026716e+01  1.00000000000000005551e-01
