#Compound                    Mass                        parameter_A              parameter_B              surface_tension   
BCLKBOH                      254.322100000000            11.600196174445          6031.500463790138        0.05
C128OH                       228.284800000000            12.245709447558          6501.781464072662        0.05
BCLKBOC                      254.322100000000             9.828861831187          5029.840930282761        0.05
C823CO                       156.179100000000             9.945579338565          4833.543239317818        0.05
C143O2                       271.329400000000            11.352298935190          5799.576556063244        0.05
BCCOOH                       254.365100000000            12.335575423393          6397.148292534742        0.05
C146CO                       252.306200000000            10.257786830571          5137.694248705916        0.05
C732CO3                      203.169300000000             9.945579338565          4833.543239317818        0.05
HMVKBCO3H                    148.114000000000            10.296118860712          5067.949175779304        0.05
C134CO                       270.278400000000            13.356489852669          6816.463550995712        0.05
C143OH                       256.338000000000            12.956809004781          7003.605913481326        0.05
C623O                        147.149100000000            10.274743400511          4940.618426721945        0.05
C128O2                       243.276300000000            10.641199387252          5297.752109314000        0.05
C521OOH                      148.114000000000            10.703794817120          5222.801079757499        0.05
BCLKBO2                      269.313500000000             9.037554667172          4617.549349671688        0.05
APINBOOH                     186.248100000000             9.793674493378          4711.044049560818        0.05
C919NO3                      231.202600000000            10.563630896222          5310.050225365349        0.05
C137CO                       224.296100000000            11.058265473332          5532.813459591152        0.05
C58NO3                       179.128100000000            10.830912886732          5339.816852638558        0.05
BCALOOH                      286.363900000000            13.708051323845          7448.128359995085        0.05
C1014OOH                     218.246900000000            10.327777798942          5041.750421895350        0.05
BCALOOA                      254.322100000000             9.603827915290          4952.803606026283        0.05
C147CO                       268.305600000000            13.021490011268          6772.822084351353        0.05
C527OOH                      166.129300000000            11.457433865007          6174.601155527738        0.05
C1010OH                      184.232200000000             9.163611183040          4603.968860286840        0.05
C916NO3                      231.202600000000            10.563630896222          5310.050225365349        0.05
C733OOH                      176.167200000000            11.146138908964          5824.570306811651        0.05
APINCOOH                     186.248100000000            10.263361384650          5224.550326931822        0.05
C927OOH                      188.220900000000            11.450856302634          6023.316236779216        0.05
C917NO3                      215.203200000000            10.713404057654          5378.982478802981        0.05
BCLKAOOH                     270.321500000000            11.637194815691          6177.628329668468        0.05
C730O                        161.175700000000            10.630293173999          5191.530649958860        0.05
PINONIC                      184.232200000000             9.991616157919          4780.076791326540        0.05
C731OOH                      160.167800000000             9.684924752366          4767.267322911624        0.05
C512CO2H                     144.125300000000            10.140760225792          4894.199670598871        0.05
DHPMPAL                      136.103300000000             9.239686155733          4602.286307606802        0.05
DHPMEK                       136.037100000000             9.350529947783          4694.834791195232        0.05
INB1NBCHO                    224.125600000000            11.792572588911          5686.847206236615        0.05
INB1NACHO                    224.125600000000            11.792572588911          5686.847206236615        0.05
NC524OOH                     213.142700000000            15.266248624725          8456.811578286577        0.05
C135OOH                      302.277200000000            14.807822373612          7970.133671938536        0.05
C1211CO2H                    256.294900000000            12.955313728117          6991.581753692974        0.05
INB1OOH                      197.143300000000            13.362566522359          7042.860465868508        0.05
C925OOH                      220.219700000000            14.349884586915          7698.009880121673        0.05
H3C2C4CO2H                   132.114600000000             9.667657328627          4878.427060567950        0.05
KLIMONIC                     188.177900000000            11.842627586905          6292.311531575839        0.05
C135O                        285.269900000000            12.594501240832          6317.506208442563        0.05
C98OH                        188.220900000000            11.168739768757          5461.835818389599        0.05
C88CO2H                      184.189200000000            11.356473049329          5705.098291479484        0.05
C1211CO                      226.268900000000            11.498152357798          5751.833635045002        0.05
MMALNBCO3H                   209.111000000000            10.986150569439          5532.962867238850        0.05
INCNO3                       226.141500000000            12.305296431175          6073.127667915751        0.05
C1010OOH                     200.231600000000            10.507763215269          5426.191817622494        0.05
NC826OOH                     235.191300000000             9.818786948675          4833.082580953158        0.05
INANO3                       226.141500000000            12.939026869106          6446.752514693223        0.05
C821OOH                      174.151300000000             9.901693443495          4784.040396118766        0.05
C622OOH                      132.157700000000             9.742176199200          4727.322672836535        0.05
C614OH                       146.141200000000            10.732981587809          5125.511743816658        0.05
H3C25CCO3H                   190.150700000000            10.591016973225          5519.357471272205        0.05
C823OOH                      174.194400000000            11.197583171144          5849.101631834757        0.05
C88OOH                       172.178500000000            10.112749225829          4889.657133521732        0.05
C1013CO2H                    214.258200000000            10.625073337341          5108.026341318020        0.05
HIEPOXB                      134.130500000000            11.719449081001          5962.052413266977        0.05
C86OOH                       174.194400000000             9.818786948675          4833.082580953158        0.05
CONM2CO2H                    163.085600000000            10.071669252267          4810.842097263968        0.05
C137NO3                      271.309500000000            10.117957391990          4895.744385251254        0.05
C1215OH                      244.284200000000            13.161718422012          6855.072476365324        0.05
C1011CO2H                    198.258800000000            10.347165929068          5030.989013893834        0.05
C924OH                       172.221500000000            10.234705221510          5169.572961972824        0.05
BCKANO3                      285.336100000000            10.493267432441          4980.210917637166        0.05
C920PAN                      261.228600000000            10.212379126401          5088.669852177231        0.05
LMLKACO                      184.189200000000             9.222826156481          4605.560711000151        0.05
C926OH                       186.205100000000             9.055958653201          4584.980546034218        0.05
C1312O                       241.303400000000            10.996749158294          5548.664331850473        0.05
C812OOH                      190.193800000000            12.843565897099          6909.526053132702        0.05
C922O2                       219.211800000000            11.607409237483          5710.128168230667        0.05
C1215O2                      259.275700000000            11.557208376247          5651.043125772091        0.05
LMKAOOH                      188.220900000000            11.677225964578          6026.116641274538        0.05
C106OOH                      216.231000000000            11.275887169419          5804.839424129947        0.05
C731CO3H                     188.177900000000            10.018885043986          4972.649206029078        0.05
C930OH                       186.205100000000             9.724070418638          4706.347659260902        0.05
HNC524CO                     195.127500000000            12.107551062825          6308.988500052524        0.05
INDHPCO3                     226.118300000000            11.406452824495          5628.909356285446        0.05
C139NO3                      303.308300000000            12.125635655217          6288.301623510558        0.05
C524OH                       118.131100000000            10.143304063810          5107.202846896951        0.05
C621OOH                      178.140000000000            12.792351049947          6723.961318086483        0.05
LMKBOOH                      188.220900000000            11.043495525250          5652.491794095999        0.05
C133OOH                      274.310200000000            14.113944732089          7554.582816980990        0.05
C57NO3                       179.128100000000            10.830912886732          5339.816852638558        0.05
C1313NO3                     287.308900000000            10.783630646982          5293.676450853550        0.05
MMALNBCO2H                   193.111600000000            11.687483748942          6030.925973418686        0.05
C628OOH                      162.140600000000            10.678325703376          5502.503476788678        0.05
C87CO2H                      200.188600000000            11.206699881418          5636.166036187969        0.05
C128NO3                      273.282400000000            10.641199387252          5297.752109314000        0.05
INDHPPAN                     272.123800000000            13.253344584215          6963.865788426570        0.05
C142OOH                      256.338000000000            13.143440972225          6947.008238831630        0.05
BCALBCO                      250.333400000000             9.936818200532          4918.674077227364        0.05
C2OHOCOOH                    122.076700000000             9.891047263389          4919.621178310006        0.05
C152OOH                      302.363300000000            13.949317787402          7525.165686545695        0.05
C1211OH                      228.284800000000            12.821237763141          6767.006960498385        0.05
C620OOH                      160.124700000000             9.509102429294          4651.033247115068        0.05
C813NO3                      235.191300000000            14.333147945838          7380.663450366354        0.05
C624CO3H                     160.167800000000            10.066910337323          4932.704551056287        0.05
C97OOH                       188.220900000000            10.671047452106          5357.192865771485        0.05
C716OOH                      174.151300000000             9.864652203876          4901.945470664807        0.05
HC4CCO2H                     116.115200000000             9.619083088727          4757.985710299345        0.05
C151OH                       286.363900000000            14.399891994980          8022.741954238712        0.05
C818OOH                      190.193800000000            11.501688689255          6075.482531996776        0.05
C151O2                       301.355400000000            13.553936045973          7263.492050109241        0.05
C629OOH                      162.140600000000            10.155708782115          5071.267156066104        0.05
C134O                        271.286400000000            12.124222365729          6203.770170695243        0.05
C116OH                       198.258800000000            10.418616690317          5048.103580649900        0.05
C118O                        229.249700000000            11.201658606311          5400.130903553293        0.05
C920CO3H                     216.231000000000            10.601896942406          5360.810541469475        0.05
LIMCOH                       170.248700000000             9.598597666740          4673.890905714624        0.05
C817CO3H                     202.204500000000            10.374434805301          5223.561425780353        0.05
LIMONIC                      186.205100000000            12.223650499558          6552.446619320111        0.05
PXYFUOOH                     148.114000000000            10.791722392019          5344.057031229906        0.05
C735OOH                      174.151300000000             9.813409133613          4976.533662825519        0.05
BCKBCO                       238.322700000000            10.444966468615          5224.107460456228        0.05
LIMAOH                       170.248700000000             9.749797269204          4746.582224698087        0.05
C132O2                       257.302800000000            10.413188268482          5122.125291976944        0.05
C825O2                       189.185800000000            11.012949515995          5589.031401961519        0.05
CO25C6CO2H                   158.151900000000            10.525506195443          5312.248575388065        0.05
C88PAN                       245.186100000000             9.510862294853          4851.426155567029        0.05
INAO                         180.136000000000            10.585249434646          5038.002028466854        0.05
MVKOHANO3                    165.101500000000            10.002406034749          4938.747336864448        0.05
C137CO3                      269.313500000000            10.473507152462          5146.656604763815        0.05
C829OH                       174.194400000000            10.924033800270          5303.472082449137        0.05
C825OH                       174.194400000000            12.450912674672          6721.906146638405        0.05
HC4ACO2H                     116.115200000000             9.619083088727          4757.985710299345        0.05
C134OH                       272.294300000000            13.616468996897          7336.644919516554        0.05
C1313O                       241.303400000000            10.783630646982          5293.676450853550        0.05
C132OH                       242.311400000000            11.664169453768          6104.533268839017        0.05
C126CO2H                     224.296100000000            11.058265473332          5532.813459591152        0.05
C126OO                       226.268900000000             8.892728360172          4450.979157220234        0.05
LIMBOOH                      186.248100000000            10.458737230813          5266.334946834470        0.05
C1215CO                      242.268300000000            12.422296031908          6380.660686474525        0.05
C624CO2H                     144.168400000000            10.768243538396          5430.667663411737        0.05
C7PAN3                       233.132400000000             9.366150901382          4643.467085635634        0.05
C621O                        161.132700000000            10.650184049735          5071.333853388381        0.05
LMLKAOOH                     202.204500000000            10.524508700266          5478.358114932874        0.05
LIMALO                       201.239600000000            10.382044043980          5096.230672698736        0.05
BCALOO                       254.322100000000             9.603827915290          4952.803606026283        0.05
C811OOH                      174.194400000000            10.532520427961          5293.810732911124        0.05
INAHPCHO                     195.127500000000            11.016966185341          5578.493206682944        0.05
INANCHO                      224.125600000000            11.063242668900          5334.616228379502        0.05
C137O                        225.304000000000            10.117957391990          4895.744385251254        0.05
C87CO3H                      216.188000000000            10.455372763418          5138.202931446291        0.05
C728OOH                      178.183100000000            12.767084360256          6844.158114180790        0.05
C536OOH                      182.042600000000            11.660415206395          6413.277511925658        0.05
BCLKET                       238.322700000000             9.603827915290          4952.803606026283        0.05
C139O2                       257.302800000000            12.125635655217          6288.301623510558        0.05
C1211OOH                     244.284200000000            12.895027613429          6934.528703111599        0.05
C530OOH                      134.130500000000            10.103827272545          4949.776430598433        0.05
INB2O                        180.136000000000            10.585249434646          5038.002028466854        0.05
LMLKBOH                      186.205100000000            10.487510035264          5332.230242250826        0.05
BCSOZOOH                     302.363300000000            13.853345134301          7226.007200228312        0.05
C625OH                       148.157100000000            10.433942472904          5386.007945501741        0.05
C1210OOH                     228.284800000000            10.797610889225          5466.537543783727        0.05
HMACROOH                     136.103300000000            11.009746544947          5777.561060271070        0.05
NC524OH                      197.143300000000            13.805222544448          7421.124785244411        0.05
NC524O2                      212.134800000000            13.159585200520          6804.184115067525        0.05
C919OH                       186.205100000000             9.576185385724          4731.704249862459        0.05
INAHPCO2H                    211.126900000000            13.616403060135          7381.738611436261        0.05
C625O2                       163.148500000000             9.690942540592          4697.912653639304        0.05
NC102O                       244.221300000000            10.659633650228          5165.564887000466        0.05
PINIC                        186.205100000000            11.558587765404          5997.155722984803        0.05
C4MALOHOOH                   148.114000000000             8.971097865175          4471.557543293921        0.05
C1211CO3                     271.286400000000            11.058265473332          5532.813459591152        0.05
NBCALOOH                     331.361500000000            11.642572649024          6034.177253028380        0.05
MVKOHBOOH                    136.103300000000            10.425945700514          5534.855291621608        0.05
C1213OOH                     276.283000000000            15.820422184671          8771.661741398761        0.05
C108OOH                      216.231000000000            11.312928434571          5686.934356894247        0.05
INANCO2H                     240.125000000000            13.795597746185          7137.861639730620        0.05
CO25C6CO3H                   174.151300000000             9.774179062393          4814.285466336096        0.05
C4PAN10                      195.084400000000             9.515978681300          4781.384950597687        0.05
C524OOH                      134.130500000000            10.832824666033          5626.955569091203        0.05
INDHPCO3H                    227.126300000000            13.530644914373          7236.006481865791        0.05
NBPINAOOH                    231.245700000000            11.011751843960          5229.935035953802        0.05
C517OH                       118.131100000000            10.253144638489          4945.957776093200        0.05
C812OH                       174.194400000000            11.556662256330          6016.148485663703        0.05
C1312OH                      242.311400000000            12.601259218517          6752.693686584644        0.05
C1310OH                      258.310800000000            14.534204836845          8220.684846692990        0.05
C6TONOHOOH                   176.124100000000            11.045349126491          5611.825032022619        0.05
INB1NBCO2H                   240.125000000000            14.430747830250          7490.092611446824        0.05
C1310O2                      273.302200000000            12.989354024947          7016.655485681028        0.05
C126CO3H                     240.295500000000            10.306938334233          5034.850348808330        0.05
C1312O2                      257.302800000000            10.996749158294          5548.664331850473        0.05
C525OOH                      166.129300000000            12.574333772113          7107.170140188123        0.05
C534OOH                      180.112800000000            10.829104024240          5776.839839465685        0.05
C137CO2H                     254.322100000000            13.336336647525          7251.716843373120        0.05
C921OOH                      204.220300000000            11.902871051721          6435.889725558605        0.05
BCLKBO                       253.314100000000             9.037554667172          4617.549349671688        0.05
C3DIOLOOH                    108.093200000000             9.925950218840          4965.151520451622        0.05
INAHPCO3                     226.118300000000            10.771302739906          5276.678384416065        0.05
NORLIMO2                     203.212400000000            10.026494281942          4845.318452740059        0.05
BPINCOOH                     186.248100000000            10.504626801217          5375.017090496022        0.05
C614NO3                      191.138800000000            11.582377846114          5401.387487255873        0.05
C519OOH                      134.130500000000             9.632289861847          4778.225269203136        0.05
C58NO3CO3                    210.118900000000            10.697512864892          5109.156634723922        0.05
C811OH                       158.195000000000            10.458730577109          5126.288990137389        0.05
INAHPCO3H                    227.126300000000            12.937218016498          6883.775504351123        0.05
C1312OOH                     258.310800000000            13.197935724229          7201.291795120540        0.05
C146OH                       254.322100000000            10.884420472603          5657.875612585213        0.05
NC72OOH                      233.132400000000            12.288646314775          5993.901776928333        0.05
C818CO                       172.178500000000            10.800072002011          5202.685125026418        0.05
H3C25CCO2H                   174.151300000000            11.292350171463          6017.320582814994        0.05
C146O2                       269.313500000000             8.926710887872          4525.000869733869        0.05
H3C25C6OOH                   162.140600000000             9.660598657714          4978.721341312695        0.05
C1310OOH                     274.310200000000            15.116837771220          8669.282948357473        0.05
MACRNCO2H                    165.101500000000            11.832264400182          5922.978381517081        0.05
BCBOCOO                      270.321500000000             9.828861831187          5029.840930282761        0.05
INANCO3H                     256.124400000000            13.094264550653          6639.898528961440        0.05
H3C25C6PAN                   235.148300000000            10.009027326948          5163.648449659344        0.05
C144O2                       271.329400000000            11.139180427328          5544.588676053335        0.05
H3C25C6OH                    146.141200000000             9.474545347156          4740.044983846661        0.05
C732OH                       160.167800000000            11.708551616135          6067.736736719968        0.05
INB1O                        180.136000000000            11.220399523200          5390.233001471059        0.05
NC6PAN1                      294.129300000000            10.955461132284          5531.866357321140        0.05
INCNCHO                      224.125600000000            10.347466973620          4960.991379053729        0.05
INANPAN                      301.122000000000            12.664470991994          6367.757840776003        0.05
INB1HPCO2H                   211.126900000000            14.209829980474          7733.969595368144        0.05
HIEB1O2                      165.121400000000            10.458044299990          5345.017469689919        0.05
C9DCOOH                      184.189200000000            10.933943210681          5216.138449710229        0.05
INB1NBCO3H                   256.124400000000            13.729414651428          6992.129505465149        0.05
NC61CO3H                     249.131800000000            12.063436883412          5887.575383221269        0.05
C517OOH                      134.130500000000            10.326934501413          5113.479522324562        0.05
C827CO2H                     186.205100000000            10.571542989724          5258.782120217538        0.05
C137CO3H                     270.321500000000            12.635003457606          6753.753734210802        0.05
C134OOH                      288.293700000000            14.325408933987          7856.397634650352        0.05
C734O                        175.159200000000            11.597707829000          5975.188254539512        0.05
C825CO                       172.178500000000            12.201058075759          6157.009925671396        0.05
C1215O                       243.276300000000            11.557208376247          5651.043125772091        0.05
NC524NO3                     242.140900000000            15.513362627942          8212.934599280639        0.05
NC102OOH                     261.228600000000            13.370117598302          6818.192352734833        0.05
NC730OOH                     223.180600000000            10.816346461571          5430.207000843408        0.05
C148O                        269.138800000000             9.151744795941          4602.038191750487        0.05
C518CO2H                     130.141800000000            10.412693753826          5179.755437002353        0.05
H13CO2CO3H                   150.086800000000             9.797615849723          5137.093972690898        0.05
C1213OH                      260.283600000000            15.237789246682          8323.063638675916        0.05
C516OOH                      164.113400000000            13.095287037084          6985.746110379990        0.05
NC623OOH                     209.154000000000            10.460796705519          5179.294782598524        0.05
C139O                        241.303400000000            12.125635655217          6288.301623510558        0.05
HMVKNO3                      165.101500000000            10.637556151772          5290.978318019856        0.05
C1213O2                      275.275100000000            13.692938442857          7119.034279973519        0.05
C133CO                       256.294900000000            12.777845800108          6631.572908195720        0.05
C151OOH                      302.363300000000            15.686795624812          8916.119518587315        0.05
NC728OOH                     223.180600000000            10.816346461571          5430.207000843408        0.05
C923CO3H                     200.231600000000             9.905351750919          4837.404576294503        0.05
C820OOH                      204.177300000000            12.211878118558          6356.355248118573        0.05
C235C6CO3H                   188.134800000000            10.497620266900          4999.176116439898        0.05
INB2OOH                      197.143300000000            12.769139636675          6690.629491843835        0.05
C719O2                       175.159200000000            10.704434226473          5227.697556299112        0.05
C128O                        227.276900000000            10.641199387252          5297.752109314000        0.05
C623NO3                      193.154600000000            10.274743400511          4940.618426721945        0.05
C1211O2                      243.276300000000            10.702715709917          5281.901239239597        0.05
INDOH                        181.143900000000            11.968775267745          6078.328293318402        0.05
BCLKCO                       253.314100000000             8.926710887872          4525.000869733869        0.05
INDO2                        196.135400000000            11.220399523200          5390.233001471059        0.05
C719OH                       160.167800000000            11.845160804450          6138.950930731702        0.05
C525O                        149.122000000000            10.467670350829          5454.542677809861        0.05
C145OOH                      304.336200000000            15.765674865170          9076.685169320683        0.05
HIEB1O                       149.122000000000            10.458044299990          5345.017469689919        0.05
INB1HPCO3H                   227.126300000000            13.530644914373          7236.006481865791        0.05
C107OOH                      200.231600000000             9.817231151354          4760.068447930444        0.05
C517CO3H                     162.140600000000            10.651668656389          5318.861405370124        0.05
C826OOH                      190.193800000000            11.884265643628          6247.033693684652        0.05
INB1HPPAN                    272.123800000000            13.253344584215          6963.865788426570        0.05
LMLKBOOH                     202.204500000000            10.635352477216          5570.906594199626        0.05
C57OH                        134.130500000000             9.267234374101          4619.161649916813        0.05
MMALNBPAN                    254.108500000000            10.502452933707          5260.822176450176        0.05
BCKBOOH                      256.338000000000            12.492585644797          6482.371616234873        0.05
C537OOH                      182.042600000000            11.660415206395          6413.277511925658        0.05
C1214O                       227.276900000000            10.057638480878          4871.213064697256        0.05
C614OOH                      162.140600000000            11.441921535213          5645.264461885806        0.05
NBCALOH                      315.362100000000            10.174022607121          5140.799685606848        0.05
NAPINBOOH                    231.245700000000            11.348155826329          5360.544637128662        0.05
C717OOH                      174.151300000000            10.467966679951          5119.294649133179        0.05
HOPINONIC                    200.231600000000            11.303230114738          5858.773645597281        0.05
C826OH                       174.194400000000            10.541595236088          5353.656122478619        0.05
BCLKCCO                      252.306200000000            10.257786830571          5137.694248705916        0.05
C719OOH                      176.167200000000            13.238952075703          7103.483108047608        0.05
INB1NBCO3                    255.116500000000            11.546909129541          5385.032379978998        0.05
C730OOH                      178.183100000000            12.767084360256          6844.158114180790        0.05
C827CO3H                     202.204500000000             9.820215877265          4760.819017061880        0.05
C521OH                       132.114600000000            10.517741515319          4984.124724799132        0.05
C1310CO                      256.294900000000            13.979297063372          7746.273040717757        0.05
LIMALNO3                     247.245100000000            10.382044043980          5096.230672698736        0.05
C734OOH                      192.166600000000            13.725191544408          7627.815708408590        0.05
C136OH                       210.312600000000            10.305083381475          4912.858946394927        0.05
C728NO3                      207.181200000000            10.630293173999          5191.530649958860        0.05
NC102O2                      260.220700000000            10.659633650228          5165.564887000466        0.05
HPC52OOH                     166.129300000000            10.864006982656          5822.370182457678        0.05
NAPINAOOH                    231.245700000000            11.348155826329          5360.544637128662        0.05
BCKAOO                       254.322100000000             9.603827915290          4952.803606026283        0.05
BCKAOH                       240.338600000000            11.783645689374          5962.618895868744        0.05
NPXYFUOOH                    193.111600000000            12.011776725180          5691.087380536983        0.05
LIMALO2                      217.239000000000            10.382044043980          5096.230672698736        0.05
C152O2                       301.355400000000            11.735996665756          5872.538226237541        0.05
HPC52PAN                     243.125700000000            10.725231178652          5591.709973170525        0.05
C142NO3                      285.336100000000            10.549789376379          5071.222689898653        0.05
C720OOH                      144.168400000000             9.810864667969          4880.068707130100        0.05
NBCKOOH                      301.335500000000            11.246041783002          5499.963636862647        0.05
C58OH                        134.130500000000             9.267234374101          4619.161649916813        0.05
BCLKBOOH                     270.321500000000            11.748038616460          6270.176815753306        0.05
C152OH                       286.363900000000            12.606647376995          6631.788114519598        0.05
C141OO                       270.321500000000            12.238448085536          6420.794758660324        0.05
LIMALOH                      202.247500000000            11.252694795812          5855.480572603133        0.05
INANCOCO2H                   238.109100000000            12.086351841665          6135.250559623627        0.05
LIMALAOH                     184.232200000000             9.282271753109          4572.448538152373        0.05
C87PAN                       261.185500000000             9.365409563164          4782.493903738890        0.05
C722OOH                      176.167200000000            11.560653903437          6050.161518203117        0.05
INDHPCHO                     195.127500000000            11.652116290108          5930.724184329569        0.05
INB1NAPAN                    301.122000000000            13.393800912055          6719.988818648488        0.05
C721OOH                      160.167800000000            10.569435674762          5266.056592581514        0.05
INCNPAN                      301.122000000000            11.948695299820          5994.132992339944        0.05
BCKAO2                       255.330000000000            10.493267432441          4980.210917637166        0.05
HIEB2O                       149.122000000000             9.753773634423          4900.238015560678        0.05
INB1OH                       181.143900000000            12.566158305002          6451.953138226250        0.05
C1212OH                      244.284200000000            13.224524802149          7321.612202722798        0.05
C59OOH                       150.129900000000            10.670651694115          5693.219034752603        0.05
C116CHO                      210.269500000000             8.892728360172          4450.979157220234        0.05
C729CO2H                     156.179100000000             9.945579338565          4833.543239317818        0.05
BCALO                        269.356600000000            11.494730184928          5795.500894741831        0.05
C57NO3PAN                    256.124400000000            12.432141210935          6372.958465354497        0.05
BCAL                         236.349900000000             9.153776269908          4566.646750135731        0.05
INB1O2                       196.135400000000            11.220399523200          5390.233001471059        0.05
C148CO                       268.131000000000            10.473144224786          5214.731572102603        0.05
INB1NBPAN                    301.122000000000            13.393800912055          6719.988818648488        0.05
C623OH                       148.157100000000            11.124630944757          5699.868323118038        0.05
BCALNO3                      315.362100000000            11.494730184928          5795.500894741831        0.05
C623O2                       163.148500000000            10.274743400511          4940.618426721945        0.05
C827OOH                      174.194400000000             9.323946566015          4590.376813569489        0.05
C133NO3                      303.308300000000            11.912758144213          5901.955347427333        0.05
C812O                        173.186400000000            10.347886780927          5033.740505364929        0.05
MMALNACO2H                   193.111600000000            11.687483748942          6030.925973418686        0.05
C625OOH                      164.156500000000            11.827733741575          6350.540122076546        0.05
C1215NO3                     289.281800000000            11.557208376247          5651.043125772091        0.05
BCAOH                        238.365700000000            10.751639622409          5353.303964386195        0.05
BCAOO                        252.349300000000             9.153776269908          4566.646750135731        0.05
INAHPAN                      256.124400000000            11.163260683850          5647.102645398599        0.05
NC4CO2H                      161.112800000000            10.403243149827          4945.036461232598        0.05
C736OOH                      158.151900000000             9.057117284747          4523.297858548404        0.05
C108OH                       200.231600000000             9.968776389824          4864.711395974098        0.05
BCLKAO                       253.314100000000             8.926710887872          4525.000869733869        0.05
MMALNAPAN                    254.108500000000            10.502452933707          5260.822176450176        0.05
C1212OOH                     260.283600000000            14.511428436692          8214.989768385596        0.05
C144O                        255.330000000000            11.139180427328          5544.588676053335        0.05
NORPINIC                     172.178500000000            11.203037994362          5746.243500448330        0.05
INDO                         180.136000000000            11.220399523200          5390.233001471059        0.05
LMLKBCO                      184.189200000000             9.222826156481          4605.560711000151        0.05
C811PAN                      247.202000000000            10.542650075306          5227.051929469541        0.05
C535OOH                      180.112800000000            10.829104024240          5776.839839465685        0.05
C147OOH                      286.320900000000            13.714232027712          7645.619489508213        0.05
C131CO2H                     254.322100000000            12.238448085536          6420.794758660324        0.05
C148OOH                      286.141600000000            11.862228746851          6254.665658295477        0.05
BCCOH                        238.365700000000            10.992905016656          5503.770721558004        0.05
C917OH                       170.205700000000             9.725958533710          4800.636499449173        0.05
C141CO3H                     268.348700000000            11.018037904039          5536.674801819399        0.05
C141OOH                      240.338600000000            10.684077601990          5331.292915715275        0.05
BCALO2                       285.356000000000            11.494730184928          5795.500894741831        0.05
INB1NACO3H                   256.124400000000            13.729414651428          6992.129505465149        0.05
C141OOA                      270.321500000000            12.238448085536          6420.794758660324        0.05
C109OOH                      200.231600000000             9.480827164837          4629.458845564795        0.05
INCCO                        179.128100000000             9.613381596896          4723.486235070955        0.05
BCALAOH                      252.349300000000            10.394957889590          5271.718758915714        0.05
C513OOH                      148.114000000000             9.911002799984          4912.903416218748        0.05
C537O2                       181.034800000000             9.484392152312          4760.650051591310        0.05
C146OOH                      270.321500000000            11.637194815691          6177.628329668468        0.05
BCALCOH                      252.349300000000            10.394957889590          5271.718758915714        0.05
C920OOH                      188.220900000000            10.277162784916          5155.428657702594        0.05
BCALOH                       270.364500000000            12.365380930859          6554.750792958948        0.05
C928CO2H                     200.231600000000            10.927092773198          5509.694346312114        0.05
INAOOH                       197.143300000000            12.769139636675          6690.629491843835        0.05
C1214O2                      243.276300000000            10.057638480878          4871.213064697256        0.05
C46CO2H                      116.115200000000            10.167987770309          5021.391696758452        0.05
C145O2                       303.328200000000            13.628883637829          7424.057693338355        0.05
C728O                        161.175700000000            10.630293173999          5191.530649958860        0.05
C812O2                       189.185800000000            10.347886780927          5033.740505364929        0.05
C139OOH                      258.310800000000            14.621314807101          8164.087181469382        0.05
C813O                        189.185800000000            11.979370503496          5971.912961884077        0.05
C128CO                       226.268900000000            11.522173369277          5860.232988241527        0.05
C732CO                       158.151900000000            10.385466221819          5052.563414424551        0.05
BCLKACO                      252.306200000000            10.335512272467          5304.830925897022        0.05
C721CO3H                     188.177900000000            10.501704798814          5248.280389675709        0.05
HMACROH                      120.103900000000             9.509067641969          4741.874272758017        0.05
C630OOH                      146.141200000000             9.911249920984          5120.422279487846        0.05
C718CO2H                     172.178500000000            10.186797059658          4840.733226767023        0.05
C137OOH                      242.311400000000            12.310269294805          6548.371848925014        0.05
C1214OH                      228.284800000000            11.308619685285          5853.621047034714        0.05
C142O2                       255.330000000000            10.549789376379          5071.222689898653        0.05
C144OOH                      272.337400000000            13.352501544728          7197.216135146485        0.05
BCLKCOH                      254.322100000000            10.884420472603          5657.875612585213        0.05
C145O                        287.328800000000            13.628883637829          7424.057693338355        0.05
C1311OOH                     242.311400000000            12.787891199754          6696.096015885986        0.05
C127OH                       212.285400000000            10.653029782228          5359.554845490605        0.05
C152O                        285.356000000000            11.735996665756          5872.538226237541        0.05
HPC52CO3H                    198.128100000000            12.732721682669          7127.652480941409        0.05
C136OOH                      226.312000000000            10.328527834262          5080.380694127533        0.05
C129OH                       226.268900000000            10.173320935322          5156.051168887480        0.05
BCLKCO2                      269.313500000000             8.926710887872          4525.000869733869        0.05
C142OH                       240.338600000000            11.364129332057          5861.379292779042        0.05
C824OOH                      174.194400000000            10.588095396528          5438.413457120524        0.05
C131CO3H                     270.321500000000            11.487120957712          5922.831651105927        0.05
C1313OOH                     258.310800000000            12.996951770826          6946.303911791164        0.05
C143NO3                      301.335500000000            11.352298935190          5799.576556063244        0.05
INB1HPCHO                    195.127500000000            11.652116290108          5930.724184329569        0.05
C916OOH                      202.204500000000            10.920337410432          5553.927205045014        0.05
BPINAOOH                     186.248100000000            10.668670342973          5235.135658498408        0.05
C152NO3                      331.361500000000            11.735996665756          5872.538226237541        0.05
C141CO2H                     252.349300000000            11.769365021020          6034.637906270128        0.05
MMALNACO3H                   209.111000000000            10.986150569439          5532.962867238850        0.05
NC91PAN                      290.226800000000            10.148159687420          4912.264011470429        0.05
C128OOH                      244.284200000000            12.842385953463          6950.379572663029        0.05
C58NO3PAN                    256.124400000000            12.432141210935          6372.958465354497        0.05
C625O                        147.149100000000             9.690942540592          4697.912653639304        0.05
C928CO3H                     216.231000000000            10.175765658419          5011.731242493577        0.05
C917OOH                      186.205100000000            11.070110554988          5622.859453650372        0.05
LIMALBOOH                    200.231600000000            10.145889908721          5184.749744685405        0.05
APINCNO3                     215.246300000000            10.288546652315          4980.673355726836        0.05
C734OH                       176.167200000000            13.035670980050          7108.062997031776        0.05
C98OOH                       204.220300000000            12.399146720447          6284.058776008113        0.05
C730OH                       162.183700000000            11.480180709000          5950.780543707739        0.05
MVKOHAOH                     120.103900000000             9.629537488584          4943.947965533519        0.05
PINALOOH                     200.231600000000            10.422915318986          5095.322696872461        0.05
NC1313OH                     287.308900000000             9.462923045740          4638.975235008211        0.05
MVKOHAOOH                    136.103300000000             9.832518813445          5182.624317200681        0.05
INB1NACO2H                   240.125000000000            14.430747830250          7490.092611446824        0.05
INANCOPAN                    299.106100000000            10.513480315676          5281.578422697660        0.05
INB1NO3                      226.141500000000            13.574176973173          6798.983492139757        0.05
C1211O                       227.276900000000            10.702715709917          5281.901239239597        0.05
C734O2                       191.158600000000            11.597707829000          5975.188254539512        0.05
C118OH                       230.257600000000            12.806168675329          6604.160260807898        0.05
C126OOH                      212.285400000000             9.972978053209          4829.468468724692        0.05
C819OOH                      190.193800000000            11.389425237613          6004.327919613091        0.05
C126OOA                      226.268900000000             8.892728360172          4450.979157220234        0.05
DNC524CO                     240.125000000000            13.819840418945          7100.798314502936        0.05
C1213CO                      258.267700000000            14.539756278700          7848.651833908932        0.05
C151O                        285.356000000000            13.553936045973          7263.492050109241        0.05
C824OH                       158.195000000000             9.879155446669          4918.660738349265        0.05
C924OOH                      188.220900000000            10.943645170285          5689.325680434283        0.05
C133OH                       258.310800000000            13.517268206805          7105.984702841187        0.05
C118O2                       245.249100000000            11.201658606311          5400.130903553293        0.05
INB1CO                       179.128100000000            10.882262127816          5449.342056123961        0.05
C137PAN                      315.319000000000            10.473507152462          5146.656604763815        0.05
BCSOZOH                      286.363900000000            12.510674730833          6332.629630185026        0.05
C106NO3                      245.229200000000            10.919180670964          5560.962448962629        0.05
C127OOH                      228.284800000000            12.432341412363          6445.183788669690        0.05
C730O2                       177.175100000000            10.630293173999          5191.530649958860        0.05
C927OH                       172.221500000000            10.220449360895          5201.093282010024        0.05
C57AOOH                      150.129900000000            10.063642598516          5210.068979575954        0.05
C823CO3H                     202.204500000000            11.522317301938          6054.483507953063        0.05
C925O2                       219.211800000000            12.213093420274          6045.382421517005        0.05
C129OOH                      242.268300000000            10.926095275945          5675.803885262890        0.05
BCKAOOH                      256.338000000000            13.126316090106          6855.996465126193        0.05
C146O                        253.314100000000             8.926710887872          4525.000869733869        0.05
C730NO3                      207.181200000000            10.630293173999          5191.530649958860        0.05
HIEB1OOH                     166.129300000000            12.589579724246          6997.644938918214        0.05
APINAOOH                     186.248100000000            10.427404911358          5084.668890626290        0.05
INB1HPCO3                    226.118300000000            11.406452824495          5628.909356285446        0.05
C116OOH                      214.258200000000            10.442061117805          5215.625321139083        0.05
LIMONONIC                    184.232200000000            10.656678882411          5335.367684895464        0.05
NORLIMOOH                    204.220300000000            12.239815412897          6497.945915713650        0.05
C630OH                       130.141800000000             9.725196633754          4881.745928700561        0.05
C929OH                       188.220900000000            10.594079582183          5343.899626979891        0.05
C734CO                       174.151300000000            12.670141162673          6543.166784477637        0.05
C525O2                       165.121400000000            10.467670350829          5454.542677809861        0.05
NC101OOH                     245.229200000000            12.041067036914          5885.517541505235        0.05
HIEB2OOH                     166.129300000000            11.910181016177          6552.865478612652        0.05
C817OOH                      174.194400000000            10.040474524226          5018.179545682445        0.05
C813OOH                      206.193200000000            14.047136422325          7624.540428027416        0.05
C131OH                       226.312000000000            11.129716227950          5549.928024448559        0.05
C98NO3                       233.218500000000            12.551737585448          6040.181797955003        0.05
INB2O2                       196.135400000000            10.585249434646          5038.002028466854        0.05
BCALCCO                      250.333400000000             9.936818200532          4918.674077227364        0.05
C133O2                       273.302200000000            11.912758144213          5901.955347427333        0.05
C51OOH                       134.130500000000            10.214671056302          5042.324911812245        0.05
C2OHOCO2H                    106.077300000000            10.570232322375          5417.584289791279        0.05
C811CO3H                     202.204500000000            10.857254558506          5499.192608962566        0.05
C135O2                       301.269300000000            12.594501240832          6317.506208442563        0.05
C129CO                       224.253000000000             9.546687286675          4635.869803114773        0.05
INAHCO2H                     195.127500000000            12.222611794700          6417.206435789106        0.05
C117OH                       214.258200000000            10.953069898006          5602.708819848814        0.05
C524NO3                      163.128700000000            11.005445864533          5383.078590898876        0.05
BCBOOA                       270.321500000000             9.828861831187          5029.840930282761        0.05
C147O                        269.313500000000            11.521920111714          5992.992022080310        0.05
BCBOOH                       254.365100000000            11.460579570335          5873.056682604567        0.05
BCLKCOOH                     270.321500000000            11.637194815691          6177.628329668468        0.05
BCALBOOH                     268.348700000000            11.258576035616          5884.019962705538        0.05
NC524O                       196.135400000000            13.159585200520          6804.184115067525        0.05
C108NO3                      245.229200000000            10.956221916628          5443.057376146755        0.05
BCKAO                        239.330600000000            10.493267432441          4980.210917637166        0.05
C719O                        159.159800000000            10.704434226473          5227.697556299112        0.05
BCAOOH                       254.365100000000            12.094310010390          6246.681529991292        0.05
NBCOOH                       299.362700000000            10.214035691577          4890.648698376058        0.05
C537O                        165.039900000000             9.484392152312          4760.650051591310        0.05
HPC52CO3                     197.120200000000            10.725231178652          5591.709973170525        0.05
C520OOH                      148.114000000000             9.687895557183          4749.200320503955        0.05
C619OOH                      144.125300000000            10.066712406599          4943.123581548124        0.05
C519CO2H                     146.141200000000            11.353001841502          5816.824513156344        0.05
C1012OOH                     202.247500000000            10.086511352802          4964.713100331655        0.05
C624OOH                      132.157700000000             9.742176199200          4727.322672836535        0.05
C1214OOH                     244.284200000000            12.651290078797          6746.998614223289        0.05
C622CO3H                     160.167800000000            10.066910337323          4932.704551056287        0.05
C143CO                       254.322100000000            12.292873628150          6529.194107631504        0.05
C1210CO3H                    256.294900000000            11.131571187552          5671.919428821824        0.05
C118OOH                      246.257000000000            13.402845166406          7052.758365151391        0.05
INAHCO3H                     211.126900000000            11.543426747497          5919.243327681475        0.05
C141OH                       224.339200000000            10.660633166140          5163.771172831866        0.05
C147OH                       270.321500000000            13.005292073360          7125.866769472591        0.05
C147O2                       285.312900000000            11.521920111714          5992.992022080310        0.05
C1213O                       259.275700000000            13.692938442857          7119.034279973519        0.05
C1212O2                      259.275700000000            12.015749335019          6339.204224789708        0.05
C526OOH                      166.129300000000            11.457433865007          6174.601155527738        0.05
C930OOH                      202.204500000000            11.068222440813          5528.570613719307        0.05
C721PAN                      233.175400000000            10.187100303525          4976.139706721824        0.05
C148OH                       270.146700000000            11.109454406584          5734.912942019293        0.05
C145OH                       288.336800000000            14.371883584395          8112.152989263023        0.05
C148O2                       285.312900000000             9.151744795941          4602.038191750487        0.05
C1211CO3H                    272.294300000000            13.219761764603          7139.910585068618        0.05
C732OOH                      176.167200000000            11.782341466930          6235.258479481409        0.05
C118NO3                      275.255200000000            11.201658606311          5400.130903553293        0.05
INDOOH                       197.143300000000            13.362566522359          7042.860465868508        0.05
C536O                        165.039900000000             9.484392152312          4760.650051591310        0.05
C58OOH                       150.129900000000            10.661025633296          5583.693823772354        0.05
C727CO3H                     188.177900000000            10.018885043986          4972.649206029078        0.05
C926OOH                      202.204500000000            10.524508700266          5478.358114932874        0.05
C131CO                       224.296100000000             9.188677393782          4534.754699529056        0.05
C925O                        203.212400000000            12.213093420274          6045.382421517005        0.05
INCOOH                       197.143300000000            12.171756597889          6317.004646497197        0.05
C9DCNO3                      213.187300000000            10.577236687923          4972.261467584143        0.05
BCSOZNO3                     331.361500000000            11.247558986389          5350.221655299598        0.05
C1212NO3                     305.281200000000            12.015749335019          6339.204224789708        0.05
C922OOH                      220.219700000000            13.744200423194          7362.755632295955        0.05
C516O2                       163.105500000000            11.022145324841          5333.118649646641        0.05
C622CO2H                     144.168400000000            10.768243538396          5430.667663411737        0.05
C1211NO3                     273.282400000000            10.702715709917          5281.901239239597        0.05
C1210OH                      212.285400000000            10.774166453102          5299.015800822488        0.05
C1213NO3                     305.281200000000            13.692938442857          7119.034279973519        0.05
NBPINBOOH                    231.245700000000            11.011751843960          5229.935035953802        0.05
C822CO2H                     170.205700000000            10.301129113271          5084.455462904159        0.05
INAOH                        181.143900000000            11.375348381999          5726.097319275363        0.05
C1212O                       243.276300000000            12.015749335019          6339.204224789708        0.05
C1313OH                      242.311400000000            11.654281382578          6052.926346109266        0.05
C1311OH                      226.312000000000            11.008579583338          5610.467076633930        0.05
INCOH                        181.143900000000            11.375348381999          5726.097319275363        0.05
INANCOCO3H                   254.108500000000            11.335024692160          5637.287445861209        0.05
C1313O2                      257.302800000000            10.783630646982          5293.676450853550        0.05
C623OOH                      164.156500000000            12.411534588016          6593.245891301080        0.05
C519CO3H                     162.140600000000            10.651668656389          5318.861405370124        0.05
INAO2                        196.135400000000            10.585249434646          5038.002028466854        0.05
LMKAOH                       172.221500000000            10.334555583940          5132.739077771324        0.05
C828CO3H                     216.188000000000            10.543657074625          4945.709665118988        0.05
BCLKAO2                      269.313500000000             8.926710887872          4525.000869733869        0.05
BCLKAOH                      254.322100000000            10.884420472603          5657.875612585213        0.05
C626CO3H                     174.151300000000             9.663335259414          4721.736979614224        0.05
C1210CO2H                    240.295500000000            11.882898312741          6169.882535622710        0.05
BPINCNO3                     215.246300000000            10.557074563136          5131.140117414042        0.05
PINALNO3                     229.229800000000            10.066208826205          4851.445723329830        0.05
C825OOH                      190.193800000000            13.140433266663          7241.658865901939        0.05
C136CO3H                     254.322100000000            10.662488131464          5285.762578843391        0.05
C928OOH                      188.220900000000             9.841805367692          4806.349359631938        0.05
C1310NO3                     303.308300000000            12.989354024947          7016.655485681028        0.05
BCALACO                      250.333400000000             9.936818200532          4918.674077227364        0.05
C829OOH                      190.193800000000            12.154440733093          6125.695034667230        0.05
C922O                        203.212400000000            11.607409237483          5710.128168230667        0.05
C1312NO3                     287.308900000000            10.996749158294          5548.664331850473        0.05
C929OOH                      204.220300000000            11.303019516843          5863.652341401133        0.05
NORLIMO                      187.213000000000            10.026494281942          4845.318452740059        0.05
HC23C4CO3H                   162.097500000000            10.560715738200          5106.116124674080        0.05
C717NO3                      203.149500000000            10.111260170777          4875.417670896576        0.05
BCSOZO2                      301.355400000000            11.247558986389          5350.221655299598        0.05
C57NO3CO3H                   211.126900000000            12.734236678726          6645.099148987167        0.05
C719NO3                      205.165300000000            13.505459456004          6859.606133201924        0.05
BCLKBCO                      252.306200000000            10.335512272467          5304.830925897022        0.05
C143OOH                      272.337400000000            13.553485487208          7452.204015348488        0.05
C823OH                       158.195000000000            11.123793297297          5681.579882471798        0.05
C58NO3CO2H                   195.127500000000            13.413421736844          7143.062260222054        0.05
C733OH                       160.167800000000            10.437198967077          5304.817590323226        0.05
MACRNBCO3H                   165.101500000000            10.563383875063          5197.122562123750        0.05
C811NO3                      203.192500000000            10.693985954396          5049.933753971541        0.05
INDHCO3H                     211.126900000000            12.136853638620          6271.474303262811        0.05
C57OOH                       150.129900000000            10.661025633296          5583.693823772354        0.05
HIEB2O2                      165.121400000000             9.753773634423          4900.238015560678        0.05
C139OH                       242.311400000000            12.936759122301          7078.458225412683        0.05
C732PAN                      249.174800000000             9.945579338565          4833.543239317818        0.05
C137OH                       226.312000000000            12.236479447015          6380.850107026856        0.05
C137O2                       241.303400000000            10.117957391990          4895.744385251254        0.05
C510OOH                      195.127500000000            11.016966185341          5578.493206682944        0.05
KLIMONONIC                   186.205100000000            11.125761949209          5721.524537940188        0.05
C132OOH                      258.310800000000            13.006839850365          6997.910836911596        0.05
BCKBOO                       254.322100000000             9.603827915290          4952.803606026283        0.05
HPNC524CO                    211.126900000000            13.608229969803          7344.675288708256        0.05
C151NO3                      331.361500000000            13.553936045973          7263.492050109241        0.05
C626CO2H                     158.151900000000            10.414662404810          5219.700092204444        0.05
C517CO2H                     146.141200000000            11.353001841502          5816.824513156344        0.05
C57NO3CO3                    210.118900000000            10.585249434646          5038.002028466854        0.05
C116CO3H                     242.268300000000            10.776021406938          5421.007203543666        0.05
INCNCO2H                     240.125000000000            13.161867311970          6764.236794015879        0.05
C118CO                       228.241700000000            11.989020801294          5962.611781687800        0.05
NC91CO3H                     245.229200000000            10.990162352389          5184.404693055911        0.05
LIMALBOH                     184.232200000000             9.998047440568          4946.073385237636        0.05
BCKOOA                       254.322100000000             9.603827915290          4952.803606026283        0.05
BCKOOB                       254.322100000000             9.603827915290          4952.803606026283        0.05
LIMALAOOH                    200.231600000000            10.035046115702          5092.201260819454        0.05
C58NO3CO3H                   211.126900000000            12.734236678726          6645.099148987167        0.05
C728OH                       162.183700000000            11.480180709000          5950.780543707739        0.05
INANCO                       224.125600000000            11.208771728629          5444.141433048496        0.05
C44OOH                       134.087400000000            10.715692147435          5482.521810046966        0.05
LIMCOOH                      186.248100000000            10.941268072223          5567.268476329922        0.05
C133O                        257.302800000000            11.912758144213          5901.955347427333        0.05
C117OOH                      230.257600000000            12.295740296582          6496.086388488227        0.05
MACRNBCO2H                   165.101500000000            10.563383875063          5197.122562123750        0.05
C825O                        173.186400000000            11.012949515995          5589.031401961519        0.05
INAHPPAN                     272.123800000000            12.618194504351          6611.634817912151        0.05
C136CO2H                     238.322700000000            11.413815242338          5783.725681544907        0.05
C516O                        147.106100000000            11.022145324841          5333.118649646641        0.05
C142O                        239.330600000000            10.549789376379          5071.222689898653        0.05
C728O2                       177.175100000000            10.630293173999          5191.530649958860        0.05
C58AOOH                      150.129900000000            10.063642598516          5210.068979575954        0.05
HMVKBCO2H                    132.114600000000            10.997452071683          5565.912290969232        0.05
NC71OOH                      219.148900000000            12.972403628738          6473.710732782913        0.05
C915OOH                      186.205100000000            10.541478189454          4992.980366534363        0.05
C621O2                       177.132100000000            10.650184049735          5071.333853388381        0.05
C57NO3CO2H                   195.127500000000            13.413421736844          7143.062260222054        0.05
C732CO3H                     204.177300000000            12.107075613647          6440.640360159778        0.05
INDHCHO                      179.128100000000            10.197182434689          4966.192001820034        0.05
C116CO2H                     226.268900000000            11.527348545436          5918.970314155408        0.05
NC1313OOH                    303.308300000000            10.931473086658          5532.352802147499        0.05
BCBOO                        252.349300000000             9.153776269908          4566.646750135731        0.05
C1310O                       257.302800000000            12.989354024947          7016.655485681028        0.05
C914OOH                      200.188600000000            11.034726767980          5350.816588212640        0.05
LMLKAOH                      186.205100000000             9.771734337538          4958.605392226619        0.05
C1215OOH                     260.283600000000            13.758394945347          7303.670589949089        0.05
C134O2                       287.285800000000            12.124222365729          6203.770170695243        0.05
C810OOH                      174.194400000000             9.818786948675          4833.082580953158        0.05
INCNCO3H                     256.124400000000            12.460534098915          6266.273678229497        0.05
INB1NACO3                    255.116500000000            11.546909129541          5385.032379978998        0.05
C731CO2H                     172.178500000000            10.770212186097          5470.612317674187        0.05
C1211PAN                     317.291900000000            11.058265473332          5532.813459591152        0.05
C916OH                       186.205100000000             9.576185385724          4731.704249862459        0.05
BCSOZO                       285.356000000000            11.247558986389          5350.221655299598        0.05
C919OOH                      202.204500000000            10.920337410432          5553.927205045014        0.05
LIMALOOH                     218.246900000000            12.595365180607          6748.858137296258        0.05
NLIMALOOH                    263.244500000000            10.529886507705          5334.907030878199        0.05
BCALCOOH                     268.348700000000            11.147732255806          5791.471482621630        0.05
C1312CO                      240.295500000000            11.937323873755          6278.281889858958        0.05
INDHPAN                      256.124400000000            11.798410765242          5999.333616352277        0.05
HOCO3C4OOH                   120.103900000000             9.387583883364          4619.861530401440        0.05
C813OH                       190.193800000000            12.867120414551          6802.317471115686        0.05
C143O                        255.330000000000            11.352298935190          5799.576556063244        0.05
C536O2                       181.034800000000             9.484392152312          4760.650051591310        0.05
C131OOH                      242.311400000000            11.153160671647          5717.449769578844        0.05
BCALBOH                      252.349300000000            11.110733578103          5645.343606304938        0.05
BCALBOC                      252.349300000000             9.395042731534          4643.684076132779        0.05
LIMAOOH                      186.248100000000            11.092467650768          5639.959788466373        0.05
BCOOB                        252.349300000000             9.153776269908          4566.646750135731        0.05
INANCO3                      255.116500000000            10.817579221855          5032.801405651034        0.05
C106OH                       200.231600000000             9.931735154588          4982.616471775499        0.05
C813O2                       205.185200000000            11.979370503496          5971.912961884077        0.05
C818OH                       174.194400000000            10.792748734719          5555.729811885518        0.05
MACRNCO3H                    181.100900000000            11.130931213163          5425.015273186444        0.05
C132O                        241.303400000000            10.413188268482          5122.125291976944        0.05
BCALAOOH                     268.348700000000            11.147732255806          5791.471482621630        0.05
BCOOA                        252.349300000000             9.153776269908          4566.646750135731        0.05
MACRNPAN                     226.098400000000            10.795317496080          5152.874592750691        0.05
C88CO3H                      200.188600000000            10.605145915774          5207.135182282901        0.05
C817OH                       158.195000000000            10.017030090557          4850.657803423390        0.05
R_HOM_O6                     231.000000000000             8.424800000000          4628.917437511839        0.05
R_HOM_O7                     247.000000000000             7.419800000000          4608.484379585278        0.05
R_HOM_O8                     263.000000000000             8.452600000000          4967.311563809900        0.05
R_HOM_O9                     279.000000000000             7.447700000000          4946.878494981380        0.05
R_HOM_O10                    295.000000000000             8.445400000000          5690.514233732380        0.05
R_HOM_O11                    311.000000000000             7.440400000000          5670.081166981670        0.05
R_HOM_O12                    327.000000000000             8.438200000000          6413.716809292257        0.05
R_HOM_O13                    343.000000000000             7.433200000000          6393.283824468810        0.05
R_HOM_O14                    359.000000000000             9.979400000000          7317.856447586760        0.05
HOM_O4CBN                    198.000000000000             6.422100000000          3864.848741839911        0.05
HOM_O5CBN                    214.000000000000             7.419800000000          4608.484379585278        0.05
HOM_O6CBN                    230.000000000000             6.414800000000          4588.051327230768        0.05
HOM_O7CBN                    246.000000000000             7.447700000000          4946.878494981380        0.05
HOM_O8CBN                    262.000000000000             6.442700000000          4926.445463187453        0.05
HOM_O9CBN                    278.000000000000             7.440400000000          5670.081166981670        0.05
HOM_O10CBN                   294.000000000000             6.435500000000          5649.648141097981        0.05
HOM_O11CBN                   310.000000000000             7.433200000000          6393.283824468810        0.05
HOM_O12CBN                   326.000000000000             6.428300000000          6372.850703233667        0.05
HOM_O13CBN                   342.000000000000             8.974400000000          7297.423348300933        0.05
HOM_O3                       184.000000000000             9.138800000000          4766.529150782450        0.05
HOM_O4                       200.000000000000             8.995500000000          5375.561240424234        0.05
HOM_O5                       216.000000000000             8.281500000000          5237.949558516840        0.05
HOM_O6                       232.000000000000             7.276500000000          5217.516592539412        0.05
HOM_O7                       248.000000000000             9.159400000000          5828.125841489222        0.05
HOM_O8                       264.000000000000             8.154400000000          5807.692798681090        0.05
HOM_O9                       280.000000000000             9.152200000000          6551.328543649268        0.05
HOM_O10                      296.000000000000             8.147200000000          6530.895461989532        0.05
HOM_O11                      312.000000000000             9.145000000000          7274.531107875014        0.05
HOM_O12                      328.000000000000             8.140000000000          7254.098068612533        0.05
HOM_O13                      344.000000000000            10.686200000000          8178.670685174244        0.05
HOM_O14                      360.000000000000             9.972200000000          8041.059008730548        0.05
HOM_NO5                      229.000000000000             8.886700000000          4692.683259451670        0.05
HOM_NO6                      245.000000000000             7.881700000000          4672.250251790159        0.05
HOM_NO7                      261.000000000000             9.422900000000          5576.389834793348        0.05
HOM_NO8                      277.000000000000             7.874500000000          5395.452841491134        0.05
HOM_NO9                      293.000000000000             8.907300000000          5754.279990315708        0.05
HOM_NO10                     309.000000000000             7.902400000000          5733.846950244937        0.05
HOM_NO11                     325.000000000000             8.900100000000          6477.482654549956        0.05
HOM_NO12                     341.000000000000             7.895100000000          6457.049563148398        0.05
HOM_NO13                     357.000000000000             8.892900000000          7200.685213304158        0.05
HOM_NO14                     373.000000000000             7.887900000000          7180.252167454631        0.05
HOM_NO15                     389.000000000000            10.434100000000          8104.824873757167        0.05
HOM20_O5                     350.000000000000            11.529500000000          6866.828990500528        0.05
HOM20_O6                     366.000000000000            10.326200000000          6530.894084432420        0.05
HOM20_O7                     382.000000000000             9.519600000000          6825.962901885381        0.05
HOM20_O8                     398.000000000000             8.805600000000          6688.351203514801        0.05
HOM20_O9                     414.000000000000            11.060800000000          7730.102502500322        0.05
HOM20_O10                    430.000000000000            10.346800000000          7592.490793900310        0.05
HOM20_O11                    446.000000000000            11.053600000000          8453.305076263192        0.05
HOM20_O12                    462.000000000000            10.339600000000          8315.693427042817        0.05
HOM20_O13                    478.000000000000            11.046300000000          9176.507666635007        0.05
HOM20_O14                    494.000000000000            10.332300000000          9038.896065765819        0.05
HOM20_O15                    510.000000000000            11.582600000000         10060.214241247004        0.05
HOM20_O16                    526.000000000000            11.873500000000          9943.035651621762        0.05
HOM20_O17                    542.000000000000            12.580300000000         10803.849939180098        0.05
HOM20_NO7                    397.000000000000            11.277400000000          6792.983081151509        0.05
HOM20_NO8                    413.000000000000            10.272400000000          6772.549983116891        0.05
HOM20_NO9                    429.000000000000            11.270200000000          7516.185702734299        0.05
HOM20_NO10                   445.000000000000            11.977000000000          8376.999985519782        0.05
HOM20_NO11                   461.000000000000            11.298000000000          7854.579847911561        0.05
HOM20_NO12                   477.000000000000            12.004800000000          8715.394106810547        0.05
HOM20_NO13                   493.000000000000            11.290800000000          8577.782424045932        0.05
HOM20_NO14                   509.000000000000            11.997600000000          9438.596762236768        0.05
HOM20_NO15                   525.000000000000            11.283600000000          9300.985076879730        0.05
HOM20_NO16                   541.000000000000            11.827100000000          9461.488975185068        0.05
HOM20_NO17                   557.000000000000            12.824800000000         10205.124648774896        0.05
HOM20_NO18                   573.000000000000            11.819845262832         10184.691610000003        0.05
HOM19_O5                     336.000000000000            11.111141834271          6615.139161000002        0.05
HOM19_O6                     352.000000000000             9.907791708903          6279.204282000000        0.05
HOM19_O7                     368.000000000000             9.101206675543          6574.273067999999        0.05
HOM19_O8                     384.000000000000             8.387210622699          6436.661387999998        0.05
HOM19_O9                     400.000000000000            10.642416977297          7478.412658999998        0.05
HOM19_O10                    416.000000000000             9.928420938730          7340.800985000000        0.05
HOM19_O11                    432.000000000000            10.635195160657          8201.615312999997        0.05
HOM19_O12                    448.000000000000             9.921199227026          8064.003667999999        0.05
HOM19_O13                    464.000000000000            10.627973390332          8924.817983000006        0.05
HOM19_O14                    480.000000000000             9.913977301525          8787.206291000002        0.05
HOM19_O15                    496.000000000000            11.164215896100          9808.524464999997        0.05
HOM19_O16                    512.000000000000            11.455187648744          9691.345898999993        0.05
HOM19_O17                    528.000000000000            12.161961789254         10552.160200000006        0.05
HOM19_O18                    544.000000000000            11.483038782566         10029.739970000002        0.05
HOM19_NO8                    399.000000000000             9.854088589470          6520.860315000002        0.05
HOM19_NO9                    415.000000000000            10.851834140623          7264.495953000004        0.05
HOM19_NO10                   431.000000000000            11.558608023365          8125.310192000000        0.05
HOM19_NO11                   447.000000000000            10.879685534204          7602.890105999997        0.05
HOM19_NO12                   463.000000000000            11.586459340429          8463.704318000006        0.05
HOM19_NO13                   479.000000000000            10.872463582217          8326.092721000001        0.05
HOM19_NO14                   495.000000000000            11.579237547128          9186.906973000001        0.05
HOM19_NO15                   511.000000000000            10.865241537561          9049.295310000001        0.05
HOM19_NO16                   527.000000000000            11.408706053004          9209.799196999997        0.05
HOM19_NO17                   543.000000000000            12.406451756060          9953.434875999999        0.05
HOM19_NO18                   559.000000000000            11.401484391823          9933.001887999999        0.05
HOM18_O4                     306.000000000000             9.986006700241          5502.635106000003        0.05
HOM18_O5                     322.000000000000            10.692781030147          6363.449463999997        0.05
HOM18_O6                     338.000000000000             9.489430555029          6027.514486000001        0.05
HOM18_O7                     354.000000000000             8.682845663631          6322.583321999998        0.05
HOM18_O8                     370.000000000000             7.968849585146          6184.971624999999        0.05
HOM18_O9                     386.000000000000            10.224056083051          7226.722938000001        0.05
HOM18_O10                    402.000000000000             9.510060074961          7089.111273999998        0.05
HOM18_O11                    418.000000000000            10.216834100021          7949.925546999999        0.05
HOM18_O12                    434.000000000000             9.502837949447          7812.313834000000        0.05
HOM18_O13                    450.000000000000            10.209612113375          8673.128155999997        0.05
HOM18_O14                    466.000000000000             9.495616059625          8535.516466999996        0.05
HOM18_O15                    482.000000000000            10.745854837618          9556.834698999999        0.05
HOM18_O16                    498.000000000000            11.036826654151          9439.656143000007        0.05
HOM18_O17                    514.000000000000            11.743600702498         10300.470430000001        0.05
HOM18_O18                    530.000000000000            11.064677757003          9778.050209999998        0.05
HOM18_NO9                    401.000000000000            10.433472955111          7012.806156000003        0.05
HOM18_NO10                   417.000000000000            11.140247340462          7873.620527999997        0.05
HOM18_NO11                   433.000000000000            10.461324277670          7351.200279999998        0.05
HOM18_NO12                   449.000000000000            11.168098416269          8212.014585999999        0.05
HOM18_NO13                   465.000000000000            10.454102443462          8074.402940999999        0.05
HOM18_NO14                   481.000000000000            11.160876584283          8935.217239999998        0.05
HOM18_NO15                   497.000000000000            10.446880432589          8797.605530000001        0.05
HOM18_NO16                   513.000000000000            10.990345051969          8958.109446999999        0.05
HOM18_NO17                   529.000000000000            11.988090787699          9701.745136000005        0.05
HOM18_NO18                   545.000000000000            10.983123271250          9681.312107999995        0.05
HOM18_NO19                   561.000000000000            11.980868781626         10424.947730000005        0.05
R_HOM_OH_O5                  217.000000000000             8.681700000000          4722.484110195383        0.05
R_HOM_OH_O6                  233.000000000000             9.678300000000          5637.296609034431        0.05
R_HOM_OH_O7                  249.000000000000             7.178600000000          4359.884412322313        0.05
R_HOM_OH_O8                  265.000000000000             7.885400000000          5220.698708371651        0.05
R_HOM_OH_O9                  281.000000000000             7.171400000000          5083.087071016971        0.05
R_HOM_OH_O10                 297.000000000000             7.878200000000          5943.901299290477        0.05
HOM_OH_O4CBN                 200.000000000000             7.676700000000          4702.051062635217        0.05
HOM_OH_O5CBN                 216.000000000000             8.673300000000          5616.863495242183        0.05
HOM_OH_O6CBN                 232.000000000000             6.173600000000          4339.451396154291        0.05
HOM_OH_O7CBN                 248.000000000000             6.880400000000          5200.265671715771        0.05
HOM_OH_O8CBN                 264.000000000000             6.166400000000          5062.653994115302        0.05
HOM_OH_O9CBN                 280.000000000000             6.873200000000          5923.468267152740        0.05
HOM_OH_O4                    202.000000000000             9.388400000000          5583.298432707729        0.05
HOM_OH_O5                    218.000000000000            10.385000000000          6498.110924830324        0.05
HOM_OH_O6                    234.000000000000             7.885400000000          5220.698708371651        0.05
HOM_OH_O7                    250.000000000000             8.592200000000          6081.513024673879        0.05
HOM_OH_O8                    266.000000000000             7.878200000000          5943.901299290477        0.05
HOM_OH_O9                    282.000000000000             6.874300000000          5752.291487092441        0.05
HOM_OH_O10                   298.000000000000             7.581100000000          6613.105809404993        0.05
HOM_OH_NO6                   247.000000000000             9.426200000000          5563.450659825249        0.05
HOM_OH_NO7                   263.000000000000            10.133000000000          6424.264975792520        0.05
HOM_OH_NO8                   279.000000000000             7.633300000000          5146.852915402640        0.05
HOM_OH_NO9                   295.000000000000             8.340100000000          6007.667093210470        0.05
HOM_OH_NO10                  311.000000000000             7.626100000000          5870.055494914420        0.05
HOM_OH_NO11                  327.000000000000             8.332800000000          6730.869731572422        0.05
HOM20_OH_O6                  370.000000000000            10.067400000000          6802.350920462139        0.05
HOM20_OH_O7                  386.000000000000             9.352300000000          6835.915983981291        0.05
HOM20_OH_O8                  402.000000000000             8.564400000000          6439.751255664892        0.05
HOM20_OH_O9                  418.000000000000             9.271100000000          7300.565495321953        0.05
HOM20_OH_O10                 434.000000000000             8.557100000000          7162.953778591419        0.05
HOM20_OH_O11                 450.000000000000             9.263900000000          8023.768133039179        0.05
HOM20_OH_O12                 466.000000000000             9.970700000000          8884.582391188320        0.05
HOM20_OH_O13                 482.000000000000             9.256700000000          8746.970740126999        0.05
HOM20_OH_NO8                 417.000000000000            10.105200000000          6782.503160202639        0.05
HOM20_OH_NO9                 433.000000000000            10.811900000000          7643.317481560642        0.05
HOM20_OH_NO10                449.000000000000             9.019100000000          7226.719618990120        0.05
HOM20_OH_NO11                465.000000000000             9.019100000000          7226.719618990120        0.05
HOM20_OH_NO12                481.000000000000             9.725800000000          8087.533942700381        0.05
HOM20_OH_NO13                497.000000000000             9.011800000000          7949.922245757201        0.05
HOM20_OH_NO14                513.000000000000             9.718605110928          8810.736526000002        0.05
HOM19_OH_O6                  356.000000000000             9.649060031138          6550.661133000001        0.05
HOM19_OH_O7                  372.000000000000             8.933921563969          6584.226199000002        0.05
HOM19_OH_O8                  388.000000000000             8.146003533586          6188.061368000000        0.05
HOM19_OH_O9                  404.000000000000             8.852777808888          7048.875717000001        0.05
HOM19_OH_O10                 420.000000000000             8.138781856227          6911.264059000000        0.05
HOM19_OH_O11                 436.000000000000             8.845555747084          7772.078295000004        0.05
HOM19_OH_O12                 452.000000000000             9.552329881749          8632.892600999996        0.05
HOM19_OH_O13                 468.000000000000             8.838333897842          8495.280935999997        0.05
HOM19_OH_O14                 484.000000000000             9.545108025643          9356.095241999998        0.05
HOM19_OH_NO9                 419.000000000000            10.393577625227          7391.627755000000        0.05
HOM19_OH_NO10                435.000000000000             9.388609849218          7371.194649000000        0.05
HOM19_OH_NO11                451.000000000000             8.600692158131          6975.029915000000        0.05
HOM19_OH_NO12                467.000000000000             9.307466088432          7835.844161999997        0.05
HOM19_OH_NO13                483.000000000000             8.593470181772          7698.232529999998        0.05
HOM19_OH_NO14                499.000000000000             9.300243739625          8559.046665000000        0.05
HOM18_OH_O5                  326.000000000000            10.235666582074          6319.404420000001        0.05
HOM18_OH_O6                  342.000000000000             9.230698832104          6298.971319000000        0.05
HOM18_OH_O7                  358.000000000000             8.515560697155          6332.536490000002        0.05
HOM18_OH_O8                  374.000000000000             7.727642764127          5936.371689000002        0.05
HOM18_OH_O9                  390.000000000000             8.434416507527          6797.185877999998        0.05
HOM18_OH_O10                 406.000000000000             7.720420784948          6659.574292000000        0.05
HOM18_OH_O11                 422.000000000000             8.427194843108          7520.388576000001        0.05
HOM18_OH_O12                 438.000000000000             9.133968844380          8381.202842999997        0.05
HOM18_OH_O13                 454.000000000000             8.419972866139          8243.591183000000        0.05
HOM18_OH_O14                 470.000000000000             9.126747200747          9104.405543999999        0.05
HOM18_OH_NO10                421.000000000000             8.970248616405          7119.504833000000        0.05
HOM18_OH_NO11                437.000000000000             8.182330869012          6723.340087999999        0.05
HOM18_OH_NO12                453.000000000000             8.889105076418          7584.154412999996        0.05
HOM18_OH_NO13                469.000000000000             8.175108840174          7446.542681999997        0.05
HOM18_OH_NO14                485.000000000000             8.881882926799          8307.356970999996        0.05
HOM18_OH_NO15                501.000000000000             8.167887004019          8169.745320000001        0.05
GENERIC                      437.000000000000            10.000000000000         10000.000000000000        0.05
