#Compound                    Mass                        parameter_A              parameter_B
MNNCATECO2                   295.137300000000            12.679260121317          6460.735191279994
HMVKBCO3H                    148.114000000000             9.655760562698          4708.231667318540
APINBOOH                     186.248100000000             9.953272013498          4950.650586599683
C919NO3                      231.202600000000            10.330384404920          5256.372312623826
C58NO3                       179.128100000000            11.248512117861          5617.016843630970
C527OOH                      166.129300000000            13.586349071837          7095.597507999174
C629OH                       146.141200000000             9.957008139156          4889.915879394113
C733OOH                      176.167200000000            11.712978618203          6032.398834943191
APINCOOH                     186.248100000000            10.269817500856          5145.379939198602
MACROOH                      120.103900000000             9.807309901670          4763.216081776630
NC91PAN                      290.226800000000             9.610790926656          4861.466206235515
C510OH                       179.128100000000            10.969882205203          5409.189465049147
C917NO3                      215.203200000000             8.921996958246          4460.820872225640
PINONIC                      184.232200000000             9.394521787784          4662.752526076981
C109OH                       184.232200000000             9.250208185905          4584.592851185672
C731OOH                      160.167800000000             9.375352782720          4621.661305008459
C512CO2H                     144.125300000000             9.628613618159          4736.075672770276
DHPMPAL                      136.103300000000            10.521152382093          5227.088955132104
DHPMEK                       136.037100000000            10.331381252961          5190.247602721196
INB1NACHO                    224.125600000000            11.396997275417          5761.406969067253
NC524OOH                     213.142700000000            17.449527069112          9348.590961003913
INB1OOH                      197.143300000000            13.975068390457          7303.462866232740
C925OOH                      220.219700000000            15.231129031322          8158.678156329183
C921O                        187.213000000000             9.760472447787          4839.030000912017
MACRNCO2H                    165.101500000000            11.675008587589          5871.897954463484
H3C2C4CO2H                   132.114600000000            10.174097920242          5008.287349380486
KLIMONIC                     188.177900000000            12.791058694753          6696.007856535622
C98OH                        188.220900000000            10.687751881295          5446.241709586534
C88CO2H                      184.189200000000            10.068273472269          5120.523160271644
C717NO3                      203.149500000000             9.493491449511          4729.778260764039
MMALNBCO3H                   209.111000000000            12.067139961675          6108.272437114548
INCNO3                       226.141500000000            12.534552098602          6401.723485735070
H1C23C4PAN                   207.095100000000            10.271996824860          5177.401640315948
PBZQOH                       142.109400000000            10.219316480195          5145.098649975856
INANO3                       226.141500000000            12.751966476369          6537.604366603706
PTLQOH                       156.136000000000            10.416243676249          5264.118093142534
C821OOH                      174.151300000000             9.826584213301          4990.213976893753
C614OH                       146.141200000000             9.987981929174          4991.360853130825
H3C25CCO3H                   190.150700000000            11.381333380857          5818.155690685484
C823OOH                      174.194400000000            11.402005932982          5794.320435045949
C88OOH                       172.178500000000             9.058210426137          4511.002089266043
C917OOH                      186.205100000000             9.619323963021          4887.190350595844
HIEPOXB                      134.130500000000            11.529397022642          5858.019621619536
C86OOH                       174.194400000000             9.331564285752          4612.186141197607
CONM2CO2H                    163.085600000000             9.965224202769          4852.208036627802
APINANO3                     215.246300000000             9.379612601608          4598.750497693679
C924OH                       172.221500000000             9.892896320149          4911.426214309129
C920PAN                      261.228600000000            10.598337003838          5428.857394930946
C926OH                       186.205100000000             9.659655809831          4814.742236385931
C87OOH                       188.177900000000            10.686861939669          5465.498324746041
C812OOH                      190.193800000000            13.862314284225          7264.186214863891
C922O2                       219.211800000000            10.516188792268          5309.565935630783
LMKAOOH                      188.220900000000            10.792658325599          5492.930215636700
C106OOH                      216.231000000000            11.080011113755          5739.684741119357
C731CO3H                     188.177900000000             9.659294200730          4786.812526428876
HMVKNGLYOX                   163.085600000000             9.975839703412          4920.320624336565
IEC2OOH                      148.114000000000            10.789709165312          5441.790798476343
HNC524CO                     195.127500000000            13.895590707552          7219.261586122415
TLEMUCCO2H                   156.136000000000             9.864771798637          4908.800812721634
C524OH                       118.131100000000            10.241630014145          5007.337861848927
DNCRESOOH                    280.145800000000            17.108011712811          9171.941345921672
C621OOH                      178.140000000000            14.277792175334          7589.538715834788
PTLQOOH                      172.135400000000            11.560361061335          5991.794964272005
LMKBOOH                      188.220900000000            10.591597180977          5367.037537314782
HOCHOCOOH                    106.077300000000             9.692018932431          4687.445552886676
NPHENOOH                     221.121700000000            12.100631506816          6155.479871241985
C57NO3                       179.128100000000            11.248512117861          5617.016843630970
MMALNBCO2H                   193.111600000000            12.738679769273          6521.452498142543
C628OOH                      162.140600000000            11.254767871934          5739.634926325288
C87CO2H                      200.188600000000            11.556257699562          5984.002842128531
INDHPPAN                     272.123800000000            13.390005574635          7006.857723171843
C2OHOCOOH                    122.076700000000            10.816703262577          5283.961808473988
BZFUOH                       118.088000000000             9.576985258087          4810.841515324586
C620OOH                      160.124700000000            10.372902303141          5224.488550695024
C813NO3                      235.191300000000            14.040428851203          7410.045094393987
C97OOH                       188.220900000000            10.783338287414          5499.384710929599
PBZQOOH                      158.108800000000            11.378205774553          5883.812906917682
C716OOH                      174.151300000000            10.233202424885          5187.644777487723
C818OOH                      190.193800000000            11.787219913455          6129.003546097641
C810OOH                      174.194400000000             9.924589643529          4954.150450213107
C629OOH                      162.140600000000            11.254767871934          5739.634926325288
C733CO                       158.151900000000             9.259997780074          4577.903675200838
C920CO3H                     216.231000000000            11.363472351774          5836.568029650377
LIMCOH                       170.248700000000             9.449371338052          4637.386051025121
C817CO3H                     202.204500000000             9.754306394630          4902.667005089357
MACRNBCO3H                   165.101500000000            11.116337053755          5486.619342378593
LIMONIC                      186.205100000000            11.479755496291          5912.018211811442
PXYFUOOH                     148.114000000000            10.871671352899          5618.392571042537
C735OOH                      174.151300000000            10.516401800349          5319.788292993794
CO25C6CO2H                   158.151900000000             9.675475068100          4834.299606366421
C88PAN                       245.186100000000             9.340804629018          4691.495298239675
INAO                         180.136000000000             9.984758042549          4800.008646886010
MVKOHANO3                    165.101500000000            11.225237850522          5664.750280636426
C916NO3                      231.202600000000            10.330384404920          5256.372312623826
C825OH                       174.194400000000            12.784169373039          6574.084990861454
LIMBOOH                      186.248100000000             9.873096291410          4888.922293313371
C624CO2H                     144.168400000000            10.015456315062          4898.216314723636
C7PAN3                       233.132400000000             9.859404021464          4984.020281907387
C621O                        161.132700000000             9.995911701344          4994.513876011624
C918CO3H                     200.231600000000            10.126564891534          5032.559641334964
DNPHEN                       184.106400000000             9.217617915561          4685.404922915057
LMLKAOOH                     202.204500000000            10.857765312853          5586.824515082061
LIMALO                       201.239600000000             9.216240472791          4544.513115000974
TLEMUCCO3H                   172.135400000000             9.314453973889          4566.951151521173
H1C23C4OOH                   134.087400000000            10.705463590941          5468.098186545019
C811OOH                      174.194400000000            11.236770132510          5697.554042088273
C617CO2H                     158.151900000000             9.418095432763          4626.371579551123
INAHPCHO                     195.127500000000            12.273243462928          6265.477430367263
INANCHO                      224.125600000000            11.335205862059          5697.269174798777
NDNCRESO2                    324.135400000000            12.497751789201          6450.252132191161
C87CO3H                      216.188000000000            10.916656962844          5598.508182204208
NDNPHENO2                    310.108900000000            12.308105297715          6326.320109259305
C728OOH                      178.183100000000            13.458609204511          7043.008622018971
C536OOH                      182.042600000000            14.798018614846          7829.337670027662
TLFUOH                       132.114600000000             9.743919847432          4902.536493295305
C5CO2OHPAN                   219.105800000000            10.628596201139          5391.067430772122
TLEMUCOH                     174.151300000000            11.484140837351          5830.900162478005
C530OOH                      134.130500000000             9.972727672155          4882.431163163354
INB2O                        180.136000000000             9.984758042549          4800.008646886010
LMLKBOH                      186.205100000000            10.141649653550          5148.926342577176
DNPHENO                      249.111900000000            12.503974621525          6431.080965589990
C625OH                       148.157100000000            11.336973970392          5746.950947585676
HMACROOH                     136.103300000000            12.966081029191          6717.090053076286
NC524OH                      197.143300000000            15.661628695088          8265.261327229076
NC524O2                      212.134800000000            12.167396083983          6126.826298632450
INAHPCO2H                    211.126900000000            15.625630301899          8249.477568931941
PINIC                        186.205100000000            11.311225992424          5814.156263105840
PTLQCO                       154.120100000000             9.041828966791          4498.633254614450
C4MALOHOOH                   148.114000000000            11.068357860279          5537.283449290205
MVKOHBOOH                    136.103300000000            12.809229373269          6687.140371751636
C108OOH                      216.231000000000            11.080011113755          5739.684741119357
INANCO2H                     240.125000000000            14.368919041344          7497.049892648539
DNCRESO2                     279.137900000000            12.286207483560          6276.174862020499
C4PAN10                      195.084400000000            11.048873943720          5580.222885537155
C524OOH                      134.130500000000            11.351801386090          5742.944112376712
INDHPCO3H                    227.126300000000            14.884621671135          7822.523334181302
NBPINAOOH                    231.245700000000            10.544049279214          5368.283425324289
C812OH                       174.194400000000            12.392384708186          6333.948823729544
C914OH                       184.189200000000             9.598931730627          4801.989030559902
INB1NBCO2H                   240.125000000000            14.470464495888          7579.159833342643
C525OOH                      166.129300000000            15.730380781476          8398.906133205979
C534OOH                      180.112800000000            13.143416025325          6762.895051306151
NCRES1OOH                    169.134800000000            10.010374928543          5096.326057102705
C921OOH                      204.220300000000            13.701049537674          7231.836909267094
NC71CO                       201.133600000000             9.195303052167          4614.773762166087
C3DIOLOOH                    108.093200000000            11.089253997461          5548.942646902403
BPINCOOH                     186.248100000000            10.612656282136          5397.616213956433
NCATECHOL                    155.108200000000             9.243264143872          4589.877294941603
C614NO3                      191.138800000000            10.244460542974          5171.367313946855
C519OOH                      134.130500000000             9.776842574328          4845.345744802733
BPINBOOH                     186.248100000000            10.223183439968          5133.973682744694
C811OH                       158.195000000000            10.271196313486          5083.482496499238
INAHPCO3H                    227.126300000000            14.769200592752          7732.483788374032
INANCOCO2H                   238.109100000000            12.843104267452          6668.705137437291
NC72OOH                      233.132400000000            12.538166204351          6601.351262164470
NNCATECOOH                   282.118600000000            17.021155214713          9077.238251144405
C818CO                       172.178500000000             9.301347774755          4673.421926541841
H3C25CCO2H                   174.151300000000            12.039546975185          6224.481681168187
H3C25C6OOH                   162.140600000000            11.035747223875          5642.182530106207
NCRESOH                      219.148900000000            11.041444400967          5464.877857439018
TLEMUCCO                     172.135400000000            10.192253375531          5120.973260227625
INANCO3H                     256.124400000000            13.659895087014          7069.196071080175
CRESOOH                      190.150700000000            12.120309298522          6129.832365752038
H3C25C6PAN                   235.148300000000            10.820884500286          5510.730593821958
H3C25C6OH                    146.141200000000             9.987981929174          4991.360853130825
C732OH                       160.167800000000            11.161955629768          5677.831704166905
INB1O                        180.136000000000            10.042292867315          4868.699031668956
NC6PAN1                      294.129300000000            12.074558134411          6293.636840112181
INCNCHO                      224.125600000000            11.142080162163          5575.063230020624
INANPAN                      301.122000000000            12.420031472441          6414.482210829037
INB1HPCO2H                   211.126900000000            15.763997873517          8351.176766080283
TLFUOOH                      148.114000000000            10.871671352899          5618.392571042537
HIEB1O2                      165.121400000000            10.626834595362          5136.024850773217
C9DCOOH                      184.189200000000             9.542990266129          4817.665742371456
INB1NBCO3H                   256.124400000000            13.744246111256          7142.273379950513
NC61CO3H                     249.131800000000            12.637957559495          6600.437887838973
C517OOH                      134.130500000000             9.765345145079          4840.571036868814
C618CO2H                     158.151900000000             9.418095432763          4626.371579551123
C734O                        175.159200000000            10.758121116279          5396.190176188684
C825CO                       172.178500000000            11.245986291712          5737.582159506278
NC524NO3                     242.140900000000            15.952578469824          8461.762176590868
DNPHENOOH                    266.119200000000            16.932187755939          9067.198968467617
NC102OOH                     261.228600000000            12.348960149804          6511.091679934270
C515OOH                      146.098100000000             9.590469061822          4773.995790713590
H13CO2CO3H                   150.086800000000            12.088292238633          6159.116616232027
C516OOH                      164.113400000000            14.462607580490          7645.131819696584
DNCRESO                      263.138500000000            12.686589907532          6549.046102117436
HMVKNO3                      165.101500000000            11.582074859026          5912.969021509629
INB1NBCHO                    224.125600000000            11.396997275417          5761.406969067253
C820OOH                      204.177300000000            12.865049249875          6794.617775095300
C235C6CO3H                   188.134800000000            10.008708145070          5070.563665499225
PXYFUOH                      132.114600000000             9.537935601866          4771.295041053993
INDOH                        181.143900000000            12.494468936133          6363.580420301596
MMALNHYOOH                   162.097500000000            10.825811768635          5358.764969967950
C719OH                       160.167800000000            11.255691385063          5656.348020832590
C525O                        149.122000000000            11.037358123680          5554.752704969383
C6COOHCO3H                   188.134800000000            11.616491234258          5943.568191293482
HOHOC4DIAL                   118.088000000000             9.925215086183          4756.524760132358
TLEMUCOOH                    190.150700000000            12.650762218367          6576.140168039845
HIEB1O                       149.122000000000            11.088114101041          5479.860030075772
INB1HPCO3H                   227.126300000000            14.884621671135          7822.523334181302
C107OOH                      200.231600000000             9.919711715225          5000.247467763099
C517CO3H                     162.140600000000            10.090613216780          4996.077760968718
C826OOH                      190.193800000000            12.511721203887          6507.707266339666
INB1HPPAN                    272.123800000000            13.390005574635          7006.857723171843
LMLKBOOH                     202.204500000000            11.140591609510          5764.492283059778
C57OH                        134.130500000000            10.935320721230          5376.192637010204
BZEMUCOOH                    176.124100000000            12.672916361264          6559.266402932541
MMALNBPAN                    254.108500000000            11.037227620359          5570.401251505655
MNNCATECO                    279.137900000000            13.068859012519          6727.517146075525
C537OOH                      182.042600000000            14.798018614846          7829.337670027662
PHENOOH                      176.124100000000            11.955517204081          6023.057958814980
NAPINBOOH                    231.245700000000            10.283461311288          5195.347737667279
C717OOH                      174.151300000000            10.233202424885          5187.644777487723
HOPINONIC                    200.231600000000            12.007452559943          6227.311710811384
C826OH                       174.194400000000            11.175497703919          5653.587360668202
C719OOH                      176.167200000000            12.669358325022          6561.191705017811
C730OOH                      178.183100000000            13.458609204511          7043.008622018971
C734OOH                      192.166600000000            15.102132675080          8029.246215175169
HPC52OOH                     166.129300000000            13.456000123082          6993.439398353883
NAPINAOOH                    231.245700000000            10.283461311288          5195.347737667279
NPXYFUOOH                    193.111600000000            10.961745372234          5683.315885349715
NDNCRESO                     308.136000000000            12.871316705363          6699.364789998759
C720OOH                      144.168400000000             9.534875947789          4638.182862979528
NBZFUONE                     161.069700000000             9.719710154470          4864.233746124058
C58OH                        134.130500000000            10.935320721230          5376.192637010204
LIMALOH                      202.247500000000            11.527320244019          5925.407242608296
C58NO3CO3H                   211.126900000000            13.612219960431          7019.919040797966
C5COOHCO3H                   174.108200000000            11.448516050613          5835.514611835966
C87PAN                       261.185500000000            10.220607002499          5227.168096337836
C722OOH                      176.167200000000            12.046320296589          6189.352661883881
INDHPCHO                     195.127500000000            12.363507437586          6345.906072528695
INB1NAPAN                    301.122000000000            12.471484084778          6466.120547770087
C721OOH                      160.167800000000            10.653645408975          5303.082494054609
INCNPAN                      301.122000000000            12.222205366343          6293.206167434619
HIEB2O                       149.122000000000            10.877973347785          5342.792063731986
MNCATECH                     169.134800000000             9.730015830755          4902.603803040256
MNCATECO                     234.140300000000            12.864696607533          6552.924043561457
INB1OH                       181.143900000000            12.727267768588          6510.470719221379
NBZQOOH                      203.106400000000            11.554703877527          6006.419656464335
C59OOH                       150.129900000000            12.311058157645          6373.768225388545
C57NO3PAN                    256.124400000000            12.253756493688          6292.100609143622
INB1NBPAN                    301.122000000000            12.471484084778          6466.120547770087
C623OH                       148.157100000000            11.538477461205          5821.170926431431
MNNCATCOOH                   296.145200000000            17.460688506934          9341.375052563644
MNCATECO2                    250.139700000000            12.444421166164          6257.906108065820
C812O                        173.186400000000             9.931597491049          4838.970108025635
NCATECOOH                    237.121100000000            16.928293650423          8997.494172992339
C625OOH                      164.156500000000            12.806689948856          6677.836797516355
C621O2                       177.132100000000             9.645804825027          4728.454846804798
INAHPAN                      256.124400000000            11.989341511469          6105.033443067545
C825O                        173.186400000000            10.059424485959          4914.665771656199
C513OH                       132.114600000000             9.982702979462          4907.013510287752
C108OH                       200.231600000000             9.865284538584          4967.444258002926
MMALNAPAN                    254.108500000000            11.037227620359          5570.401251505655
INAHPPAN                     272.123800000000            13.316737108705          6943.048580885823
NORPINIC                     172.178500000000            10.821178521346          5507.766419464919
INDO                         180.136000000000            10.042292867315          4868.699031668956
LMLKBCO                      184.189200000000             9.085735799890          4520.300576885191
C811PAN                      247.202000000000            10.455654535868          5276.905342354295
C535OOH                      180.112800000000            13.143416025325          6762.895051306151
NBZFUOOH                     179.085000000000            10.799460834690          5585.656442824648
INB1NACO3H                   256.124400000000            13.744246111256          7142.273379950513
C109OOH                      200.231600000000            10.155492845992          5152.891171300589
INCCO                        179.128100000000            10.941144775133          5486.179714082626
C513OOH                      148.114000000000            11.095432987132          5640.215485115546
C537O2                       181.034800000000            10.110359073754          4904.729654571369
C920OOH                      188.220900000000            11.047638410065          5669.112558809045
INAOOH                       197.143300000000            13.857627476835          7210.108976602899
C515CO3H                     174.108200000000             9.919520947402          4956.037904664357
C813O                        189.185800000000            10.982237933485          5557.343681728960
C721CO3H                     188.177900000000            10.259229903737          5156.192469129620
HMACROH                      120.103900000000            11.470679555707          5751.565546911420
C718CO2H                     172.178500000000             9.836140862303          4904.356627200205
C515PAN                      219.105800000000             9.581556138979          4777.282686287536
C5DICAROOH                   148.114000000000            10.702017916420          5358.795907864751
INB2OOH                      197.143300000000            13.857627476835          7210.108976602899
HPC52CO3H                    198.128100000000            16.149921984397          8562.404092850396
C918OOH                      186.205100000000             9.610803309986          4788.325671154437
C824OOH                      174.194400000000            10.871962980062          5489.753212927517
INB1HPCHO                    195.127500000000            12.363507437586          6345.906072528695
C916OOH                      202.204500000000            11.129243440217          5732.140153683885
BPINAOOH                     186.248100000000            10.476089503969          5317.590326360084
C734OH                       176.167200000000            13.730900515028          7185.689440203592
MMALNACO3H                   209.111000000000            12.067139961675          6108.272437114548
C58NO3PAN                    256.124400000000            12.253756493688          6292.100609143622
C810NO3                      203.192500000000             9.295492481493          4591.161079108463
LIMALBOOH                    200.231600000000            10.309626294976          5241.915795860457
H14CO23C4                    118.088000000000             9.877196102043          4959.177643098240
APINCNO3                     215.246300000000             9.497623303295          4667.604764639123
BZEMUCCO2H                   142.109400000000             9.710106919462          4774.903268756201
NPTLQOOH                     217.133000000000            11.737495361406          6118.616880332974
C98OOH                       204.220300000000            12.028001575249          6287.371102868206
C97OH                        172.221500000000             9.578866972574          4717.326837844697
C730OH                       162.183700000000            11.991154630783          6113.039720435475
MVKOHAOH                     120.103900000000            11.508384653727          5867.322534176419
PINALOOH                     200.231600000000             9.919711715225          5000.247467763099
PHENOH                       160.124700000000            10.671378450926          5166.690503198947
MVKOHAOOH                    136.103300000000            12.355614381834          6385.341234911789
INB1NACO2H                   240.125000000000            14.470464495888          7579.159833342643
INANCOPAN                    299.106100000000            11.859770211343          6098.721908681461
INB1NO3                      226.141500000000            12.835502073271          6612.464103501480
C734O2                       191.158600000000            10.363716277229          5108.434442087891
C819OOH                      190.193800000000            11.800538920438          6135.285301135329
DNC524CO                     240.125000000000            14.228592506884          7456.024484051273
LIMALAOOH                    200.231600000000            10.052159767423          5077.275971561143
C824OH                       158.195000000000             9.859869128551          4815.612294182012
C924OOH                      188.220900000000            10.926284707110          5582.909268728280
INB1CO                       179.128100000000            11.226342852214          5692.859045889892
C106NO3                      245.229200000000            10.278298705509          5259.726156158945
BZFUOOH                      134.087400000000            10.725354326766          5538.164618703582
INANCOCO3H                   254.108500000000            12.209839570460          6287.111171269237
MALDIALOOH                   134.087400000000            10.965356921986          5467.865249666092
C57AOOH                      150.129900000000            12.083445392992          6138.310756239168
C823CO3H                     202.204500000000            10.883411589259          5543.863953507334
C925O2                       219.211800000000            10.516188792268          5309.565935630783
HIEB1OOH                     166.129300000000            15.616152725441          8269.613938077277
APINAOOH                     186.248100000000            10.139564325642          5068.779157077563
LIMONONIC                    184.232200000000             9.539240974812          4746.560353338249
NORLIMOOH                    204.220300000000            12.415715792352          6484.211338376138
C734CO                       174.151300000000            12.121499171066          6298.713959520791
C525O2                       165.121400000000            10.578750853244          5214.614481773056
NC101OOH                     245.229200000000            11.225674297103          5811.707511341550
HIEB2OOH                     166.129300000000            15.313373814826          8085.633283681875
C817OOH                      174.194400000000             9.401292135420          4709.945805716694
C813OOH                      206.193200000000            15.336896809455          8178.233563920430
C98NO3                       233.218500000000            11.103331907798          5731.141146115189
C51OOH                       134.130500000000             9.776842574328          4845.345744802733
MALANHYOOH                   148.071000000000            10.674558353950          5258.518505767536
BPINCOH                      170.248700000000             9.449371338052          4637.386051025121
C2OHOCO2H                    106.077300000000            11.627991986233          5815.886541484392
C811CO3H                     202.204500000000            10.725329684054          5452.243916175904
INAHCO2H                     195.127500000000            14.023185986185          7246.387922080046
NCATECO                      220.113700000000            12.489530063160          6308.565090888233
C524NO3                      163.128700000000            10.317127635005          5081.796061202443
NC524O                       196.135400000000            12.663421053395          6474.102584372629
C108NO3                      245.229200000000            10.278298705509          5259.726156158945
NCATECO2                     236.113100000000            12.075161000696          6012.804499644757
HMVKBOOH                     120.103900000000             9.572778064754          4713.444057258885
C820O                        187.169900000000             9.058028450036          4490.970419636061
C919OH                       186.205100000000             9.925958144089          4956.700837302931
C537O                        165.039900000000            10.519672411483          5206.661505199697
NNCATECO                     265.111300000000            12.694395130767          6486.355547576023
NCRESOOH                     235.148300000000            12.278532027521          6271.905718054064
TLBIPEROOH                   174.151300000000            10.140320419648          4977.358867944896
C520OOH                      148.114000000000            10.789709165312          5441.790798476343
C519CO2H                     146.141200000000            10.702815274965          5383.126390058635
C616OOH                      160.124700000000            10.372902303141          5224.488550695024
HC23C4CO3H                   162.097500000000            10.786059578828          5466.353550268740
C614OOH                      162.140600000000            11.121449107702          5719.078215750976
INAHCO3H                     211.126900000000            13.277778859994          6786.830586317496
C718CO3H                     188.177900000000             9.309374590720          4580.788377208782
DNCRES                       198.132900000000             9.706639446323          4988.868225230203
C526OOH                      166.129300000000            13.586349071837          7095.597507999174
C721PAN                      233.175400000000            10.047715001385          5008.564381882923
CO235C6OOH                   160.124700000000             9.618426149666          4863.013774686389
NDNPHENO                     294.109500000000            12.684841477991          6579.440641475189
INAHCHO                      179.128100000000            10.969882205203          5409.189465049147
C732OOH                      176.167200000000            12.235616118766          6342.152241529497
C615CO2H                     158.151900000000             9.913329945786          4927.221912792851
INDOOH                       197.143300000000            13.975068390457          7303.462866232740
C536O                        165.039900000000            10.519672411483          5206.661505199697
C58OOH                       150.129900000000            12.324239916309          6291.172601140154
INB1GLYOX                    177.112200000000             9.921015278481          4893.860185976172
C727CO3H                     188.177900000000             9.329733447167          4626.763927763996
C926OOH                      202.204500000000            10.871049245045          5593.024158467190
C925O                        203.212400000000            10.884487624741          5571.301419302518
INCOOH                       197.143300000000            13.607584883080          7055.311484050844
C922OOH                      220.219700000000            15.231129031322          8158.678156329183
C622CO2H                     144.168400000000            10.015456315062          4898.216314723636
NBPINBOOH                    231.245700000000            10.544049279214          5368.283425324289
INANCOCHO                    222.109700000000            10.108655161064          5028.766171753949
NNCATECO2                    281.110700000000            12.312090100004          6220.630002345337
C822CO2H                     170.205700000000             9.440095371647          4632.756352602577
INAOH                        181.143900000000            12.394490654744          6274.444229359368
NDNCRESOOH                   325.143400000000            17.204084048917          9250.820650753343
INCOH                        181.143900000000            12.394490654744          6274.444229359368
C623OOH                      164.156500000000            12.981511288594          6746.367677519374
C519CO3H                     162.140600000000            10.090613216780          4996.077760968718
LMKAOH                       172.221500000000             9.590397702509          4710.069716683866
BPINBNO3                     215.246300000000             9.445680834233          4653.537446844471
BZEMUCNO3                    205.122300000000            11.647980915977          5937.988845058661
C533OOH                      164.113400000000            10.674441519811          5341.447360674463
BPINANO3                     215.246300000000             9.651611929757          4809.452529212273
TLEMUCNO3                    219.148900000000            11.679539143099          5985.703449781335
BPINCNO3                     215.246300000000             9.774774268524          4881.194688231172
PINALNO3                     229.229800000000             9.216379307057          4575.950292379661
C825OOH                      190.193800000000            14.034584449038          7364.771616311376
NPHENOH                      205.122300000000            10.862409860949          5342.393039836657
C922O                        203.212400000000            10.884487624741          5571.301419302518
C87OH                        172.178500000000             9.746037292651          4876.107314497568
C57NO3CO3H                   211.126900000000            13.612219960431          7019.919040797966
C719NO3                      205.165300000000            11.651287087410          5934.888810894586
C823OH                       158.195000000000            10.425160280737          5174.120368736591
C58NO3CO2H                   195.127500000000            14.400768857167          7503.035054470188
C6CO2OHPAN                   233.132400000000            10.797306202891          5501.890001003696
C733OH                       160.167800000000            10.595023893394          5308.894251045116
NPHEN1OOH                    155.108200000000             9.394110730036          4712.777894013523
C811NO3                      203.192500000000            10.251262739318          5107.135932235664
MCATEC1OOH                   140.136600000000             9.835184970570          4899.751186380950
INDHCO3H                     211.126900000000            13.376536261947          6872.764962505006
BZBIPEROOH                   160.124700000000             9.982304031785          4870.334471718410
C57OOH                       150.129900000000            12.324239916309          6291.172601140154
HIEB2O2                      165.121400000000            10.436172044775          5010.108995311195
INCGLYOX                     177.112200000000             9.683764923533          4712.020395369820
C510OOH                      195.127500000000            12.273243462928          6265.477430367263
KLIMONONIC                   186.205100000000            10.296131068001          5234.180357741726
HPNC524CO                    211.126900000000            15.502423596989          8216.067171043500
BZEMUCOH                     160.124700000000            11.523562146504          5816.834681585062
C626CO2H                     158.151900000000             9.781351930495          4842.303482314342
H13CO2CHO                    118.088000000000             9.773687443587          4764.466924642367
C628OH                       146.141200000000             9.957008139156          4889.915879394113
NDNPHENOOH                   311.116800000000            17.012510715183          9136.871775982110
MNCATECOOH                   251.147700000000            17.359257447249          9257.474342241165
C517CO2H                     146.141200000000            10.702815274965          5383.126390058635
INCNCO2H                     240.125000000000            14.128498008869          7349.317711610169
CRESOH                       174.151300000000            10.842522634076          5282.616476669285
NC91CO3H                     245.229200000000            10.381559140203          5255.725378935899
LIMALBOH                     184.232200000000             9.393694663154          4667.598904888681
C732CO                       158.151900000000             9.781351930495          4842.303482314342
MMALNACO2H                   193.111600000000            12.738679769273          6521.452498142543
C728OH                       162.183700000000            11.991154630783          6113.039720435475
INANCO                       224.125600000000            11.335154700010          5771.942107464887
C44OOH                       134.087400000000            11.290915001748          5679.690657570174
LIMCOOH                      186.248100000000            10.612656282136          5397.616213956433
MACRNBCO2H                   165.101500000000            11.116337053755          5486.619342378593
C516O                        147.106100000000            10.149197406097          4994.737780643076
C58AOOH                      150.129900000000            12.083445392992          6138.310756239168
HMVKBCO2H                    132.114600000000            10.249065644302          5089.151680693195
DNPHENO2                     265.111300000000            12.097700560441          6151.954863317558
NC71OOH                      219.148900000000            11.434459237443          5923.615631072281
C915OOH                      186.205100000000             9.666981591908          4853.245559153445
C57NO3CO2H                   195.127500000000            14.400768857167          7503.035054470188
BZEMUCCO                     158.108800000000            10.222492362288          5096.661166539001
C732CO3H                     204.177300000000            12.092265801348          6270.016854677816
NC4DCO2H                     145.070300000000            10.379937669732          5221.150136314139
INDHCHO                      179.128100000000            11.044585300449          5486.106791405771
NC4MDCO2H                    159.096900000000            10.510000960398          5307.652944662163
C914OOH                      200.188600000000            10.606872644110          5451.624709536191
LMLKAOH                      186.205100000000             9.830772363639          4925.152564839408
INCNCO3H                     256.124400000000            13.436893369028          6931.332221101329
C731CO2H                     172.178500000000            10.210007811181          5125.328836530967
C916OH                       186.205100000000             9.925958144089          4956.700837302931
C919OOH                      202.204500000000            11.129243440217          5732.140153683885
LIMALOOH                     218.246900000000            12.901746944211          6784.041627973770
HOCH2COCO2H                  104.061500000000             9.906522017513          4867.415997429025
INDHPAN                      256.124400000000            12.049750878528          6165.666673359113
HOCO3C4OOH                   120.103900000000             9.862735138854          4906.550033833900
C813OH                       190.193800000000            13.710134208908          7184.383878626003
C4M2ALOHNO3                  177.112200000000            10.197696480508          5000.725952655275
C536O2                       181.034800000000            10.110359073754          4904.729654571369
LIMAOOH                      186.248100000000            10.056911601063          5005.850113547546
NTLFUOOH                     193.111600000000            10.961745372234          5683.315885349715
C106OH                       200.231600000000             9.865284538584          4967.444258002926
C813O2                       205.185200000000            10.587449906873          5274.606644285878
C818OH                       174.194400000000            10.650442105248          5408.900623661489
MACRNCO3H                    181.100900000000            11.024772356660          5464.762299216432
MACRNPAN                     226.098400000000             9.821618192538          4852.161496371152
C88CO3H                      200.188600000000             9.532229934598          4793.199425126867
GENERIC                      437.000000000000            10.000000000000         10000.000000000000
