C918NO3           215.203      9.218       4448.414   
BCLKBOH           254.322      12.263      6313.729   
C617OOH           146.141      8.874       4205.185   
C128OH            228.285      12.734      6515.740   
BCLKBOC           254.322      10.283      5143.197   
C823CO            156.179      9.325       4438.157   
C143O2            271.329      10.214      5109.303   
BCCOOH            254.365      12.594      6481.666   
C146CO            252.306      10.520      5352.980   
C716OH            158.152      9.512       4595.874   
C1014OH           202.248      9.634       4656.306   
HMVKBCO3H         148.114      9.957       4785.112   
C134CO            270.278      14.012      7340.264   
NOPINANO3         199.204      8.516       4053.289   
C143OH            256.338      13.421      6948.052   
C623O             147.149      9.409       4413.917   
C617PAN           219.149      8.782       4191.311   
C128O2            243.276      9.664       4725.915   
C521OOH           148.114      11.348      5715.279   
BCLKBO2           269.313      9.289       4582.164   
CHOC3COPAN        191.096      8.597       4026.782   
APINBOOH          186.248      10.286      5035.754   
C919NO3           231.203      10.707      5352.890   
C137CO            224.296      10.856      5440.331   
C58NO3            179.128      11.630      5714.627   
BCALOOH           286.364      15.360      8041.276   
C1014OOH          218.247      10.633      5285.785   
C59O              133.123      8.760       4059.051   
BCALOOA           254.322      9.300       4598.809   
C810OOH           174.194      10.261      5040.157   
C527OOH           166.129      14.142      7238.224   
C1010OH           184.232      9.322       4492.878   
C629OH            146.141      10.275      4971.209   
C916NO3           231.203      10.707      5352.890   
C733OOH           176.167      12.162      6147.621   
IEPOXC            118.131      9.075       4208.483   
IEPOXB            118.131      9.153       4290.827   
IEPOXA            118.131      8.886       4085.680   
APINCOOH          186.248      10.623      5235.630   
MACROOH           120.104      10.109      4840.241   
C1012CO           184.232      8.169       3893.936   
NC91PAN           290.227      9.953       4949.140   
C510OH            179.128      11.326      5500.058   
C927OOH           188.221      11.460      5771.816   
C917NO3           215.203      9.226       4538.609   
C620OH            144.125      9.665       4630.581   
CO123C5CHO        142.109      8.400       3949.575   
C730O             161.176      9.834       4693.608   
NOPINDOOH         170.206      8.959       4330.681   
C109OH            184.232      9.556       4662.652   
C731OOH           160.168      9.679       4699.244   
C512CO2H          144.125      9.938       4815.129   
DHPMPAL           136.103      10.872      5316.665   
DHPMEK            136.037      10.690      5281.989   
INB1NBCHO         224.126      11.802      5865.118   
INB1NACHO         224.126      11.802      5865.118   
NC524OOH          213.143      18.274      9560.794   
C135OOH           302.277      18.761      9929.921   
C1211CO2H         256.295      15.344      8013.841   
C735OH            158.152      9.632       4617.198   
INB1OOH           197.143      14.548      7450.653   
C925OOH           220.220      15.950      8343.678   
C921O             187.213      10.083      4921.491   
H14CO23C4         118.088      10.219      5046.688   
H3C2C4CO2H        132.115      10.502      5092.052   
KLIMONIC          188.178      13.320      6831.870   
C135O             285.270      13.577      7085.390   
C98OH             188.221      11.080      5546.709   
C828OOH           188.178      10.399      5209.687   
C88CO2H           184.189      10.435      5214.405   
C1211CO           226.269      11.783      5988.362   
C826O             173.186      9.246       4396.824   
MMALNBCO3H        209.111      12.498      6218.664   
C98O2             203.212      8.478       3994.857   
INCNO3            226.142      12.999      6520.663   
H1C23C4PAN        207.095      10.633      5269.791   
LIMALBCO          182.216      8.734       4193.374   
C1010OOH          200.232      10.518      5243.159   
NC826OOH          235.191      9.146       4253.027   
INANO3            226.142      13.232      6660.579   
C918PAN           245.229      9.311       4549.556   
APINBOH           170.249      9.304       4401.956   
C821OOH           174.151      10.182      5081.289   
C622OOH           132.158      9.419       4463.112   
C616OH            144.125      9.665       4630.581   
C614OH            146.141      10.328      5078.282   
H3C25CCO3H        190.151      11.804      5926.576   
C923OOH           172.221      8.986       4328.089   
LMKBCO            170.206      8.668       4152.040   
C823OOH           174.194      11.816      5900.300   
C88OOH            172.179      9.363       4588.808   
MPRNO3CO2H        149.102      9.120       4197.274   
C1013CO2H         214.258      10.412      5111.352   
HIEPOXB           134.131      11.948      5965.106   
C86OOH            174.194      9.637       4690.144   
CONM2CO2H         163.086      10.275      4931.161   
C137NO3           271.310      8.858       4145.020   
C1215OH           244.284      14.201      7366.745   
APINANO3          215.246      9.678       4674.882   
C1011CO2H         198.259      10.032      4952.997   
C924OH            172.221      10.222      4995.430   
BCKANO3           285.336      8.553       4036.612   
C920PAN           261.229      10.996      5530.690   
LMLKACO           184.189      8.891       4334.203   
C926OH            186.205      9.985       4897.987   
C87OOH            188.178      11.085      5567.489   
C1312O            241.303      10.413      5208.115   
C812OOH           190.194      14.439      7412.187   
A2PAN             167.074      9.671       4603.659   
COHM2CO3H         134.087      9.394       4306.847   
C922O2            219.212      10.888      5404.792   
H1C23C4CHO        130.099      8.897       4231.054   
C1215O2           259.276      10.814      5419.293   
LMKAOOH           188.221      11.187      5593.868   
C106OOH           216.231      11.516      5851.577   
C929O2            203.212      8.348       3917.722   
C731CO3H          188.178      9.978       4868.291   
C930OH            186.205      9.985       4897.987   
HMVKNGLYOX        163.086      10.300      5003.033   
BCALCO            251.341      8.619       4194.893   
HOCH2CO2H         76.051       9.215       4210.469   
IEC2OOH           148.114      11.170      5539.079   
C615PAN           219.149      8.807       4231.114   
HNC524CO          195.127      14.450      7361.508   
C98OOH            204.220      12.522      6414.200   
C139NO3           303.308      10.655      5145.459   
C524OH            118.131      10.564      5089.651   
C1311NO3          271.310      8.537       3966.716   
C621OOH           178.140      14.919      7754.500   
LMKBOOH           188.221      10.972      5464.343   
INAHCO2H          195.127      14.569      7386.414   
C96OOH            172.221      8.842       4246.931   
HOCHOCOOH         106.077      9.986       4762.479   
C626OOH           146.141      9.236       4414.590   
C133OOH           274.310      15.803      8301.403   
CHOC3COOOH        146.098      8.940       4188.147   
C57NO3            179.128      11.630      5714.627   
C1313NO3          287.309      9.725       4702.333   
MMALNBCO2H        193.112      13.215      6643.549   
C51NO3            163.129      9.251       4401.979   
C628OOH           162.141      11.669      5845.774   
C87CO2H           200.189      12.010      6100.491   
C128NO3           273.282      9.144       4361.403   
C117NO3           259.256      8.810       4122.290   
INDHPPAN          272.124      13.943      7148.808   
C23O3CPAN         207.095      8.935       4180.486   
C142OOH           256.338      13.140      6779.660   
BCALBCO           250.333      10.138      5106.056   
C2OHOCOOH         122.077      11.156      5370.636   
C152OOH           302.363      15.594      8156.664   
CO235C6CHO        156.136      8.261       3930.021   
C1211OH           228.285      13.374      6883.294   
C620OOH           160.125      10.736      5317.522   
C813NO3           235.191      14.646      7565.688   
C624CO3H          160.168      9.730       4612.729   
C97OOH            188.221      11.180      5601.091   
C716OOH           174.151      10.601      5281.820   
NC101O2           244.221      8.238       3867.179   
HMVKANO3          149.102      8.758       4052.476   
HOC2H4CO2H        90.078       9.591       4464.848   
C526O             149.122      9.878       4677.271   
C1013CO3H         230.258      9.887       4805.147   
C729OOH           144.168      8.568       3975.839   
HC4CCO2H          116.115      9.918       4712.459   
C151OH            286.364      17.478      9182.360   
C818OOH           190.194      12.259      6250.145   
C151O2            301.355      13.723      7076.100   
C718OOH           160.168      9.306       4484.483   
C629OOH           162.141      11.669      5845.774   
C134O             271.286      12.402      6410.615   
C116OH            198.259      9.877       4871.550   
C617CO3H          174.151      9.183       4381.976   
C118O             229.250      10.711      5373.105   
C733CO            158.152      9.563       4655.331   
C920CO3H          216.231      11.794      5947.033   
LIMCOH            170.249      9.751       4714.344   
C817CO3H          202.204      10.093      4989.443   
CONM2CO3H         179.085      9.717       4594.758   
COHM2CO2H         118.088      9.988       4679.084   
LIMONIC           186.205      11.920      6024.924   
PXYFUOOH          148.114      11.295      5726.996   
C735OOH           174.151      10.891      5415.740   
MACRNOOA          165.101      8.862       4022.544   
BCKBCO            238.323      10.302      5190.443   
C831OOH           174.194      10.099      4944.411   
LIMAOH            170.249      9.226       4341.699   
C132O2            257.303      9.831       4859.189   
C825O2            189.186      9.991       4722.669   
CO25C6CO2H        158.152      10.005      4918.443   
C88PAN            245.186      9.665       4774.364   
INAO              180.136      10.282      4875.756   
C720OH            128.169      8.840       4056.700   
MVKOHANO3         165.101      11.622      5766.198   
C137CO3           269.313      8.829       4117.088   
C829OH            174.194      10.831      5381.562   
NC72O2            232.124      8.985       4321.668   
C512PAN           205.122      8.973       4278.280   
C1011CO3H         214.258      9.500       4641.083   
C825OH            174.194      13.271      6699.007   
HC4ACO2H          116.115      9.918       4712.459   
C134OH            272.294      15.713      8249.515   
C1313O            241.303      10.679      5342.168   
C126OH            196.286      9.128       4407.926   
LIMALACO          182.216      8.213       3907.680   
C132OH            242.311      12.698      6516.745   
C126CO2H          224.296      10.856      5440.331   
C818O             173.186      8.510       4026.067   
C126OO            226.269      8.942       4334.919   
LIMBOOH           186.248      10.198      4971.965   
C624CO2H          144.168      10.331      4978.795   
C7PAN3            233.132      10.210      5073.732   
C621O             161.133      10.336      5081.451   
C109CO            182.216      8.594       4115.146   
C918CO3H          200.232      10.464      5118.872   
LMLKAOOH          202.204      11.273      5693.203   
C1311O            225.304      9.270       4489.933   
INAOOH            197.143      14.414      7352.957   
H1C23C4OOH        134.087      11.102      5569.724   
NOPINBNO3         199.204      8.516       4053.289   
C811OOH           174.194      11.641      5801.050   
C511CO3H          160.125      9.110       4306.295   
C617CO2H          158.152      9.719       4703.331   
INAHPCHO          195.127      12.727      6381.720   
INANCHO           224.126      11.729      5798.111   
C137O             225.304      9.639       4696.758   
C829O             173.186      8.522       4030.957   
C87CO3H           216.188      11.328      5703.931   
C1013OH           186.248      8.387       3907.294   
C721CHO           156.179      9.179       4355.495   
NC4OO             165.101      8.716       4011.951   
C89CO3H           186.205      9.067       4312.939   
C728OOH           178.183      14.014      7185.711   
C536OOH           182.043      15.445      7995.676   
HOC2H4CO3H        106.077      8.926       4035.706   
BCLKET            238.323      9.596       4796.142   
C527O             149.122      9.878       4677.271   
C139O2            257.303      11.618      5796.055   
HC4CCO3H          132.115      9.293       4322.769   
C1211OOH          244.284      14.590      7581.539   
C530OOH           134.131      10.288      4962.962   
INB2O             180.136      10.282      4875.756   
LMLKBOH           186.205      10.508      5242.826   
BCSOZOOH          302.363      13.417      6932.025   
C614CO            144.125      8.919       4325.048   
C625OH            148.157      11.744      5851.267   
C1210OOH          228.285      11.322      5740.388   
HMACROOH          136.103      13.477      6848.063   
HC4ACO3H          132.115      9.293       4322.769   
C531OOH           146.098      9.485       4557.673   
NC524OH           197.143      16.337      8438.830   
NC524O2           212.135      12.593      6235.851   
C919OH            186.205      10.263      5042.842   
INAHPCO2H         211.127      16.301      8423.019   
C625O2            163.149      8.882       4097.619   
C513CO            130.099      8.897       4231.054   
NC102O            244.221      9.176       4505.295   
PINIC             186.205      11.742      5924.479   
H3C2C4PAN         193.112      9.287       4410.189   
C4MALOHOOH        148.114      11.447      5634.005   
BCLKAOOH          270.322      13.077      6777.568   
C1211CO3          271.286      9.494       4537.224   
NBCALOOH          331.361      11.075      5555.893   
MVKOHBOOH         136.103      13.332      6821.352   
C1213OOH          276.283      19.739      10433.579  
CHOMOHCO3H        134.087      9.394       4306.847   
C108OOH           216.231      11.516      5851.577   
INANCO2H          240.125      14.954      7647.178   
CO25C6CO3H        174.151      9.453       4586.628   
C4PAN10           195.084      11.440      5680.394   
C524OOH           134.131      11.757      5846.559   
C23O3CCO3H        162.097      9.111       4227.049   
NBPINAOOH         231.246      10.930      5467.039   
C517OH            118.131      9.069       4297.200   
C4PAN6            179.085      8.877       4140.652   
C812OH            174.194      12.853      6451.918   
C914OH            184.189      9.927       4885.859   
C524CO            116.115      9.115       4346.926   
C1312OH           242.311      13.248      6819.585   
BCCNO3            283.363      8.271       3883.625   
C1310OH           258.311      16.886      8847.964   
C6TONOHOOH        176.124      13.095      6714.093   
NC101O            228.222      8.476       4037.734   
INB1NBCO2H        240.125      15.071      7733.270   
C1310O2           273.302      12.939      6611.456   
C126CO3H          240.296      10.286      5110.270   
NOPINAOOH         170.206      8.959       4330.681   
C1312O2           257.303      10.083      4988.691   
C525OOH           166.129      16.457      8585.819   
C534OOH           180.113      13.646      6891.667   
C137CO2H          254.322      13.875      7187.992   
C921OOH           204.220      14.292      7383.822   
NC71CO            201.134      9.513       4696.104   
BCLKBO            253.314      9.568       4769.192   
C3DIOLOOH         108.093      11.468      5645.927   
INAHPCO3          226.118      9.759       4414.304   
NORLIMO2          203.212      8.806       4141.573   
BPINCOOH          186.248      10.999      5496.591   
C614NO3           191.139      10.607      5264.062   
C10PAN2           245.229      9.017       4356.765   
C518CO3H          146.141      9.317       4336.239   
C519OOH           134.131      10.100      4927.833   
CO2H3CO3H         134.087      9.432       4414.312   
C85CO3H           186.205      8.780       4173.189   
BPINBOOH          186.248      10.578      5224.623   
C126CO            194.270      8.334       3986.390   
C811OH            158.195      10.609      5169.714   
INAHPCO3H         227.126      15.380      7889.453   
C515CHO           142.109      8.400       3949.575   
C1312OOH          258.311      14.537      7571.368   
C146OH            254.322      11.905      6088.458   
NC72OOH           233.132      13.072      6738.545   
C818CO            172.179      9.624       4756.060   
H3C25CCO2H        174.151      12.509      6344.975   
C146O2            269.313      9.070       4448.009   
H3C25C6OOH        162.141      11.446      5747.366   
C1310OOH          274.310      18.452      9727.108   
NC101CO           213.230      8.696       4189.250   
MACRNCO2H         165.101      12.082      5976.026   
BCBOCOO           270.322      9.956       4928.632   
INANCO3H          256.124      14.195      7206.523   
H3C25C6PAN        235.148      11.217      5612.193   
C23O3CCO2H        146.098      9.649       4552.195   
HYPROPO2H         92.094       8.789       4040.361   
C144O2            271.329      10.322      5138.315   
H3C25C6OH         146.141      10.328      5078.282   
C732OH            160.168      11.569      5781.993   
INB1O             180.136      10.350      4947.092   
NC6PAN1           294.129      12.564      6419.179   
INCNCHO           224.126      11.523      5672.489   
INANPAN           301.122      12.902      6538.197   
C132OOH           258.311      14.214      7399.261   
HIEB1O2           165.121      10.949      5218.104   
C9DCOOH           184.189      9.880       4904.042   
INB1NBCO3H        256.124      14.293      7283.123   
NC61CO3H          249.132      13.155      6733.123   
C517OOH           134.131      10.088      4923.019   
C89PAN            231.203      8.371       3982.233   
C827CO2H          186.205      10.269      5101.822   
C137CO3H          270.322      13.168      6784.965   
C6TRONOHO2        175.116      8.778       4100.977   
C134OOH           288.294      17.224      9090.962   
C618CO2H          158.152      9.719       4703.331   
C734O             175.159      11.129      5491.146   
C825CO            172.179      11.661      5843.826   
C1215O            243.276      11.179      5657.285   
NC524NO3          242.141      16.660      8643.743   
NC102OOH          261.229      12.879      6647.267   
BCCO              237.358      8.971       4376.158   
NC730OOH          223.181      9.721       4528.461   
C515OOH           146.098      9.912       4856.241   
C148O             269.139      9.994       4959.271   
C518CO2H          130.142      9.903       4697.677   
ISOP34OOH         118.131      8.941       4116.025   
H13CO2CO3H        150.087      12.532      6272.687   
C1213OH           260.284      18.061      9504.425   
C516OOH           164.113      15.092      7806.892   
NC623OOH          209.154      9.315       4252.321   
C139O             241.303      12.029      6063.748   
C822OOH           158.195      8.963       4240.019   
C87CO             170.163      9.156       4441.780   
HMVKNO3           165.101      12.010      6022.691   
C1213O2           275.275      13.837      7130.833   
C824CO            156.179      8.852       4199.024   
C133CO            256.295      12.792      6645.882   
C151OOH           302.363      19.375      10235.950  
C510O             178.120      9.057       4150.937   
C117O             213.250      9.598       4683.851   
NC728OOH          223.181      9.721       4528.461   
C923CO3H          200.232      9.333       4517.202   
C820OOH           204.177      13.422      6937.800   
C235C6CO3H        188.135      10.368      5162.434   
INB2OOH           197.143      14.414      7352.957   
C719O2            175.159      8.919       4086.240   
C128O             227.277      9.980       4940.174   
PXYFUOH           132.115      9.864       4854.620   
C1211O2           243.276      10.080      4952.570   
INDOH             181.144      12.952      6480.777   
BCLKCO            253.314      9.335       4627.716   
INDO2             196.135      9.983       4681.341   
MMALNHYOOH        162.097      11.182      5449.702   
C9DCOH            168.190      8.872       4270.814   
C719OH            160.168      11.647      5756.416   
C717OH            158.152      9.512       4595.874   
C918CHO           168.233      8.398       3927.025   
C525O             149.122      11.423      5653.440   
C145OOH           304.336      19.949      10558.470  
C1215CO           242.268      12.626      6524.672   
C918OOH           186.205      9.934       4871.016   
IECPAN            193.112      8.943       4190.988   
HIEB1O            149.122      11.451      5572.461   
INB1HPCO3H        227.126      15.512      7983.832   
C107OOH           200.232      10.268      5089.497   
C517CO3H          162.141      10.423      5080.915   
C51OH             118.131      9.002       4221.330   
C826OOH           190.194      13.013      6636.481   
H3C25C5CHO        144.125      9.046       4297.539   
INB1HPPAN         272.124      13.943      7148.808   
LMLKBOOH          202.204      11.577      5876.410   
C57OH             134.131      11.286      5465.818   
MMALNBPAN         254.108      11.427      5670.188   
BCKBOOH           256.338      12.760      6562.041   
C537OOH           182.043      15.445      7995.676   
C618CO3H          174.151      9.183       4381.976   
C1214O            227.277      10.024      4951.667   
C614OOH           162.141      11.545      5827.755   
NBCALOH           315.362      9.987       4886.631   
BCBO              237.358      8.463       4030.504   
HYETHO2H          78.067       8.694       3992.947   
NAPINBOOH         231.246      10.648      5288.701   
C514NO3           161.113      8.972       4226.539   
C717OOH           174.151      10.601      5281.820   
HOPINONIC         200.232      12.483      6349.220   
C5PAN18           222.110      8.627       4055.259   
C527O2            165.121      9.490       4392.214   
C826OH            174.194      11.574      5755.581   
BCLKCCO           252.306      10.520      5352.980   
C98O              187.213      8.737       4187.556   
C719OOH           176.167      13.167      6688.972   
HM22CO3H          134.131      8.882       4057.897   
C820O2            203.169      9.072       4359.872   
INB1NBCO3         255.117      9.238       4146.578   
C730OOH           178.183      14.014      7185.711   
C826O2            189.186      8.904       4152.489   
C827CO3H          202.204      9.717       4776.044   
HO12CO3C4         104.105      8.770       4074.052   
C729CO3H          172.179      8.810       4129.650   
C521OH            132.115      10.204      5034.847   
BCALACO           250.333      9.696       4865.986   
C1310CO           256.295      15.118      7903.497   
LIMALNO3          247.245      8.714       4044.318   
C734OOH           192.167      15.781      8203.933   
C136OH            210.313      9.528       4663.735   
NC102O2           260.221      8.919       4326.713   
BCKET             206.324      7.824       3755.839   
HPC52OOH          166.129      13.994      7131.424   
LIMALO            201.240      9.515       4620.857   
NAPINAOOH         231.246      10.648      5288.701   
BCKAOO            254.322      9.300       4598.809   
BCKAOH            240.339      11.614      5877.484   
NPXYFUOOH         193.112      11.395      5794.456   
LIMALO2           217.239      9.210       4405.515   
C152O2            301.355      11.047      5550.428   
C142NO3           285.336      8.649       4091.675   
C720OOH           144.168      9.830       4713.475   
NBCKOOH           301.336      9.360       4551.905   
C58OH             134.131      11.286      5465.818   
C830CO2H          170.206      9.483       4562.253   
BCLKBOOH          270.322      13.402      6965.183   
C152OH            286.364      14.035      7259.615   
C141OO            270.322      12.012      6139.842   
LIMALOH           202.248      11.966      6037.852   
INANCOCO2H        238.109      13.354      6799.831   
LIMALAOH          184.232      9.406       4534.046   
C1013OOH          202.248      9.293       4492.814   
C87PAN            261.185      10.601      5324.719   
C722OOH           176.167      12.504      6306.625   
INDHPCHO          195.127      12.831      6465.740   
INB1NAPAN         301.122      12.964      6592.572   
C721OOH           160.168      11.011      5394.435   
INCNPAN           301.122      12.691      6413.315   
C722O             159.160      8.725       4034.370   
BCKAO2            255.330      8.991       4351.424   
C413COOOH         118.088      8.625       4011.482   
HIEB2O            149.122      11.226      5431.639   
INB1OH            181.144      13.202      6632.050   
C1212OH           244.284      16.029      8352.314   
C59OOH            150.130      12.794      6497.768   
C116CHO           210.269      9.256       4548.146   
C729CO2H          156.179      9.325       4438.157   
NOPINCNO3         199.204      8.539       4074.012   
BCALO             269.357      11.099      5626.554   
C57NO3PAN         256.124      12.718      6411.078   
BCAO              237.358      8.617       4124.265   
BCAL              236.350      8.851       4346.869   
INB1O2            196.135      9.983       4681.341   
C1011OOH          186.248      9.141       4425.876   
C126CHO           208.297      8.679       4209.951   
C148CO            268.131      11.324      5763.206   
INB1NBPAN         301.122      12.964      6592.572   
C623OH            148.157      11.945      5925.333   
BCALNO3           315.362      10.172      5018.039   
C623O2            163.149      9.052       4147.917   
C827OOH           174.194      9.472       4632.886   
C133NO3           303.308      10.366      5149.919   
C46CO3H           132.115      9.272       4312.176   
PERPINONIC        200.232      9.189       4436.758   
C812O             173.186      10.241      4917.834   
INDHPCO3H         227.126      15.512      7983.832   
MMALNACO2H        193.112      13.215      6643.549   
C625OOH           164.156      13.326      6811.242   
C830CO3H          186.205      8.965       4254.727   
C1215NO3          289.282      10.207      5011.486   
C128CO            226.269      11.263      5732.065   
BCAOH             238.366      10.785      5372.100   
BCAOO             252.349      8.590       4168.411   
C88OH             156.179      8.381       3963.842   
INAHPAN           256.124      12.428      6217.395   
C915NO3           215.203      9.259       4501.703   
MVKOHBO           119.096      9.015       4220.843   
NC4CO2H           161.113      9.840       4695.756   
C736OOH           158.152      9.717       4739.682   
C513OH            132.115      10.303      4988.781   
PRNO3CO2H         135.076      8.954       4079.048   
C108OH            200.232      10.211      5055.829   
BCAO2             253.357      8.383       3957.447   
BCLKAO            253.314      9.335       4627.716   
MMALNAPAN         254.108      11.427      5670.188   
C1212OOH          260.284      17.856      9389.479   
C144O             255.330      10.653      5356.178   
NORPINIC          172.179      11.216      5608.996   
INDO              180.136      10.350      4947.092   
LMLKBCO           184.189      9.390       4598.060   
C811PAN           247.202      10.825      5371.435   
BCCO2             253.357      8.708       4194.477   
C535OOH           180.113      13.646      6891.667   
C147OOH           286.321      16.663      8761.136   
C131CO2H          254.322      12.445      6409.566   
C148OOH           286.142      13.611      7049.899   
BCCOH             238.366      11.265      5689.719   
C917OH            170.206      8.767       4230.070   
C627OOH           146.141      9.065       4384.205   
ISOPAOOH          118.131      9.309       4387.787   
C141CO3H          268.349      10.898      5512.639   
NC4OOA            165.101      8.716       4011.951   
C141OOH           240.339      10.560      5325.806   
BCALO2            285.356      10.753      5403.637   
INB1NACO3H        256.124      14.293      7283.123   
IEACO3H           148.114      9.700       4530.166   
C141OOA           270.322      12.012      6139.842   
C109OOH           200.232      10.522      5246.693   
BCALCO2           267.341      8.385       4032.503   
INCCO             179.128      11.318      5582.629   
BCALAO2           267.341      8.385       4032.503   
IBUTOLBO2H        106.120      8.911       4113.229   
BCALAOH           252.349      10.997      5552.906   
C513OOH           148.114      11.499      5743.472   
C537O2            181.035      10.420      4983.821   
C146OOH           270.322      13.077      6777.568   
C918OH            170.206      8.959       4243.780   
BCALCOH           252.349      10.997      5552.906   
C920OOH           188.221      11.465      5776.079   
BCALOH            270.365      13.795      7141.967   
C928CO2H          200.232      10.743      5391.720   
BCALOO            254.322      9.300       4598.809   
C515CO3H          174.108      10.257      5042.290   
C1214O2           243.276      9.710       4737.617   
C46CO2H           116.115      9.896       4701.046   
C107OH            184.232      9.102       4352.933   
C145O2            303.328      14.072      7304.399   
C728O             161.176      9.834       4693.608   
C812O2            189.186      9.865       4650.303   
C139OOH           258.311      16.561      8655.791   
C813O             189.186      11.374      5657.684   
C535O2            179.105      9.342       4230.415   
C732CO            158.152      10.103      4924.501   
BCLKACO           252.306      10.520      5352.980   
C721CO3H          188.178      10.616      5247.443   
HMACROH           120.104      11.866      5852.673   
C630OOH           146.141      10.622      5267.626   
C718CO2H          172.179      10.168      4989.229   
C137OOH           242.311      13.537      6963.761   
C1214OH           228.285      12.538      6388.737   
C515PAN           219.106      9.905       4859.950   
C142O2            255.330      9.096       4411.914   
C144OOH           272.337      14.806      7725.344   
C129O2            241.260      8.701       4174.551   
BCLKCOH           254.322      11.905      6088.458   
C127O2            227.277      8.617       4049.261   
C145O             287.329      14.574      7605.704   
C1311OOH          242.311      12.979      6655.907   
MCOCOMOOOH        134.087      8.597       3965.680   
C67CO3H           162.141      9.886       4712.311   
INCO              180.136      10.094      4756.852   
C127OH            212.285      11.148      5546.437   
C152O             285.356      11.388      5770.620   
HPC52CO3H         198.128      16.864      8746.127   
C136OOH           226.312      10.453      5220.471   
C129OH            226.269      11.408      5759.654   
BCLKCO2           269.313      9.070       4448.009   
C142OH            240.339      11.748      5954.052   
C824OOH           174.194      11.257      5588.241   
C131CO3H          270.322      11.797      6040.832   
C1313OOH          258.311      14.759      7680.625   
MVKOHAO           119.096      8.715       3998.171   
C819O             173.186      8.522       4030.957   
C143NO3           301.336      9.673       4743.370   
INB1HPCHO         195.127      12.831      6465.740   
C916OOH           202.204      11.556      5841.652   
CO2N3PAN          224.083      9.557       4557.790   
BPINAOOH          186.248      10.855      5414.503   
C6145COOOH        160.125      10.404      5161.559   
C152NO3           331.361      10.470      5167.651   
C141CO2H          252.349      11.490      5850.920   
MMALNACO3H        209.111      12.498      6218.664   
C128OOH           244.284      13.997      7259.558   
C535O             163.106      9.672       4478.500   
APINBNO3          215.246      9.503       4567.890   
C58NO3PAN         256.124      12.718      6411.078   
C625O             147.149      9.207       4347.070   
HM22CO2H          118.131      9.458       4417.781   
MACRNO3           149.102      9.201       4275.975   
C4M2AL2OH         132.115      10.127      4778.181   
C718NO3           189.166      8.626       4073.178   
C810NO3           203.192      9.599       4668.622   
C928CO3H          216.231      10.167      5054.769   
C917OOH           186.205      9.968       4976.511   
LIMALBOOH         200.232      10.685      5337.946   
NISOPNO3          192.127      8.647       4009.628   
CO23C4CO3H        146.098      8.552       4010.703   
MACRNOO           165.101      8.862       4022.544   
APINCNO3          215.246      9.802       4745.342   
C511OOH           132.115      8.809       4132.943   
C734OH            176.167      14.298      7331.298   
C736OH            142.153      8.772       4154.657   
BCALBO            251.341      8.832       4325.918   
INDHPCO3          226.118      9.799       4472.531   
C97OH             172.221      9.888       4796.314   
C730OH            162.184      12.432      6225.959   
MVKOHAOH          120.104      11.932      5975.727   
OCCOHCOOH         106.077      9.623       4499.937   
PINALOOH          200.232      10.268      5089.497   
NC1313OH          287.309      9.544       4569.072   
MVKOHAOOH         136.103      12.837      6508.774   
INB1NACO2H        240.125      15.071      7733.270   
LIMALAOOH         200.232      10.408      5168.442   
IEAPAN            193.112      8.778       4087.650   
INANCOPAN         299.106      12.312      6214.611   
INB1NO3           226.142      13.329      6738.893   
C1211O            227.277      10.416      5179.255   
C734O2            191.159      10.699      5194.169   
H1CO23CHO         116.072      8.645       4063.775   
APINCOH           170.249      9.427       4472.706   
C118OH            230.258      13.650      7046.100   
C929O             187.213      8.598       4105.523   
C126OOH           212.285      10.027      4955.748   
C819OOH           190.194      12.273      6256.503   
C126OOA           226.269      8.942       4334.919   
DNC524CO          240.125      14.820      7607.926   
C1213CO           258.268      16.214      8516.927   
C151O             285.356      14.214      7374.214   
C522CO2H          128.126      8.867       4139.152   
C141CO            222.323      8.471       4106.354   
C824OH            158.195      10.169      4894.566   
C924OOH           188.221      11.332      5686.789   
NC4CO3H           177.112      9.305       4374.052   
C133OH            258.311      14.397      7502.895   
C118O2            245.249      10.362      5140.880   
INB1CO            179.128      11.630      5796.303   
BCSOZOH           286.364      12.065      6133.492   
C106NO3           245.229      10.662      5358.069   
C127OOH           228.285      12.487      6361.412   
C534O             163.106      9.672       4478.500   
C730O2            177.175      9.463       4425.378   
C927OH            172.221      10.134      4952.131   
C57AOOH           150.130      12.521      6250.452   
C823CO3H          202.204      11.282      5646.011   
C925O2            219.212      10.888      5404.792   
C129OOH           242.268      12.540      6439.888   
BCKAOOH           256.338      12.992      6696.022   
C146O             253.314      9.335       4627.716   
HIEB1OOH          166.129      16.302      8446.050   
C929CO            186.205      9.720       4830.511   
C147CO            268.306      13.597      7077.556   
BCSOZO2           301.355      9.445       4624.772   
CO2N3CO3H         179.085      9.661       4606.737   
C96NO3            201.220      8.416       3979.996   
MACROHOOH         120.104      9.557       4458.617   
C57OOH            150.130      12.780      6407.872   
INB1HPCO3         226.118      9.799       4472.531   
C116OOH           214.258      10.859      5459.187   
LIMONONIC         184.232      9.859       4828.242   
NORLIMOOH         204.220      12.923      6614.548   
C630OH            130.142      9.579       4635.368   
C55OOH            134.131      9.520       4531.944   
C929OH            188.221      11.123      5575.227   
C734CO            174.151      12.605      6422.907   
C525O2            165.121      10.921      5302.139   
NC101OOH          245.229      11.666      5924.763   
NOPINBOOH         170.206      8.959       4330.681   
NISOPOOH          163.129      9.378       4419.965   
HIEB2OOH          166.129      15.975      8255.825   
C817OOH           174.194      9.724       4792.544   
C813OOH           206.193      16.039      8358.948   
C131OH            226.312      10.418      5249.256   
BCBCO             236.350      9.506       4713.190   
C828CHO           184.189      8.540       4135.382   
C98NO3            233.219      11.533      5841.453   
INB2O2            196.135      9.928       4616.298   
BCALCCO           250.333      9.696       4865.986   
C133O2            273.302      10.967      5547.987   
C51OOH            134.131      10.100      4927.833   
C117O2            229.250      9.299       4475.180   
HO13CO4C5         118.131      9.002       4221.330   
PINONIC           184.232      9.706       4742.446   
C810OH            158.195      9.104       4294.262   
HMACO2H           102.089      9.740       4588.987   
BPINCOH           170.249      9.751       4714.344   
C2OHOCO2H         106.077      12.025      5917.408   
C85OOH            158.195      8.311       3893.506   
C811CO3H          202.204      11.115      5552.069   
C135O2            301.269      13.128      6815.370   
NC71O             202.142      8.378       3961.687   
HPC52O2           165.121      9.431       4322.254   
HMACRO            119.096      9.247       4261.452   
C129CO            224.253      10.069      5048.457   
C6TRONOHO         159.117      9.075       4322.788   
HMVKAOOH          120.104      9.533       4547.448   
C117OH            214.258      12.038      6087.529   
C524NO3           163.129      10.650      5166.924   
BCBOOA            270.322      9.956       4928.632   
C147O             269.313      12.066      6177.512   
BCBOOH            254.365      11.835      6013.446   
BCLKCOOH          270.322      13.077      6777.568   
BCALBOOH          268.349      12.371      6371.928   
NC524O            196.135      13.134      6594.779   
C108NO3           245.229      10.662      5358.069   
BPINAOH           170.249      9.621       4640.200   
MPRBNO3OOH        151.118      8.776       4008.329   
HMVKBOOH          120.104      9.882       4792.327   
BCKAO             239.331      9.254       4534.784   
C129O             225.261      8.978       4365.856   
C820O             187.170      9.358       4567.509   
C719O             159.160      9.216       4315.495   
C915OH            170.206      9.015       4309.774   
BCAOOH            254.365      12.049      6138.235   
C615CO3H          174.151      9.623       4640.047   
NBCOOH            299.363      8.733       4154.488   
C89OOH            158.195      8.700       4068.037   
C537O             165.040      10.865      5294.992   
HPC52CO3          197.120      10.398      4787.245   
C520OOH           148.114      11.170      5539.079   
C619OOH           144.125      9.082       4422.082   
MMALNHY2OH        146.098      9.903       4615.241   
C519CO2H          146.141      11.076      5478.597   
C616OOH           160.125      10.736      5317.522   
C1012OOH          202.248      10.366      5154.001   
C624OOH           132.158      9.430       4467.429   
C1214OOH          244.284      14.033      7270.790   
C622CO3H          160.168      9.730       4612.729   
C143CO            254.322      11.889      6132.507   
C831OH            158.195      9.138       4319.780   
C1210CO3H         256.295      11.620      5907.842   
HPC52O            149.122      9.804       4599.643   
C517CO2H          146.141      11.076      5478.597   
C118OOH           246.257      15.012      7835.917   
INAHCO3H          211.127      13.771      6913.255   
C141OH            224.339      9.612       4764.074   
C147OH            270.322      15.232      7950.357   
C147O2            285.313      11.678      5932.051   
C822CO3H          186.205      9.207       4392.208   
C718CO3H          188.178      9.609       4657.324   
C1213O            259.276      14.363      7452.307   
CO13C3CO2H        116.072      9.030       4221.844   
C1212O2           259.276      12.480      6322.276   
C526OOH           166.129      14.142      7238.224   
C1012OH           186.248      9.365       4522.045   
C930OOH           202.204      11.286      5699.480   
NC72O             216.125      9.247       4509.052   
C721PAN           233.175      10.387      5095.179   
CO235C6OOH        160.125      9.961       4950.591   
ISOPDOOH          118.131      9.016       4197.220   
BCKBO             239.331      9.086       4433.723   
C148OH            270.147      12.436      6356.851   
C106O             199.224      8.083       3819.605   
C145OH            288.337      17.962      9469.374   
HMACO3H           118.088      9.096       4181.593   
C148O2            285.313      9.700       4764.106   
C1211CO3H         272.294      14.538      7559.205   
INAHCHO           179.128      11.326      5500.058   
C732OOH           176.167      12.719      6466.060   
ISOPCOOH          118.131      9.309       4387.787   
C118NO3           275.255      9.786       4745.058   
C615CO2H          158.152      10.244      5011.757   
INDOOH            197.143      14.548      7450.653   
C108O             199.224      8.083       3819.605   
C536O             165.040      10.865      5294.992   
C58OOH            150.130      12.780      6407.872   
C131O             225.304      8.049       3870.300   
INB1GLYOX         177.112      10.243      4976.153   
H13CO2C3          90.078       8.909       4212.005   
C727CO3H          188.178      9.638       4705.667   
C926OOH           202.204      11.286      5699.480   
C131CO            224.296      9.181       4539.685   
C925O             203.212      11.291      5675.554   
INCOOH            197.143      14.145      7193.296   
ISOPBOOH          118.131      9.016       4197.220   
C9DCNO3           213.187      9.163       4479.892   
BCSOZNO3          331.361      9.006       4318.468   
C1212NO3          305.281      11.400      5609.869   
C922OOH           220.220      15.950      8343.678   
C516O2            163.106      10.051      4772.911   
C622CO2H          144.168      10.331      4978.795   
C1211NO3          273.282      9.527       4567.403   
C6PAN9            207.138      9.293       4421.595   
C1210OH           212.285      10.316      5144.121   
C1213NO3          305.281      12.960      6580.279   
NPXYFUO           176.104      8.223       3866.527   
NBPINBOOH         231.246      10.930      5467.039   
MACRNBPAN         226.098      9.701       4640.647   
INANCOCHO         222.110      10.447      5115.251   
C919OOH           202.204      11.556      5841.652   
C822CO2H          170.206      9.741       4709.634   
INAOH             181.144      12.838      6387.865   
C924CO            170.206      8.888       4294.345   
C1212O            243.276      12.941      6615.107   
C1313OH           242.311      13.239      6792.099   
C1311OH           226.312      11.609      5831.066   
INCOH             181.144      12.838      6387.865   
C1311O2           241.303      8.993       4296.086   
C718OH            144.168      8.398       3916.451   
INANCOCO3H        254.108      12.678      6407.122   
INCO2             196.135      9.755       4505.593   
C1313O2           257.303      10.319      5105.020   
C623OOH           164.156      13.500      6879.443   
C519CO3H          162.141      10.423      5080.915   
INAO2             196.135      9.928       4616.298   
LMKAOH            172.221      9.897       4788.381   
BPINBNO3          215.246      9.751       4731.534   
BCKBNO3           285.336      8.410       3949.701   
C5PAN9            191.096      8.602       4036.539   
C533OOH           164.113      11.040      5434.809   
BPINANO3          215.246      9.977       4892.545   
IECCO3H           148.114      9.891       4652.690   
C828CO3H          216.188      10.652      5353.573   
BCLKAO2           269.313      9.070       4448.009   
BCLKAOH           254.322      11.905      6088.458   
C626CO3H          174.151      9.540       4587.282   
BCALAO            251.341      8.619       4194.893   
BPINCNO3          215.246      10.107      4966.023   
PINALNO3          229.230      9.523       4654.234   
C733O             159.160      8.471       3920.584   
C825OOH           190.194      14.622      7515.691   
BCKSOZ            254.322      9.024       4398.161   
C514OOH           132.115      9.589       4578.989   
C136CO3H          254.322      10.713      5374.688   
C928OOH           188.221      9.803       4858.762   
C1310NO3          303.308      12.144      6102.226   
C829OOH           190.194      12.273      6256.503   
C922O             203.212      11.291      5675.554   
C1312NO3          287.309      9.534       4613.229   
C127O             211.278      8.881       4238.282   
C929OOH           204.220      12.328      6303.320   
NC91CHO           213.230      8.699       4189.364   
NORLIMO           187.213      9.096       4351.292   
HC23C4CO3H        162.097      11.173      5565.503   
C717NO3           203.149      9.813       4811.453   
APINAOOH          186.248      10.485      5157.130   
C827OH            158.195      8.315       3895.619   
C830OOH           158.195      8.700       4068.037   
C57NO3CO3H        211.127      14.138      7154.622   
C526O2            165.121      9.490       4392.214   
C719NO3           205.165      12.078      6044.234   
BCLKBCO           252.306      10.946      5579.357   
C921O2            203.212      9.739       4677.362   
C143OOH           272.337      14.728      7701.049   
C823OH            158.195      10.771      5262.546   
LMLKET            170.206      8.100       3821.410   
C58NO3CO2H        195.127      14.983      7652.466   
C116CO            196.243      8.870       4302.029   
C731OH            144.168      8.741       4115.338   
C733OH            160.168      10.959      5402.041   
MACRNBCO3H        165.101      11.478      5579.017   
C520OH            132.115      9.802       4668.158   
C512OOH           132.115      9.068       4302.138   
C811NO3           203.192      10.596      5195.318   
INDHCO3H          211.127      13.885      7002.984   
BCKSZOO           270.322      8.752       4214.235   
C816OOH           158.195      8.578       4064.355   
PINALOH           184.232      9.102       4352.933   
BCKBO2            255.330      8.833       4255.636   
HIEB2O2           165.121      10.745      5088.918   
INCGLYOX          177.112      9.984       4788.567   
C139OH            242.311      14.879      7681.722   
OCCOHCOH          90.078       8.916       4040.466   
C137OH            226.312      12.415      6308.160   
C137O2            241.303      9.344       4492.247   
C510OOH           195.127      12.727      6381.720   
KLIMONONIC        186.205      10.670      5330.020   
INB1HPCO2H        211.127      16.458      8529.686   
C1014CO           200.232      8.904       4259.612   
CONM2PAN          224.083      9.021       4262.783   
BCKBOO            254.322      9.300       4598.809   
C3MDIALOOH        118.088      8.952       4153.848   
HPNC524CO         211.127      16.187      8392.044   
C151NO3           331.361      12.897      6560.363   
C626CO2H          158.152      10.103      4924.501   
C816CO3H          186.205      8.919       4251.185   
H13CO2CHO         118.088      10.078      4842.214   
C732O             159.160      8.839       4145.444   
C628OH            146.141      10.275      4971.209   
C116CO3H          242.268      11.157      5627.506   
INCNCO2H          240.125      14.695      7494.795   
C118CO            228.242      12.106      6220.391   
NC91CO3H          245.229      10.753      5350.747   
LIMALBOH          184.232      9.707       4747.617   
BCKOOA            254.322      9.300       4598.809   
BCKOOB            254.322      9.300       4598.809   
C58NO3CO3H        211.127      14.138      7154.622   
C728OH            162.184      12.432      6225.959   
INANCO            224.126      11.750      5878.175   
C44OOH            134.087      11.685      5780.460   
LIMCOOH           186.248      10.999      5496.591   
C133O             257.303      11.324      5778.374   
C618PAN           219.149      8.782       4191.311   
C117OOH           230.258      13.501      6959.955   
C718PAN           233.175      9.160       4437.562   
MACRNBCO2H        165.101      11.478      5579.017   
NOPINCOOH         170.206      8.989       4355.037   
C825O             173.186      10.375      4995.308   
INAHPPAN          272.124      13.857      7081.695   
C136CO2H          238.323      11.303      5713.961   
C516O             147.106      10.476      5078.220   
C142O             239.331      9.365       4598.492   
C728O2            177.175      9.463       4425.378   
C58AOOH           150.130      12.521      6250.452   
HMVKBCO2H         132.115      10.590      5176.237   
HO14CO2C4         104.105      9.392       4505.372   
NC71OOH           219.149      11.885      6039.116   
MVKNO3            149.102      9.032       4253.642   
C928OH            172.221      8.846       4281.641   
C915OOH           186.205      10.002      4938.867   
C727OOH           160.168      9.270       4509.353   
C621O2            177.132      9.952       4806.700   
C1210CO2H         240.296      12.267      6278.347   
C57NO3CO2H        195.127      14.983      7652.466   
HCOCOHCO3H        120.061      9.427       4318.895   
C732CO3H          204.177      12.570      6392.670   
INDHCHO           179.128      11.412      5580.074   
C116CO2H          226.269      11.783      5988.362   
NC1313OOH         303.308      10.587      5225.259   
BCBOO             252.349      8.590       4168.411   
C1310O            257.303      13.417      6909.011   
C914OOH           200.189      11.010      5555.038   
LMLKAOH           186.205      10.168      5011.527   
BCBO2             253.357      8.237       3868.502   
C9PAN2            231.203      8.659       4122.235   
C1215OOH          260.284      15.590      8164.256   
C134O2            287.286      12.001      6161.206   
C512CO3H          160.125      9.372       4472.591   
INCNCO3H          256.124      13.956      7064.457   
INB1NACO3         255.117      9.238       4146.578   
C731CO2H          172.179      10.563      5215.723   
C1211PAN          317.292      8.882       4088.995   
C916OH            186.205      10.263      5042.842   
BCSOZO            285.356      9.704       4800.401   
LIMALOOH          218.247      13.447      6924.253   
NLIMALOOH         263.245      9.531       4553.723   
HOCH2COCO2H       104.061      10.224      4948.432   
BCALCOOH          268.349      12.073      6197.585   
C1312CO           240.296      11.746      6019.320   
INDHPAN           256.124      12.500      6280.914   
C914CO            182.173      8.728       4256.573   
BCALBO2           267.341      8.586       4156.848   
HOCO3C4OOH        120.104      10.193      4990.939   
MC3ODBCO2H        114.099      8.582       3956.242   
C813OH            190.194      14.280      7330.754   
C143O             255.330      10.536      5321.310   
C89CO2H           170.206      9.591       4624.739   
C4M2ALOHNO3       177.112      10.522      5083.549   
C536O2            181.035      10.420      4983.821   
C131OOH           242.311      11.447      5850.481   
BCALBOH           252.349      11.317      5761.015   
BCALBOC           252.349      9.221       4536.361   
LIMAOOH           186.248      10.394      5092.074   
BCOOA             252.349      8.590       4168.411   
BCOOB             252.349      8.590       4168.411   
C106OH            200.232      10.211      5055.829   
C618OOH           146.141      8.991       4253.259   
C813O2            205.185      10.944      5365.680   
C534O2            179.105      9.342       4230.415   
C818OH            174.194      11.036      5507.635   
C720NO3           173.167      9.036       4215.481   
C87OH             172.179      10.079      4961.297   
C615OOH           146.141      9.314       4433.430   
MACRNCO3H         181.101      11.389      5557.837   
H3C2C4CO3H        148.114      9.892       4712.871   
C132O             241.303      10.137      5065.511   
BCALAOOH          268.349      12.073      6197.585   
MACRNPAN          226.098      10.142      4934.076   
C88CO3H           200.189      9.864       4878.148   
C817OH            158.195      8.758       4206.311   
R_HOM_O4          199.000      8.432       3905.715   
R_HOM_O5          215.000      7.427       3885.282   
R_HOM_O6          231.000      8.425       4628.917   
R_HOM_O7          247.000      7.420       4608.484   
R_HOM_O8          263.000      8.453       4967.312   
R_HOM_O9          279.000      7.448       4946.878   
R_HOM_O10         295.000      8.445       5690.514   
R_HOM_O11         311.000      7.440       5670.081   
R_HOM_O12         327.000      8.438       6413.717   
R_HOM_O13         343.000      7.433       6393.284   
R_HOM_O14         359.000      9.979       7317.856   
HOM_O3CBN         182.000      8.940       4451.027   
HOM_O4CBN         198.000      6.422       3864.849   
HOM_O5CBN         214.000      7.420       4608.484   
HOM_O6CBN         230.000      6.415       4588.051   
HOM_O7CBN         246.000      7.448       4946.878   
HOM_O8CBN         262.000      6.443       4926.445   
HOM_O9CBN         278.000      7.440       5670.081   
HOM_O10CBN        294.000      6.436       5649.648   
HOM_O11CBN        310.000      7.433       6393.284   
HOM_O12CBN        326.000      6.428       6372.851   
HOM_O13CBN        342.000      8.974       7297.423   
HOM_O3            184.000      9.139       4766.529   
HOM_O4            200.000      8.995       5375.561   
HOM_O5            216.000      8.281       5237.950   
HOM_O6            232.000      7.277       5217.517   
HOM_O7            248.000      9.159       5828.126   
HOM_O8            264.000      8.154       5807.693   
HOM_O9            280.000      9.152       6551.329   
HOM_O10           296.000      8.147       6530.895   
HOM_O11           312.000      9.145       7274.531   
HOM_O12           328.000      8.140       7254.098   
HOM_O13           344.000      10.686      8178.671   
HOM_O14           360.000      9.972       8041.059   
HOM_NO5           229.000      8.887       4692.683   
HOM_NO6           245.000      7.882       4672.250   
HOM_NO7           261.000      9.423       5576.390   
HOM_NO8           277.000      7.875       5395.453   
HOM_NO9           293.000      8.907       5754.280   
HOM_NO10          309.000      7.902       5733.847   
HOM_NO11          325.000      8.900       6477.483   
HOM_NO12          341.000      7.895       6457.050   
HOM_NO13          357.000      8.893       7200.685   
HOM_NO14          373.000      7.888       7180.252   
HOM_NO15          389.000      10.434      8104.825   
HOM20_O5          350.000      11.530      6866.829   
HOM20_O6          366.000      10.326      6530.894   
HOM20_O7          382.000      9.520       6825.963   
HOM20_O8          398.000      8.806       6688.351   
HOM20_O9          414.000      11.061      7730.103   
HOM20_O10         430.000      10.347      7592.491   
HOM20_O11         446.000      11.054      8453.305   
HOM20_O12         462.000      10.340      8315.693   
HOM20_O13         478.000      11.046      9176.508   
HOM20_O14         494.000      10.332      9038.896   
HOM20_O15         510.000      11.583      10060.214  
HOM20_O16         526.000      11.873      9943.036   
HOM20_O17         542.000      12.580      10803.850  
HOM20_NO7         397.000      11.277      6792.983   
HOM20_NO8         413.000      10.272      6772.550   
HOM20_NO9         429.000      11.270      7516.186   
HOM20_NO10        445.000      11.977      8377.000   
HOM20_NO11        461.000      11.298      7854.580   
HOM20_NO12        477.000      12.005      8715.394   
HOM20_NO13        493.000      11.291      8577.782   
HOM20_NO14        509.000      11.998      9438.597   
HOM20_NO15        525.000      11.284      9300.985   
HOM20_NO16        541.000      11.827      9461.489   
HOM20_NO17        557.000      12.825      10205.125  
HOM20_NO18        573.000      11.820      10184.692  
HOM19_O5          336.000      11.111      6615.139   
HOM19_O6          352.000      9.908       6279.204   
HOM19_O7          368.000      9.101       6574.273   
HOM19_O8          384.000      8.387       6436.661   
HOM19_O9          400.000      10.642      7478.413   
HOM19_O10         416.000      9.928       7340.801   
HOM19_O11         432.000      10.635      8201.615   
HOM19_O12         448.000      9.921       8064.004   
HOM19_O13         464.000      10.628      8924.818   
HOM19_O14         480.000      9.914       8787.206   
HOM19_O15         496.000      11.164      9808.524   
HOM19_O16         512.000      11.455      9691.346   
HOM19_O17         528.000      12.162      10552.160  
HOM19_O18         544.000      11.483      10029.740  
HOM19_NO8         399.000      9.854       6520.860   
HOM19_NO9         415.000      10.852      7264.496   
HOM19_NO10        431.000      11.559      8125.310   
HOM19_NO11        447.000      10.880      7602.890   
HOM19_NO12        463.000      11.586      8463.704   
HOM19_NO13        479.000      10.872      8326.093   
HOM19_NO14        495.000      11.579      9186.907   
HOM19_NO15        511.000      10.865      9049.295   
HOM19_NO16        527.000      11.409      9209.799   
HOM19_NO17        543.000      12.406      9953.435   
HOM19_NO18        559.000      11.401      9933.002   
HOM18_O4          306.000      9.986       5502.635   
HOM18_O5          322.000      10.693      6363.449   
HOM18_O6          338.000      9.489       6027.514   
HOM18_O7          354.000      8.683       6322.583   
HOM18_O8          370.000      7.969       6184.972   
HOM18_O9          386.000      10.224      7226.723   
HOM18_O10         402.000      9.510       7089.111   
HOM18_O11         418.000      10.217      7949.926   
HOM18_O12         434.000      9.503       7812.314   
HOM18_O13         450.000      10.210      8673.128   
HOM18_O14         466.000      9.496       8535.516   
HOM18_O15         482.000      10.746      9556.835   
HOM18_O16         498.000      11.037      9439.656   
HOM18_O17         514.000      11.744      10300.470  
HOM18_O18         530.000      11.065      9778.050   
HOM18_NO9         401.000      10.433      7012.806   
HOM18_NO10        417.000      11.140      7873.621   
HOM18_NO11        433.000      10.461      7351.200   
HOM18_NO12        449.000      11.168      8212.015   
HOM18_NO13        465.000      10.454      8074.403   
HOM18_NO14        481.000      11.161      8935.217   
HOM18_NO15        497.000      10.447      8797.606   
HOM18_NO16        513.000      10.990      8958.109   
HOM18_NO17        529.000      11.988      9701.745   
HOM18_NO18        545.000      10.983      9681.312   
HOM18_NO19        561.000      11.981      10424.948  
R_HOM_OH_O5       217.000      8.682       4722.484   
R_HOM_OH_O6       233.000      9.678       5637.297   
R_HOM_OH_O7       249.000      7.179       4359.884   
R_HOM_OH_O8       265.000      7.885       5220.699   
R_HOM_OH_O9       281.000      7.171       5083.087   
R_HOM_OH_O10      297.000      7.878       5943.901   
HOM_OH_O4CBN      200.000      7.677       4702.051   
HOM_OH_O5CBN      216.000      8.673       5616.863   
HOM_OH_O6CBN      232.000      6.174       4339.451   
HOM_OH_O7CBN      248.000      6.880       5200.266   
HOM_OH_O8CBN      264.000      6.166       5062.654   
HOM_OH_O9CBN      280.000      6.873       5923.468   
HOM_OH_O4         202.000      9.388       5583.298   
HOM_OH_O5         218.000      10.385      6498.111   
HOM_OH_O6         234.000      7.885       5220.699   
HOM_OH_O7         250.000      8.592       6081.513   
HOM_OH_O8         266.000      7.878       5943.901   
HOM_OH_O9         282.000      6.874       5752.291   
HOM_OH_O10        298.000      7.581       6613.106   
HOM_OH_NO6        247.000      9.426       5563.451   
HOM_OH_NO7        263.000      10.133      6424.265   
HOM_OH_NO8        279.000      7.633       5146.853   
HOM_OH_NO9        295.000      8.340       6007.667   
HOM_OH_NO10       311.000      7.626       5870.055   
HOM_OH_NO11       327.000      8.333       6730.870   
HOM20_OH_O6       370.000      10.067      6802.351   
HOM20_OH_O7       386.000      9.352       6835.916   
HOM20_OH_O8       402.000      8.564       6439.751   
HOM20_OH_O9       418.000      9.271       7300.565   
HOM20_OH_O10      434.000      8.557       7162.954   
HOM20_OH_O11      450.000      9.264       8023.768   
HOM20_OH_O12      466.000      9.971       8884.582   
HOM20_OH_O13      482.000      9.257       8746.971   
HOM20_OH_NO8      417.000      10.105      6782.503   
HOM20_OH_NO9      433.000      10.812      7643.317   
HOM20_OH_NO10     449.000      9.019       7226.720   
HOM20_OH_NO11     465.000      9.019       7226.720   
HOM20_OH_NO12     481.000      9.726       8087.534   
HOM20_OH_NO13     497.000      9.012       7949.922   
HOM20_OH_NO14     513.000      9.719       8810.737   
HOM19_OH_O6       356.000      9.649       6550.661   
HOM19_OH_O7       372.000      8.934       6584.226   
HOM19_OH_O8       388.000      8.146       6188.061   
HOM19_OH_O9       404.000      8.853       7048.876   
HOM19_OH_O10      420.000      8.139       6911.264   
HOM19_OH_O11      436.000      8.846       7772.078   
HOM19_OH_O12      452.000      9.552       8632.893   
HOM19_OH_O13      468.000      8.838       8495.281   
HOM19_OH_O14      484.000      9.545       9356.095   
HOM19_OH_NO9      419.000      10.394      7391.628   
HOM19_OH_NO10     435.000      9.389       7371.195   
HOM19_OH_NO11     451.000      8.601       6975.030   
HOM19_OH_NO12     467.000      9.307       7835.844   
HOM19_OH_NO13     483.000      8.593       7698.233   
HOM19_OH_NO14     499.000      9.300       8559.047   
HOM18_OH_O5       326.000      10.236      6319.404   
HOM18_OH_O6       342.000      9.231       6298.971   
HOM18_OH_O7       358.000      8.516       6332.536   
HOM18_OH_O8       374.000      7.728       5936.372   
HOM18_OH_O9       390.000      8.434       6797.186   
HOM18_OH_O10      406.000      7.720       6659.574   
HOM18_OH_O11      422.000      8.427       7520.389   
HOM18_OH_O12      438.000      9.134       8381.203   
HOM18_OH_O13      454.000      8.420       8243.591   
HOM18_OH_O14      470.000      9.127       9104.406   
HOM18_OH_NO10     421.000      8.970       7119.505   
HOM18_OH_NO11     437.000      8.182       6723.340   
HOM18_OH_NO12     453.000      8.889       7584.154   
HOM18_OH_NO13     469.000      8.175       7446.543   
HOM18_OH_NO14     485.000      8.882       8307.357   
HOM18_OH_NO15     501.000      8.168       8169.745   
HOM_nucl          398.000      10.000      10000.000  
GENERIC           437.000      10.000      1000000.000  
