#Compound                    Mass                        parameter_A              parameter_B
C917NO3                      215.203200000000             8.919282185662          4459.775873711376
C731OOH                      160.167800000000             9.372657760934          4620.622310829800
NC524OOH                     213.142700000000            17.441806319773          9345.654373908905
C925OOH                      220.219700000000            15.224399334002          8156.118384105514
H14CO23C4                    118.088000000000             9.874137346636          4958.000814195702
H3C2C4CO2H                   132.114600000000            10.171189463650          5007.165903813547
H3C25CCO3H                   190.150700000000            11.377515549948          5816.690200395976
C823OOH                      174.194400000000            11.398283795763          5792.890532576000
C88OOH                       172.178500000000             9.055498746552          4509.957814309852
HNC524CO                     195.127500000000            13.890539981197          7217.327613753780
NPHENOOH                     221.121700000000            12.096663447218          6153.955696261478
C57NO3                       179.128100000000            11.245107009243          5615.705931463060
C716OOH                      174.151300000000            10.229898261765          5186.375040835838
C629OOH                      162.140600000000            11.251034440210          5738.201358047810
C920CO3H                     216.231000000000            11.359573794244          5835.072563343822
LIMCOH                       170.248700000000             9.446701633797          4636.356346642099
PXYFUOOH                     148.114000000000            10.867826490389          5616.919072619324
C735OOH                      174.151300000000            10.513038232858          5318.495377427947
CO25C6CO2H                   158.151900000000             9.672539178453          4833.169408184342
C88PAN                       245.186100000000             9.337907706689          4690.380780580781
LIMBOOH                      186.248100000000             9.870207557992          4887.809143986075
C733OOH                      176.167200000000            11.708906713136          6030.837499893868
C918CO3H                     200.231600000000            10.123558840741          5031.401739031021
DNPHEN                       184.106400000000             9.214605478976          4684.247700584683
C617CO2H                     158.151900000000             9.415424960891          4625.341675826213
NDNCRESO2                    324.135400000000            12.493360989053          6448.569066263856
C510OH                       179.128100000000            10.966725432677          5407.972489069177
DNPHENO                      249.111900000000            12.499656426386          6429.424859223357
C919OH                       186.205100000000             9.922953150619          4955.543962907364
C4MALOHOOH                   148.114000000000            11.064981574268          5535.983905055013
MVKOHBOOH                    136.103300000000            12.804450105937          6685.311870283226
DNCRESO2                     279.137900000000            12.282100044104          6274.598046214235
C534OOH                      180.112800000000            13.138867380068          6761.150674258835
INAHPCO3H                    227.126300000000            14.763600697378          7730.342438153206
C916NO3                      231.202600000000            10.326992729373          5255.069580552669
INANCO3H                     256.124400000000            13.655029669498          7067.331869663774
NC6PAN1                      294.129300000000            12.070091956037          6291.927644454669
INANPAN                      301.122000000000            12.415653151971          6412.804101319796
TLFUOOH                      148.114000000000            10.867826490389          5616.919072619324
C9DCOOH                      184.189200000000             9.539964828361          4816.502504896408
INB1NBCO3H                   256.124400000000            13.739244351260          7140.358227582950
DNCRESO                      263.138500000000            12.682128245369          6547.335924670335
C6COOHCO3H                   188.134800000000            11.612578456546          5942.066441459900
HOHOC4DIAL                   118.088000000000             9.922646324539          4755.531776974816
TLEMUCOOH                    190.150700000000            12.646150592842          6574.374490130956
LMLKBOOH                     202.204500000000            11.136626808711          5762.973114918545
C57OH                        134.130500000000            10.932209947567          5374.993027513174
MNNCATECO                    279.137900000000            13.064326294418          6725.778994684850
NAPINBOOH                    231.245700000000            10.280190520353          5194.090282903685
C717OOH                      174.151300000000            10.229898261765          5186.375040835838
C826OH                       174.194400000000            11.171922283296          5652.213019321716
C87PAN                       261.185500000000            10.217171191099          5225.849331855502
C57NO3PAN                    256.124400000000            12.249558144098          6290.490075495813
INB1NBPAN                    301.122000000000            12.466999430452          6464.402747664572
C812O                        173.186400000000             9.928867324220          4837.916333903540
MMALNAPAN                    254.108500000000            11.033732836216          5569.057511249009
NORPINIC                     172.178500000000            10.817620825384          5506.399973620302
INAOOH                       197.143300000000            13.852551087499          7208.165656548627
HMVKBOOH                     120.103900000000             9.570038857457          4712.387900436888
C5DICAROOH                   148.114000000000            10.698741215863          5357.534823509754
C918OOH                      186.205100000000             9.607920981347          4787.215733565270
BPINAOOH                     186.248100000000            10.472687466206          5316.283196804981
MMALNACO3H                   209.111000000000            12.063269190439          6106.784679741688
C812OOH                      190.193800000000            13.857031236179          7262.166360598064
C734OH                       176.167200000000            13.725707419264          7183.703482328709
HMVKNO3                      165.101500000000            11.578213504224          5911.486553935317
PHENOH                       160.124700000000            10.668512730561          5165.583748145010
INB1NACO2H                   240.125000000000            14.464965096874          7577.057073564987
C734O2                       191.158600000000            10.360738186292          5107.286305527013
INB1CO                       179.128100000000            11.222713047323          5691.464226108091
MALDIALOOH                   134.087400000000            10.962056834601          5466.594562996115
HIEB2OOH                     166.129300000000            15.307265481425          8083.301448336675
LIMCOOH                      186.248100000000            10.609178939038          5396.280495981300
BPINCOH                      170.248700000000             9.446701633797          4636.356346642099
NDNCRESO                     308.136000000000            12.866592418306          6697.556373262772
LMLKAOOH                     202.204500000000            10.854007675288          5585.383484395083
C520OOH                      148.114000000000            10.786302814165          5440.480947651195
C614OOH                      162.140600000000            11.117611435367          5717.606362549519
INAHCO3H                     211.126900000000            13.273327320158          6785.121814602450
NDNPHENO                     294.109500000000            12.680270369191          6577.689841265060
C727CO3H                     188.177900000000             9.326987385971          4625.705926448341
C925O                        203.212400000000            10.880814400431          5569.891690502913
INCOOH                       197.143300000000            13.602691163249          7053.437000116541
NNCATECO2                    281.110700000000            12.308173016846          6219.124091068354
NPHENOH                      205.122300000000            10.859315225019          5341.199702260153
C57NO3CO3H                   211.126900000000            13.607456364995          7018.092855205909
C823OH                       158.195000000000            10.422082001441          5172.934472182565
C817CO3H                     202.204500000000             9.751272084441          4901.499729471478
C6CO2OHPAN                   233.132400000000            10.793737772286          5500.519644131002
MACRNBCO3H                   165.101500000000            11.113126193624          5485.381638348038
NPHEN1OOH                    155.108200000000             9.391211602772          4711.662371642922
C811NO3                      203.192500000000            10.248188995602          5105.952279454252
INDHCO3H                     211.126900000000            13.371939838940          6871.001882446414
HIEB2O2                      165.121400000000            10.433454217515          5009.058552077474
NDNPHENOOH                   311.116800000000            17.004824889122          9133.950727260293
C517CO2H                     146.141200000000            10.699476102653          5381.841940638495
BZEMUCNO3                    205.122300000000            11.644123559211          5936.507617886994
HMVKBCO2H                    132.114600000000            10.246033542071          5087.983635227868
INCNCO3H                     256.124400000000            13.432184955449          6929.527261515217
HOCO3C4OOH                   120.103900000000             9.859795068347          4905.417674476221
MVKOHAOH                     120.103900000000            11.504572021901          5865.858499753393
C4M2ALOHNO3                  177.112200000000            10.194823966654          4999.617938419802
C106OH                       200.231600000000             9.862191856029          4966.254785799498
C813O2                       205.185200000000            10.584275393392          5273.384186875536
MACRNCO3H                    181.100900000000            11.021533548248          5463.514388328302
DNCRESOOH                    280.145800000000            17.100398755902          9169.046364762144
APINBOOH                     186.248100000000             9.950307220837          4949.508683177527
C2OHOCOOH                    122.076700000000            10.813700529816          5282.803123472912
C58NO3                       179.128100000000            11.245107009243          5615.705931463060
C810OOH                      174.194400000000             9.921589733125          4952.995482495017
C527OOH                      166.129300000000            13.581268950104          7093.654034906164
APINCOOH                     186.248100000000            10.266665433271          5144.166906047820
C512CO2H                     144.125300000000             9.625869394868          4735.017469015977
INB1NACHO                    224.125600000000            11.393362730815          5760.009772270106
C921O                        187.213000000000             9.757602812204          4837.924353962315
C88CO2H                      184.189200000000            10.064975165523          5119.256204233579
H1C23C4PAN                   207.095100000000            10.268762785339          5176.157951758364
PBZQOH                       142.109400000000            10.216114423458          5143.867095621174
INANO3                       226.141500000000            12.747630307019          6535.940589158047
APINANO3                     215.246300000000             9.376972312410          4597.732040105339
C811PAN                      247.202000000000            10.452343869321          5275.632393364116
C87OOH                       188.177900000000            10.683269807726          5464.119553239866
C719NO3                      205.165300000000            11.647442856740          5933.412465520026
HMACROH                      120.103900000000            11.467147240691          5750.206307156683
LMKAOOH                      188.220900000000            10.789110952766          5491.567723609838
IEC2OOH                      148.114000000000            10.786302814165          5440.480947651195
C524OH                       118.131100000000            10.238777654708          5006.237296645901
C621OOH                      178.140000000000            14.271838086244          7587.269254032974
LMKBOOH                      188.220900000000            10.588183785076          5365.725752093331
HOCHOCOOH                    106.077300000000             9.689426505785          4686.444244238122
MMALNBCO2H                   193.111600000000            12.734377453194          6519.801373439158
C620OOH                      160.124700000000            10.369646625182          5223.236430860745
C97OOH                       188.220900000000            10.779760720506          5498.010999318254
PBZQOOH                      158.108800000000            11.374169082021          5882.266044298780
C733OH                       160.167800000000            10.591770533093          5307.642251775489
TLEMUCCO3H                   172.135400000000             9.311831693873          4565.939644864856
C87CO3H                      216.188000000000            10.912939095221          5597.081713003890
C536OOH                      182.042600000000            14.792038938762          7827.055960995753
INB2O                        180.136000000000             9.982144950522          4798.998804124360
HMACROOH                     136.103300000000            12.961438127481          6715.311401922682
PTLQCO                       154.120100000000             9.039132436836          4497.594708822397
C108OOH                      216.231000000000            11.076044716290          5738.165240280428
C4PAN10                      195.084400000000            11.045364731728          5578.873712355905
C524OOH                      134.130500000000            11.348169086031          5741.547913592360
C525OOH                      166.129300000000            15.723605361568          8396.326576719930
NC71CO                       201.133600000000             9.192460772484          4613.680162898515
C3DIOLOOH                    108.093200000000            11.085868253138          5547.639497321133
C614NO3                      191.138800000000            10.241213870092          5170.119003261502
BPINBOOH                     186.248100000000            10.220014706799          5132.754572204807
C811OH                       158.195000000000            10.268197129489          5082.326723401619
H3C25CCO2H                   174.151300000000            12.035280275857          6222.846622760857
H3C25C6OOH                   162.140600000000            11.032043203287          5640.760749850047
NCRESOH                      219.148900000000            11.038219875087          5463.635251318537
H3C25C6PAN                   235.148300000000            10.817317717150          5509.360761119641
INCNCHO                      224.125600000000            11.138679106103          5573.754176394442
NC61CO3H                     249.131800000000            12.633231418789          6598.629847466309
C517OOH                      134.130500000000             9.762476148999          4839.465614736789
C734O                        175.159200000000            10.754803292727          5394.913525603936
DNPHENOOH                    266.119200000000            16.924724376914          9064.359875135046
H13CO2CO3H                   150.086800000000            12.084298977664          6157.583092856522
C516OOH                      164.113400000000            14.456796581698          7642.914043178064
MMALNHYOOH                   162.097500000000            10.822648757165          5357.546086243779
C525O                        149.122000000000            11.033905647977          5553.424769512636
HIEB1O                       149.122000000000            11.084894866439          5478.619266977478
INB1HPCO3H                   227.126300000000            14.878852103951          7820.318704754074
C107OOH                      200.231600000000             9.916587481900          4999.046019168765
MMALNBPAN                    254.108500000000            11.033732836216          5569.057511249009
PHENOOH                      176.124100000000            11.951760864311          6021.613331783378
NAPINAOOH                    231.245700000000            10.280190520353          5194.090282903685
C720OOH                      144.168400000000             9.532270597858          4637.177108044832
NBZFUONE                     161.069700000000             9.716741067436          4863.090978673966
LIMALOH                      202.247500000000            11.523350273090          5923.884561411365
INDHPCHO                     195.127500000000            12.359279615627          6344.284143691042
C734CO                       174.151300000000            12.117089025251          6297.025321239030
INCNPAN                      301.122000000000            12.217961262466          6291.578747751270
MNCATECH                     169.134800000000             9.726956792328          4901.427365935807
MNCATECO                     234.140300000000            12.860452160661          6551.293997048983
INB1OH                       181.143900000000            12.722985263056          6508.827014666731
C87OH                        172.178500000000             9.743063472119          4874.962689649108
C108OH                       200.231600000000             9.862191856029          4966.254785799498
C535OOH                      180.112800000000            13.138867380068          6761.150674258835
INCCO                        179.128100000000            10.937775191429          5484.883096993595
C917OOH                      186.205100000000             9.616187252059          4885.985307117091
LIMALBOOH                    200.231600000000            10.306252814685          5240.619925358571
C812OH                       174.194400000000            12.388230972914          6332.354357788611
C718CO2H                     172.178500000000             9.833181693066          4903.217196631961
C515PAN                      219.105800000000             9.578673865282          4776.172864074560
C58NO3PAN                    256.124400000000            12.249558144098          6290.490075495813
C810NO3                      203.192500000000             9.292800123771          4590.123317760659
LIMALAOOH                    200.231600000000            10.048965885370          5076.048047426320
NCATECHOL                    155.108200000000             9.240529242615          4588.823741732057
C823CO3H                     202.204500000000            10.879820356978          5542.484775892138
APINAOOH                     186.248100000000            10.136481079513          5067.592301806018
NORLIMOOH                    204.220300000000            12.411073438507          6482.435338634388
C519OOH                      134.130500000000             9.773972355001          4844.239831786416
PINONIC                      184.232200000000             9.391747470658          4661.683733842551
C2OHOCO2H                    106.077300000000            11.624448450935          5814.522586530302
INAO                         180.136000000000             9.982144950522          4798.998804124360
NC524O                       196.135400000000            12.659171463711          6472.471382883914
NCATECO2                     236.113100000000            12.071547725072          6011.413002275688
C537O                        165.039900000000            10.516600182448          5205.477589939482
NNCATECO                     265.111300000000            12.690146163877          6484.724456444407
NCRESOOH                     235.148300000000            12.274428211344          6270.330281523437
C519CO2H                     146.141200000000            10.699476102653          5381.841940638495
NC72OOH                      233.132400000000            12.533252728162          6599.474443759130
C106NO3                      245.229200000000            10.274834058143          5258.396431460303
C732OOH                      176.167200000000            12.231222308977          6340.469166535191
C615CO2H                     158.151900000000             9.910385692529          4926.087827761180
C924OOH                      188.220900000000            10.922627568566          5581.505368651390
C524NO3                      163.128700000000            10.314171278854          5080.656218334777
C822CO2H                     170.205700000000             9.437428445705          4631.727719429512
INCOH                        181.143900000000            12.390513550053          6272.915617968001
C533OOH                      164.113400000000            10.671182243479          5340.192889485929
BPINANO3                     215.246300000000             9.648715367301          4808.337135049186
C626CO2H                     158.151900000000             9.778492823547          4841.201721197373
PINALNO3                     229.229800000000             9.213653744283          4574.900322014792
KLIMONIC                     188.177900000000            12.786212165455          6694.154545904817
C58NO3CO2H                   195.127500000000            14.395454175577          7501.000993578730
TLFUOH                       132.114600000000             9.740875330725          4901.365435795795
HPNC524CO                    211.126900000000            15.496088427393          8213.650751600422
LIMONONIC                    184.232200000000             9.536395013060          4745.464266816814
NC91CO3H                     245.229200000000            10.378227180154          5254.444735815428
C728OH                       162.183700000000            11.987183299539          6111.514731917775
INANCO                       224.125600000000            11.331420439899          5770.507932054327
C915OOH                      186.205100000000             9.663988930804          4852.094149907685
NC4DCO2H                     145.070300000000            10.376698080948          5219.904008820742
C914OOH                      200.188600000000            10.603221780434          5450.224396014420
LMLKAOH                      186.205100000000             9.827755716562          4923.991638801934
C916OH                       186.205100000000             9.922953150619          4955.543962907364
C919OOH                      202.204500000000            11.125373221513          5730.656167491070
LIMALOOH                     218.246900000000            12.896730108900          6782.124828281171
C813OH                       190.193800000000            13.704909363792          7182.386276848085
C818OH                       174.194400000000            10.646975383716          5407.568730239435
C731CO3H                     188.177900000000             9.656459158083          4785.720159097631
NC91PAN                      290.226800000000             9.607717623291          4860.284856163704
INB1NBCHO                    224.125600000000            11.393362730815          5760.009772270106
PTLQOH                       156.136000000000            10.412926026815          5262.842672880173
C821OOH                      174.151300000000             9.823386476908          4988.985416873502
C924OH                       172.221500000000             9.889971679396          4910.299543344255
C920PAN                      261.228600000000            10.594747743071          5427.480038053214
HPC52CO3H                    198.128100000000            16.143305893609          8559.880734955017
PTLQOOH                      172.135400000000            11.556210999523          5990.205242195326
C628OOH                      162.140600000000            11.251034440210          5738.201358047810
BZFUOH                       118.088000000000             9.574013219732          4809.698116749207
C813NO3                      235.191300000000            14.034844626910          7407.913130081914
C818OOH                      190.193800000000            11.782916519057          6127.355963724111
INAHPCHO                     195.127500000000            12.269152738964          6263.906891002845
MACROOH                      120.103900000000             9.804645701147          4762.187454991639
NDNPHENO2                    310.108900000000            12.303867866095          6324.694824931483
TLEMUCOH                     174.151300000000            11.480406749287          5829.465506150936
C625OH                       148.157100000000            11.333314093143          5745.544508908369
INAHPCO2H                    211.126900000000            15.619402250506          8247.099974674053
C811OOH                      174.194400000000            11.233138650736          5696.158558146491
INANCO2H                     240.125000000000            14.363574930538          7495.005075596855
C914OH                       184.189200000000             9.596004081129          4800.862166006278
INB1NBCO2H                   240.125000000000            14.464965096874          7577.057073564987
C921OOH                      204.220300000000            13.695596019725          7229.754901465559
C734OOH                      192.166600000000            15.095826543839          8026.842674242020
NNCATECOOH                   282.118600000000            17.013889270325          9074.471053131003
C818CO                       172.178500000000             9.298458529798          4672.310410872571
MACRNCO2H                    165.101500000000            11.671366629874          5870.497031020832
NDNCRESOOH                   325.143400000000            17.196228208192          9247.836185200098
H3C25C6OH                    146.141200000000             9.984948908261          4990.193287612246
C732OH                       160.167800000000            11.158295819888          5676.425927072450
TLBIPEROOH                   174.151300000000            10.137453566197          4976.253141600337
C825CO                       172.178500000000            11.242248483008          5736.146993448992
NC524NO3                     242.140900000000            15.946022446021          8459.262007355797
NC102OOH                     261.228600000000            12.344077959950          6509.227363429935
PXYFUOH                      132.114600000000             9.535027019413          4770.175509886854
INDOH                        181.143900000000            12.490348885615          6361.998122198014
C721OOH                      160.167800000000            10.650462098259          5301.856530208565
C826OOH                      190.193800000000            12.507145865448          6505.955658677927
BZEMUCOOH                    176.124100000000            12.668399540896          6557.535799972514
HOPINONIC                    200.231600000000            12.003128376355          6225.655451833911
C719OOH                      176.167200000000            12.664829422881          6559.456634380724
C730OOH                      178.183100000000            13.453519841901          7041.062325151647
LIMALO                       201.239600000000             9.213588241434          4543.490648845172
NPXYFUOOH                    193.111600000000            10.957803774552          5681.806095681483
C515CO3H                     174.108200000000             9.916511507177          4954.879386729352
C58OH                        134.130500000000            10.932209947567          5374.993027513174
C59OOH                       150.129900000000            12.306663941138          6372.084676675999
MNNCATCOOH                   296.145200000000            17.453050380404          9338.468678811643
C628OH                       146.141200000000             9.954187480561          4888.828028028853
NCATECOOH                    237.121100000000            16.921239459022          8994.805326996971
MMALNACO2H                   193.111600000000            12.734377453194          6519.801373439158
C621O2                       177.132100000000             9.643091368605          4727.408148963296
C919NO3                      231.202600000000            10.326992729373          5255.069580552669
C926OH                       186.205100000000             9.656753693989          4813.624735508723
INB1NACO3H                   256.124400000000            13.739244351260          7140.358227582950
C920OOH                      188.220900000000            11.043865003074          5667.664906870061
C813O                        189.185800000000            10.978720081860          5555.991517425860
INB2OOH                      197.143300000000            13.852551087499          7208.165656548627
C824OOH                      174.194400000000            10.868513007778          5488.426783597091
INB1HPCHO                    195.127500000000            12.359279615627          6344.284143691042
APINCNO3                     215.246300000000             9.494925451063          4666.564350553400
BZEMUCCO2H                   142.109400000000             9.707342292702          4773.837168081434
C98OOH                       204.220300000000            12.023481581736          6285.642195206996
C730OH                       162.183700000000            11.987183299539          6111.514731917775
MVKOHAOOH                    136.103300000000            12.351244505077          6383.666533465104
C819OOH                      190.193800000000            11.796233080975          6133.636752334592
C824OH                       158.195000000000             9.857134020409          4814.556859402248
C57AOOH                      150.129900000000            12.079507457107          6136.797879549098
C525O2                       165.121400000000            10.575710526189          5213.442357832709
NC101OOH                     245.229200000000            11.221667977756          5810.172568190047
C817OOH                      174.194400000000             9.398407373259          4708.835633828597
C813OOH                      206.193200000000            15.330354615308          8175.741936638199
C51OOH                       134.130500000000             9.773972355001          4844.239831786416
C87CO2H                      200.188600000000            11.552129332275          5982.421187612768
MALANHYOOH                   148.071000000000            10.671498037287          5257.338598513061
C811CO3H                     202.204500000000            10.721823213798          5450.896923831586
INAHCO2H                     195.127500000000            14.018228925482          7244.488158487748
C616OOH                      160.124700000000            10.369646625182          5223.236430860745
DNCRES                       198.132900000000             9.703298655427          4987.586838843531
C526OOH                      166.129300000000            13.581268950104          7093.654034906164
C721PAN                      233.175400000000            10.044695330615          5007.401623708197
INDOOH                       197.143300000000            13.969823488187          7301.456598422043
NBPINBOOH                    231.245700000000            10.540578077199          5366.950251523392
INANCOCHO                    222.109700000000            10.105642066478          5027.605686120562
INAOH                        181.143900000000            12.390513550053          6272.915617968001
BPINBNO3                     215.246300000000             9.442971954817          4652.493044240368
TLEMUCNO3                    219.148900000000            11.675574276130          5984.182062158796
C825OOH                      190.193800000000            14.029192099971          7362.710525975901
C922O                        203.212400000000            10.880814400431          5569.891690502913
HC23C4CO3H                   162.097500000000            10.782581305878          5465.016858030255
C717NO3                      203.149500000000             9.490644528585          4728.681957506996
INCGLYOX                     177.112200000000             9.681115925451          4710.997821080919
BZEMUCOH                     160.124700000000            11.519910744357          5815.430745728629
H13CO2CHO                    118.088000000000             9.770995541829          4763.427970361472
INCNCO2H                     240.125000000000            14.123328891084          7347.338814509749
LIMALBOH                     184.232200000000             9.390907978887          4666.525480580366
C625OOH                      164.156500000000            12.801942917380          6676.020244281759
INANCOCO2H                   238.109100000000            12.838449964411          6666.922788455588
MACRNBCO2H                   165.101500000000            11.113126193624          5485.381638348038
INAHPPAN                     272.123800000000            13.311803899096          6941.160748039522
C57NO3CO2H                   195.127500000000            14.395454175577          7501.000993578730
C732CO3H                     204.177300000000            12.087915682845          6268.350608071862
HOCH2COCO2H                  104.061500000000             9.903710540565          4866.331740729656
C536O2                       181.034800000000            10.107624244473          4903.673644794255
C820OOH                      204.177300000000            12.859909226463          6792.655700462963
LIMAOOH                      186.248100000000            10.053907074910          5004.692998201594
C515OOH                      146.098100000000             9.587603107322          4772.892051023372
MACRNPAN                     226.098400000000             9.818770770249          4851.063997252112
C88CO3H                      200.188600000000             9.529259044380          4792.056607082797
MNNCATECO2                   295.137300000000            12.675070131162          6459.126133727893
HMVKBCO3H                    148.114000000000             9.653098498230          4707.204254190540
C629OH                       146.141200000000             9.954187480561          4888.828028028853
C109OH                       184.232200000000             9.247492013634          4583.546297639541
DHPMPAL                      136.103300000000            10.518033001820          5225.887357125705
DHPMEK                       136.037100000000            10.328173889239          5189.013686651377
INB1OOH                      197.143300000000            13.969823488187          7301.456598422043
TLEMUCCO                     172.135400000000            10.189087602643          5119.755359758637
C98OH                        188.220900000000            10.684219159279          5444.885068957816
C513OOH                      148.114000000000            11.091806017249          5638.822197718143
MMALNBCO3H                   209.111000000000            12.063269190439          6106.784679741688
INCNO3                       226.141500000000            12.530365618339          6400.116282807811
C614OH                       146.141200000000             9.984948908261          4990.193287612246
HIEPOXB                      134.130500000000            11.525636302845          5856.574864085977
C86OOH                       174.194400000000             9.328854036439          4611.141562216930
CONM2CO2H                    163.085600000000             9.962491431072          4851.153190560222
C57OOH                       150.129900000000            12.320133235818          6289.595922438345
C922O2                       219.211800000000            10.512853227241          5308.283473747861
C106OOH                      216.231000000000            11.076044716290          5738.165240280428
HMVKNGLYOX                   163.085600000000             9.972966057119          4919.212825781868
TLEMUCCO2H                   156.136000000000             9.861828086495          4907.667084877314
INDHPPAN                     272.123800000000            13.384943174664          7004.921725081462
C733CO                       158.151900000000             9.257305767372          4576.866153009172
LIMONIC                      186.205100000000            11.475765546135          5910.488292101379
C44OOH                       134.087400000000            11.287390287611          5678.334861297639
BZEMUCCO                     158.108800000000            10.219417764692          5095.477283217038
MVKOHANO3                    165.101500000000            11.221685015930          5663.384202591954
C825OH                       174.194400000000            12.779758011650          6572.393113641865
C624CO2H                     144.168400000000            10.012663811415          4897.138874412630
C7PAN3                       233.132400000000             9.856260085057          4982.811684293144
H1C23C4OOH                   134.087400000000            10.701886419998          5466.724914100214
INANCHO                      224.125600000000            11.331679739906          5695.912702412302
C5CO2OHPAN                   219.105800000000            10.625155889637          5389.745469912671
C530OOH                      134.130500000000             9.969935983238          4881.354149702843
LMLKBOH                      186.205100000000            10.138353084112          5147.659770573089
NC524O2                      212.134800000000            12.163581152371          6125.359050076159
C537OOH                      182.042600000000            14.792038938762          7827.055960995753
PINIC                        186.205100000000            11.307330988683          5812.662330390542
C721CO3H                     188.177900000000            10.256039185074          5154.965018661879
NBPINAOOH                    231.245700000000            10.540578077199          5366.950251523392
BPINCOOH                     186.248100000000            10.609178939038          5396.280495981300
CRESOOH                      190.150700000000            12.116436392672          6128.343622988120
INB1O                        180.136000000000            10.039582624647          4867.652455673585
HIEB1O2                      165.121400000000            10.623999230718          5134.929641572945
C618CO2H                     158.151900000000             9.415424960891          4625.341675826213
NC4MDCO2H                    159.096900000000            10.506664036370          5306.369997311941
C235C6CO3H                   188.134800000000            10.005485709041          5069.325234172233
C719OH                       160.167800000000            11.252192481036          5655.001994912745
C517CO3H                     162.140600000000            10.087662146493          4994.940576665909
INB1HPPAN                    272.123800000000            13.384943174664          7004.921725081462
HPC52OOH                     166.129300000000            13.451099700344          6991.563092016558
KLIMONONIC                   186.205100000000            10.292764563375          5232.887136733453
C58NO3CO3H                   211.126900000000            13.607456364995          7018.092855205909
NC524OH                      197.143300000000            15.655401579864          8262.883890800755
C5COOHCO3H                   174.108200000000            11.444727060814          5834.059615414501
C722OOH                      176.167200000000            12.042180827363          6187.764859627139
INB1NAPAN                    301.122000000000            12.466999430452          6464.402747664572
HIEB2O                       149.122000000000            10.874890512518          5341.603108899474
NBZQOOH                      203.106400000000            11.550491670092          6004.806907830086
C718CO3H                     188.177900000000             9.306717435545          4579.763788829981
C623OH                       148.157100000000            11.534829986121          5819.768409195468
MNCATECO2                    250.139700000000            12.440541743488          6256.413813396854
INDHPCO3H                    227.126300000000            14.878852103951          7820.318704754074
INAHPAN                      256.124400000000            11.985391805736          6103.516523481211
C825O                        173.186400000000            10.056630607749          4913.587692826036
C513OH                       132.114600000000             9.979865079363          4905.919109350047
INDO                         180.136000000000            10.039582624647          4867.652455673585
LMLKBCO                      184.189200000000             9.083026631559          4519.257156676974
NBZFUOOH                     179.085000000000            10.795625596382          5584.186820180943
C109OOH                      200.231600000000            10.152200568456          5151.626149197182
C537O2                       181.034800000000            10.107624244473          4903.673644794255
C732CO                       158.151900000000             9.778492823547          4841.201721197373
C916OOH                      202.204500000000            11.125373221513          5730.656167491070
NCRES1OOH                    169.134800000000            10.007080146103          5095.060632286744
NPTLQOOH                     217.133000000000            11.733151263907          6116.954437358454
C97OH                        172.221500000000             9.576124017899          4716.269257049312
PINALOOH                     200.231600000000             9.916587481900          4999.046019168765
INANCOPAN                    299.106100000000            11.855677870706          6097.152381329778
INB1NO3                      226.141500000000            12.831033479087          6610.750735192963
DNC524CO                     240.125000000000            14.223170221104          7453.951396419391
BZFUOOH                      134.087400000000            10.721577094397          5536.716851255432
C925O2                       219.211800000000            10.512853227241          5308.283473747861
C98NO3                       233.218500000000            11.099429063924          5729.645145390187
NCATECO                      220.113700000000            12.485561262191          6307.039243061894
C108NO3                      245.229200000000            10.274834058143          5258.396431460303
C820O                        187.169900000000             9.055364852092          4489.944163962208
CO235C6OOH                   160.124700000000             9.615356820965          4861.833882028357
INAHCHO                      179.128100000000            10.966725432677          5407.972489069177
C536O                        165.039900000000            10.516600182448          5205.477589939482
C58OOH                       150.129900000000            12.320133235818          6289.595922438345
INB1GLYOX                    177.112200000000             9.918156082184          4892.757973116164
C926OOH                      202.204500000000            10.867289089868          5591.582138955585
C922OOH                      220.219700000000            15.224399334002          8156.118384105514
C622CO2H                     144.168400000000            10.012663811415          4897.138874412630
INANCOCO3H                   254.108500000000            12.205598849622          6285.485060176805
C623OOH                      164.156500000000            12.976785461071          6744.558194615604
C519CO3H                     162.140600000000            10.087662146493          4994.940576665909
LMKAOH                       172.221500000000             9.587680457487          4709.021753859060
BPINCNO3                     215.246300000000             9.771815064835          4880.055442335535
HIEB1OOH                     166.129300000000            15.609805371536          8267.192417415565
MCATEC1OOH                   140.136600000000             9.832236234645          4898.615668379542
BZBIPEROOH                   160.124700000000             9.979545813184          4869.270010255874
C621O                        161.132700000000             9.992878295888          4993.346141928154
C510OOH                      195.127500000000            12.269152738964          6263.906891002845
C728OOH                      178.183100000000            13.453519841901          7041.062325151647
INB1HPCO2H                   211.126900000000            15.757573834625          8348.726209815984
MNCATECOOH                   251.147700000000            17.351847564226          9254.652323203769
CRESOH                       174.151300000000            10.839542464103          5281.466201922385
C516O                        147.106100000000            10.146298960699          4993.620167432245
C58AOOH                      150.129900000000            12.079507457107          6136.797879549098
DNPHENO2                     265.111300000000            12.093739430365          6150.433280884252
NC71OOH                      219.148900000000            11.430364851269          5922.047108991173
INDHCHO                      179.128100000000            11.041313169553          5484.846331476962
C731CO2H                     172.178500000000            10.206848453228          5124.113276021606
INDHPAN                      256.124400000000            12.045690878563          6164.108431766088
NTLFUOOH                     193.111600000000            10.957803774552          5681.806095681483
R_HOM_O6                     231.000000000000             8.424800000000          4628.917437511840
R_HOM_O7                     247.000000000000             7.419800000000          4608.484379585279
R_HOM_O8                     263.000000000000             8.452600000000          4967.311563809901
R_HOM_O9                     279.000000000000             7.447700000000          4946.878494981380
R_HOM_O10                    295.000000000000             8.445400000000          5690.514233732378
R_HOM_O11                    311.000000000000             7.440400000000          5670.081166981672
R_HOM_O12                    327.000000000000             8.438200000000          6413.716809292260
R_HOM_O13                    343.000000000000             7.433200000000          6393.283824468810
R_HOM_O14                    359.000000000000             9.979400000000          7317.856447586756
HOM_O4CBN                    198.000000000000             6.422100000000          3864.848741839911
HOM_O5CBN                    214.000000000000             7.419800000000          4608.484379585279
HOM_O6CBN                    230.000000000000             6.414800000000          4588.051327230770
HOM_O7CBN                    246.000000000000             7.447700000000          4946.878494981380
HOM_O8CBN                    262.000000000000             6.442700000000          4926.445463187450
HOM_O9CBN                    278.000000000000             7.440400000000          5670.081166981672
HOM_O10CBN                   294.000000000000             6.435500000000          5649.648141097980
HOM_O11CBN                   310.000000000000             7.433200000000          6393.283824468810
HOM_O12CBN                   326.000000000000             6.428300000000          6372.850703233669
HOM_O13CBN                   342.000000000000             8.974400000000          7297.423348300929
HOM_O3                       184.000000000000             9.138800000000          4766.529150782450
HOM_O4                       200.000000000000             8.995500000000          5375.561240424230
HOM_O5                       216.000000000000             8.281500000000          5237.949558516836
HOM_O6                       232.000000000000             7.276500000000          5217.516592539411
HOM_O7                       248.000000000000             9.159400000000          5828.125841489220
HOM_O8                       264.000000000000             8.154400000000          5807.692798681092
HOM_O9                       280.000000000000             9.152200000000          6551.328543649271
HOM_O10                      296.000000000000             8.147200000000          6530.895461989529
HOM_O11                      312.000000000000             9.145000000000          7274.531107875011
HOM_O12                      328.000000000000             8.140000000000          7254.098068612531
HOM_O13                      344.000000000000            10.686200000000          8178.670685174243
HOM_O14                      360.000000000000             9.972200000000          8041.059008730548
HOM_NO5                      229.000000000000             8.886700000000          4692.683259451668
HOM_NO6                      245.000000000000             7.881700000000          4672.250251790162
HOM_NO7                      261.000000000000             9.422900000000          5576.389834793351
HOM_NO8                      277.000000000000             7.874500000000          5395.452841491132
HOM_NO9                      293.000000000000             8.907300000000          5754.279990315709
HOM_NO10                     309.000000000000             7.902400000000          5733.846950244939
HOM_NO11                     325.000000000000             8.900100000000          6477.482654549960
HOM_NO12                     341.000000000000             7.895100000000          6457.049563148399
HOM_NO13                     357.000000000000             8.892900000000          7200.685213304157
HOM_NO14                     373.000000000000             7.887900000000          7180.252167454634
HOM_NO15                     389.000000000000            10.434100000000          8104.824873757169
HOM20_O5                     350.000000000000            11.529500000000          6866.828990500529
HOM20_O6                     366.000000000000            10.326200000000          6530.894084432421
HOM20_O7                     382.000000000000             9.519600000000          6825.962901885379
HOM20_O8                     398.000000000000             8.805600000000          6688.351203514803
HOM20_O9                     414.000000000000            11.060800000000          7730.102502500320
HOM20_O10                    430.000000000000            10.346800000000          7592.490793900314
HOM20_O11                    446.000000000000            11.053600000000          8453.305076263192
HOM20_O12                    462.000000000000            10.339600000000          8315.693427042825
HOM20_O13                    478.000000000000            11.046300000000          9176.507666635012
HOM20_O14                    494.000000000000            10.332300000000          9038.896065765815
HOM20_O15                    510.000000000000            11.582600000000         10060.214241247008
HOM20_O16                    526.000000000000            11.873500000000          9943.035651621756
HOM20_O17                    542.000000000000            12.580300000000         10803.849939180102
HOM20_NO7                    397.000000000000            11.277400000000          6792.983081151511
HOM20_NO8                    413.000000000000            10.272400000000          6772.549983116889
HOM20_NO9                    429.000000000000            11.270200000000          7516.185702734298
HOM20_NO10                   445.000000000000            11.977000000000          8376.999985519778
HOM20_NO11                   461.000000000000            11.298000000000          7854.579847911560
HOM20_NO12                   477.000000000000            12.004800000000          8715.394106810556
HOM20_NO13                   493.000000000000            11.290800000000          8577.782424045932
HOM20_NO14                   509.000000000000            11.997600000000          9438.596762236768
HOM20_NO15                   525.000000000000            11.283600000000          9300.985076879726
HOM20_NO16                   541.000000000000            11.827100000000          9461.488975185062
HOM20_NO17                   557.000000000000            12.824800000000         10205.124648774896
HOM20_NO18                   573.000000000000            11.819845262832         10184.691609999998
HOM19_O5                     336.000000000000            11.111141834271          6615.139161000002
HOM19_O6                     352.000000000000             9.907791708903          6279.204282000003
HOM19_O7                     368.000000000000             9.101206675543          6574.273068000000
HOM19_O8                     384.000000000000             8.387210622699          6436.661388000000
HOM19_O9                     400.000000000000            10.642416977297          7478.412658999999
HOM19_O10                    416.000000000000             9.928420938730          7340.800985000003
HOM19_O11                    432.000000000000            10.635195160657          8201.615312999998
HOM19_O12                    448.000000000000             9.921199227026          8064.003668000001
HOM19_O13                    464.000000000000            10.627973390332          8924.817983000006
HOM19_O14                    480.000000000000             9.913977301525          8787.206291000006
HOM19_O15                    496.000000000000            11.164215896100          9808.524465000000
HOM19_O16                    512.000000000000            11.455187648744          9691.345899000000
HOM19_O17                    528.000000000000            12.161961789254         10552.160199999998
HOM19_O18                    544.000000000000            11.483038782566         10029.739969999999
HOM19_NO8                    399.000000000000             9.854088589470          6520.860315000002
HOM19_NO9                    415.000000000000            10.851834140623          7264.495953000000
HOM19_NO10                   431.000000000000            11.558608023365          8125.310192000001
HOM19_NO11                   447.000000000000            10.879685534204          7602.890106000003
HOM19_NO12                   463.000000000000            11.586459340429          8463.704318000002
HOM19_NO13                   479.000000000000            10.872463582217          8326.092721000003
HOM19_NO14                   495.000000000000            11.579237547128          9186.906973000001
HOM19_NO15                   511.000000000000            10.865241537561          9049.295310000001
HOM19_NO16                   527.000000000000            11.408706053004          9209.799196999998
HOM19_NO17                   543.000000000000            12.406451756060          9953.434875999999
HOM19_NO18                   559.000000000000            11.401484391823          9933.001887999997
HOM18_O4                     306.000000000000             9.986006700241          5502.635106000000
HOM18_O5                     322.000000000000            10.692781030147          6363.449463999998
HOM18_O6                     338.000000000000             9.489430555029          6027.514486000002
HOM18_O7                     354.000000000000             8.682845663631          6322.583322000001
HOM18_O8                     370.000000000000             7.968849585146          6184.971624999997
HOM18_O9                     386.000000000000            10.224056083051          7226.722938000000
HOM18_O10                    402.000000000000             9.510060074961          7089.111274000000
HOM18_O11                    418.000000000000            10.216834100021          7949.925546999999
HOM18_O12                    434.000000000000             9.502837949447          7812.313833999999
HOM18_O13                    450.000000000000            10.209612113375          8673.128155999999
HOM18_O14                    466.000000000000             9.495616059625          8535.516466999994
HOM18_O15                    482.000000000000            10.745854837618          9556.834699000003
HOM18_O16                    498.000000000000            11.036826654151          9439.656143000004
HOM18_O17                    514.000000000000            11.743600702498         10300.470429999998
HOM18_O18                    530.000000000000            11.064677757003          9778.050209999994
HOM18_NO9                    401.000000000000            10.433472955111          7012.806156000000
HOM18_NO10                   417.000000000000            11.140247340462          7873.620527999998
HOM18_NO11                   433.000000000000            10.461324277670          7351.200279999999
HOM18_NO12                   449.000000000000            11.168098416269          8212.014586000001
HOM18_NO13                   465.000000000000            10.454102443462          8074.402940999998
HOM18_NO14                   481.000000000000            11.160876584283          8935.217239999998
HOM18_NO15                   497.000000000000            10.446880432589          8797.605530000001
HOM18_NO16                   513.000000000000            10.990345051969          8958.109447000003
HOM18_NO17                   529.000000000000            11.988090787699          9701.745136000001
HOM18_NO18                   545.000000000000            10.983123271250          9681.312108000007
HOM18_NO19                   561.000000000000            11.980868781626         10424.947729999998
R_HOM_OH_O5                  217.000000000000             8.681700000000          4722.484110195381
R_HOM_OH_O6                  233.000000000000             9.678300000000          5637.296609034431
R_HOM_OH_O7                  249.000000000000             7.178600000000          4359.884412322313
R_HOM_OH_O8                  265.000000000000             7.885400000000          5220.698708371651
R_HOM_OH_O9                  281.000000000000             7.171400000000          5083.087071016968
R_HOM_OH_O10                 297.000000000000             7.878200000000          5943.901299290477
HOM_OH_O4CBN                 200.000000000000             7.676700000000          4702.051062635222
HOM_OH_O5CBN                 216.000000000000             8.673300000000          5616.863495242180
HOM_OH_O6CBN                 232.000000000000             6.173600000000          4339.451396154290
HOM_OH_O7CBN                 248.000000000000             6.880400000000          5200.265671715770
HOM_OH_O8CBN                 264.000000000000             6.166400000000          5062.653994115303
HOM_OH_O9CBN                 280.000000000000             6.873200000000          5923.468267152739
HOM_OH_O4                    202.000000000000             9.388400000000          5583.298432707728
HOM_OH_O5                    218.000000000000            10.385000000000          6498.110924830322
HOM_OH_O6                    234.000000000000             7.885400000000          5220.698708371651
HOM_OH_O7                    250.000000000000             8.592200000000          6081.513024673880
HOM_OH_O8                    266.000000000000             7.878200000000          5943.901299290477
HOM_OH_O9                    282.000000000000             6.874300000000          5752.291487092438
HOM_OH_O10                   298.000000000000             7.581100000000          6613.105809404990
HOM_OH_NO6                   247.000000000000             9.426200000000          5563.450659825250
HOM_OH_NO7                   263.000000000000            10.133000000000          6424.264975792521
HOM_OH_NO8                   279.000000000000             7.633300000000          5146.852915402638
HOM_OH_NO9                   295.000000000000             8.340100000000          6007.667093210471
HOM_OH_NO10                  311.000000000000             7.626100000000          5870.055494914422
HOM_OH_NO11                  327.000000000000             8.332800000000          6730.869731572418
HOM20_OH_O6                  370.000000000000            10.067400000000          6802.350920462141
HOM20_OH_O7                  386.000000000000             9.352300000000          6835.915983981291
HOM20_OH_O8                  402.000000000000             8.564400000000          6439.751255664891
HOM20_OH_O9                  418.000000000000             9.271100000000          7300.565495321951
HOM20_OH_O10                 434.000000000000             8.557100000000          7162.953778591419
HOM20_OH_O11                 450.000000000000             9.263900000000          8023.768133039181
HOM20_OH_O12                 466.000000000000             9.970700000000          8884.582391188318
HOM20_OH_O13                 482.000000000000             9.256700000000          8746.970740127010
HOM20_OH_NO8                 417.000000000000            10.105200000000          6782.503160202639
HOM20_OH_NO9                 433.000000000000            10.811900000000          7643.317481560644
HOM20_OH_NO10                449.000000000000             9.019100000000          7226.719618990120
HOM20_OH_NO11                465.000000000000             9.019100000000          7226.719618990120
HOM20_OH_NO12                481.000000000000             9.725800000000          8087.533942700378
HOM20_OH_NO13                497.000000000000             9.011800000000          7949.922245757200
HOM20_OH_NO14                513.000000000000             9.718605110928          8810.736525999997
HOM19_OH_O6                  356.000000000000             9.649060031138          6550.661133000001
HOM19_OH_O7                  372.000000000000             8.933921563969          6584.226199000005
HOM19_OH_O8                  388.000000000000             8.146003533586          6188.061368000001
HOM19_OH_O9                  404.000000000000             8.852777808888          7048.875717000001
HOM19_OH_O10                 420.000000000000             8.138781856227          6911.264058999999
HOM19_OH_O11                 436.000000000000             8.845555747084          7772.078295000006
HOM19_OH_O12                 452.000000000000             9.552329881749          8632.892600999994
HOM19_OH_O13                 468.000000000000             8.838333897842          8495.280935999999
HOM19_OH_O14                 484.000000000000             9.545108025643          9356.095242000001
HOM19_OH_NO9                 419.000000000000            10.393577625227          7391.627755000003
HOM19_OH_NO10                435.000000000000             9.388609849218          7371.194648999999
HOM19_OH_NO11                451.000000000000             8.600692158131          6975.029914999999
HOM19_OH_NO12                467.000000000000             9.307466088432          7835.844162000004
HOM19_OH_NO13                483.000000000000             8.593470181772          7698.232529999997
HOM19_OH_NO14                499.000000000000             9.300243739625          8559.046665000002
HOM18_OH_O5                  326.000000000000            10.235666582074          6319.404420000003
HOM18_OH_O6                  342.000000000000             9.230698832104          6298.971319000000
HOM18_OH_O7                  358.000000000000             8.515560697155          6332.536490000001
HOM18_OH_O8                  374.000000000000             7.727642764127          5936.371689000001
HOM18_OH_O9                  390.000000000000             8.434416507527          6797.185878000002
HOM18_OH_O10                 406.000000000000             7.720420784948          6659.574292000000
HOM18_OH_O11                 422.000000000000             8.427194843108          7520.388575999998
HOM18_OH_O12                 438.000000000000             9.133968844380          8381.202842999997
HOM18_OH_O13                 454.000000000000             8.419972866139          8243.591183000000
HOM18_OH_O14                 470.000000000000             9.126747200747          9104.405544000005
HOM18_OH_NO10                421.000000000000             8.970248616405          7119.504833000001
HOM18_OH_NO11                437.000000000000             8.182330869012          6723.340087999999
HOM18_OH_NO12                453.000000000000             8.889105076418          7584.154412999998
HOM18_OH_NO13                469.000000000000             8.175108840174          7446.542682000000
HOM18_OH_NO14                485.000000000000             8.881882926799          8307.356970999996
HOM18_OH_NO15                501.000000000000             8.167887004019          8169.745320000000
HOM_nucl                     398.000000000000            10.000000000000         10000.000000000000
GENERIC                      437.000000000000            10.000000000000         10000.000000000000
