        213.142700000000          17.261295170492        9281.026012314602
        220.219700000000          15.067055220363        8099.782380308389
        280.145800000000          16.922425815837        9105.336519527937
        182.042600000000          14.652011699197        7776.804395603368
        197.143300000000          15.509540313227        8210.517704907115
        211.126900000000          15.473525604781        8194.731422913015
        227.126300000000          14.743651587959        7771.749798341980
        166.129300000000          15.565118654191        8339.543190295675
        227.126300000000          14.632329521353        7683.160206942515
        282.118600000000          16.843902283700        9013.553016743102
        211.126900000000          15.607162225023        8294.759405895489
        242.140900000000          15.792543778829        8404.206451786675
        266.119200000000          16.750218410118        9001.875188969605
        164.113400000000          14.320706400031        7594.068462410820
        227.126300000000          14.743651587959        7771.749798341980
        182.042600000000          14.652011699197        7776.804395603368
        192.166600000000          14.948236393268        7973.920874918452
        296.145200000000          17.274434153208        9274.499323340839
        237.121100000000          16.756137627938        8935.601195301761
        198.128100000000          15.988411492486        8504.312893291923
        166.129300000000          15.461182343402        8213.863895324761
        166.129300000000          15.164193205070        8031.940643283767
        206.193200000000          15.177297533241        8120.890013845267
        220.219700000000          15.067055220363        8099.782380308389
        325.143400000000          17.012665572309        9182.171427196412
        211.126900000000          15.347765310723        8160.437024305041
        311.116800000000          16.825198672106        9069.675357055408
        251.147700000000          17.178493721400        9192.527617172327
        311.000000000000           7.440400000000        5670.081166981673
        327.000000000000           8.438200000000        6413.716809292261
        343.000000000000           7.433200000000        6393.283824468808
        359.000000000000           9.979400000000        7317.856447586760
        278.000000000000           7.440400000000        5670.081166981673
        294.000000000000           6.435500000000        5649.648141097976
        310.000000000000           7.433200000000        6393.283824468808
        326.000000000000           6.428300000000        6372.850703233674
        342.000000000000           8.974400000000        7297.423348300931
        264.000000000000           8.154400000000        5807.692798681089
        280.000000000000           9.152200000000        6551.328543649267
        296.000000000000           8.147200000000        6530.895461989531
        312.000000000000           9.145000000000        7274.531107875013
        328.000000000000           8.140000000000        7254.098068612523
        344.000000000000          10.686200000000        8178.670685174246
        360.000000000000           9.972200000000        8041.059008730548
        325.000000000000           8.900100000000        6477.482654549962
        341.000000000000           7.895100000000        6457.049563148402
        357.000000000000           8.892900000000        7200.685213304160
        373.000000000000           7.887900000000        7180.252167454625
        389.000000000000          10.434100000000        8104.824873757168
        350.000000000000          11.529500000000        6866.828990500530
        366.000000000000          10.326200000000        6530.894084432419
        382.000000000000           9.519600000000        6825.962901885377
        398.000000000000           8.805600000000        6688.351203514801
        414.000000000000          11.060800000000        7730.102502500318
        430.000000000000          10.346800000000        7592.490793900313
        446.000000000000          11.053600000000        8453.305076263192
        462.000000000000          10.339600000000        8315.693427042817
        478.000000000000          11.046300000000        9176.507666635011
        494.000000000000          10.332300000000        9038.896065765828
        510.000000000000          11.582600000000       10060.214241247011
        526.000000000000          11.873500000000        9943.035651621763
        542.000000000000          12.580300000000       10803.849939180111
        397.000000000000          11.277400000000        6792.983081151509
        413.000000000000          10.272400000000        6772.549983116888
        429.000000000000          11.270200000000        7516.185702734297
        445.000000000000          11.977000000000        8376.999985519778
        461.000000000000          11.298000000000        7854.579847911557
        477.000000000000          12.004800000000        8715.394106810549
        493.000000000000          11.290800000000        8577.782424045934
        509.000000000000          11.997600000000        9438.596762236761
        525.000000000000          11.283600000000        9300.985076879724
        541.000000000000          11.827100000000        9461.488975185062
        557.000000000000          12.824800000000       10205.124648774894
        573.000000000000          11.819845262832       10184.691610000003
        368.000000000000           9.101206675543        6574.273068000002
        384.000000000000           8.387210622699        6436.661388000000
        400.000000000000          10.642416977297        7478.412658999999
        416.000000000000           9.928420938730        7340.800984999995
        432.000000000000          10.635195160657        8201.615312999998
        448.000000000000           9.921199227026        8064.003668000004
        464.000000000000          10.627973390332        8924.817983000004
        480.000000000000           9.913977301525        8787.206290999997
        496.000000000000          11.164215896100        9808.524464999997
        512.000000000000          11.455187648744        9691.345898999998
        528.000000000000          12.161961789254       10552.160200000000
        544.000000000000          11.483038782566       10029.739970000002
        399.000000000000           9.854088589470        6520.860314999998
        415.000000000000          10.851834140623        7264.495953000002
        431.000000000000          11.558608023365        8125.310192000004
        447.000000000000          10.879685534204        7602.890105999994
        463.000000000000          11.586459340429        8463.704318000002
        479.000000000000          10.872463582217        8326.092721000003
        495.000000000000          11.579237547128        9186.906972999996
        511.000000000000          10.865241537560        9049.295309999996
        527.000000000000          11.408706053004        9209.799196999997
        543.000000000000          12.406451756060        9953.434875999992
        559.000000000000          11.401484391823        9933.001887999997
        354.000000000000           8.682845663631        6322.583322000000
        370.000000000000           7.968849585146        6184.971625000004
        386.000000000000          10.224056083051        7226.722937999995
        402.000000000000           9.510060074961        7089.111273999994
        418.000000000000          10.216834100021        7949.925546999999
        434.000000000000           9.502837949447        7812.313834000002
        450.000000000000          10.209612113375        8673.128155999999
        466.000000000000           9.495616059625        8535.516466999996
        482.000000000000          10.745854837618        9556.834698999999
        498.000000000000          11.036826654151        9439.656142999997
        514.000000000000          11.743600702498       10300.470429999998
        530.000000000000          11.064677757003        9778.050209999996
        401.000000000000          10.433472955111        7012.806156000001
        417.000000000000          11.140247340462        7873.620528000001
        433.000000000000          10.461324277670        7351.200280000000
        449.000000000000          11.168098416269        8212.014585999996
        465.000000000000          10.454102443462        8074.402940999998
        481.000000000000          11.160876584283        8935.217240000002
        497.000000000000          10.446880432590        8797.605530000003
        513.000000000000          10.990345051969        8958.109447000004
        529.000000000000          11.988090787699        9701.745135999998
        545.000000000000          10.983123271250        9681.312108000000
        561.000000000000          11.980868781626       10424.947730000007
        297.000000000000           7.878200000000        5943.901299290481
        280.000000000000           6.873200000000        5923.468267152738
        218.000000000000          10.385000000000        6498.110924830321
        250.000000000000           8.592200000000        6081.513024673882
        266.000000000000           7.878200000000        5943.901299290481
        282.000000000000           6.874300000000        5752.291487092436
        298.000000000000           7.581100000000        6613.105809404994
        263.000000000000          10.133000000000        6424.264975792521
        295.000000000000           8.340100000000        6007.667093210469
        311.000000000000           7.626100000000        5870.055494914418
        327.000000000000           8.332800000000        6730.869731572422
        370.000000000000          10.067400000000        6802.350920462141
        386.000000000000           9.352300000000        6835.915983981296
        402.000000000000           8.564400000000        6439.751255664890
        418.000000000000           9.271100000000        7300.565495321953
        434.000000000000           8.557100000000        7162.953778591422
        450.000000000000           9.263900000000        8023.768133039172
        466.000000000000           9.970700000000        8884.582391188314
        482.000000000000           9.256700000000        8746.970740127004
        417.000000000000          10.105200000000        6782.503160202643
        433.000000000000          10.811900000000        7643.317481560636
        449.000000000000           9.019100000000        7226.719618990120
        465.000000000000           9.019100000000        7226.719618990120
        481.000000000000           9.725800000000        8087.533942700383
        497.000000000000           9.011800000000        7949.922245757200
        513.000000000000           9.718605110928        8810.736526000002
        356.000000000000           9.649060031138        6550.661133000003
        372.000000000000           8.933921563969        6584.226199000000
        388.000000000000           8.146003533586        6188.061367999994
        404.000000000000           8.852777808888        7048.875717000000
        420.000000000000           8.138781856227        6911.264059000002
        436.000000000000           8.845555747084        7772.078294999998
        452.000000000000           9.552329881749        8632.892601000000
        468.000000000000           8.838333897842        8495.280936000001
        484.000000000000           9.545108025643        9356.095241999999
        419.000000000000          10.393577625227        7391.627755000000
        435.000000000000           9.388609849218        7371.194649000000
        451.000000000000           8.600692158131        6975.029915000004
        467.000000000000           9.307466088432        7835.844161999996
        483.000000000000           8.593470181772        7698.232530000004
        499.000000000000           9.300243739625        8559.046665000000
        342.000000000000           9.230698832104        6298.971319000005
        358.000000000000           8.515560697155        6332.536490000003
        374.000000000000           7.727642764127        5936.371689000001
        390.000000000000           8.434416507527        6797.185878000003
        406.000000000000           7.720420784948        6659.574292000000
        422.000000000000           8.427194843108        7520.388576000002
        438.000000000000           9.133968844380        8381.202842999997
        454.000000000000           8.419972866139        8243.591183000002
        470.000000000000           9.126747200747        9104.405543999990
        421.000000000000           8.970248616405        7119.504832999995
        437.000000000000           8.182330869012        6723.340087999999
        453.000000000000           8.889105076418        7584.154412999994
        469.000000000000           8.175108840174        7446.542682000000
        485.000000000000           8.881882926799        8307.356970999997
        501.000000000000           8.167887004019        8169.745319999996
        398.000000000000          10.000000000000       10000.000000000005
        437.000000000000          10.000000000000       10000.000000000005
