#                     time          SMEAR_TEMP_168.dat             SMEAR_PRESS.dat                SMEAR_RH.dat               SMEAR_SWR.dat                SA_tower.dat               SA_ground.dat                     NH3.dat                SMEAR_CS.dat            SMEAR_GAS_CO.dat           SMEAR_GAS_NO2.dat            SMEAR_GAS_NO.dat            SMEAR_GAS_O3.dat           SMEAR_GAS_SO2.dat
9.40000000000000000000e+01  -4.54000000000000003553e+00  9.88279999999999972715e+02  6.63199999999999931788e+01  -2.22945200000000021134e+00  1.80414343750000000000e+05  4.01519500000000000000e+05  9.73463673432890352899e+00  4.41866499999999957221e-03  1.66180000000000006821e+02  3.53999999999999981348e-01  5.00000000000000027756e-02  5.20780000000000029559e+01  4.00000000000000022204e-01
9.40069444444444428655e+01  -4.51006394884008443569e+00  9.88290051159072049813e+02  6.71201087130281450754e+01  -2.21947026666638880243e+00  1.60131177121118293144e+05  4.23297781209429842420e+05  1.10586679596372015055e+01  4.63923212962957104422e-03  1.67615333335629259182e+02  3.82667125340670932765e-01  5.00000000000000027756e-02  5.20766666666645363648e+01  2.59999104007093806423e-01
9.40138888888888857309e+01  -4.76998561150960043165e+00  9.88330003197442351848e+02  6.85599088728941410409e+01  -2.37284980634914566267e+00  1.39848010492236586288e+05  4.45076062418859684840e+05  9.68136763067136030259e+00  4.85979925925914164886e-03  1.69050666671258511542e+02  4.11334250681341884182e-01  5.00000000000000027756e-02  5.20753333333290697738e+01  4.99999776000341011883e-01
9.40208333333333285964e+01  -4.66005755395668863628e+00  9.88300071942445811146e+02  6.88899952038369463025e+01  -2.68542115238079848183e+00  1.19564843863354864880e+05  4.66854343628289527260e+05  9.40827939452841910395e+00  5.08036638888871312086e-03  1.70485999983882692277e+02  4.39999872004096181932e-01  5.00000000000000027756e-02  5.20739999988994881619e+01  4.79999999999999982236e-01
9.40277777777777714618e+01  -4.76999680255789293426e+00  9.88429984012789418557e+02  6.98499360511578686328e+01  -2.99611310793886786996e+00  1.06048023462689336156e+05  4.11837135519194242079e+05  9.64714497635056034142e+00  5.09663677248676019738e-03  1.67127333327963185639e+02  4.37333290668033891624e-01  5.00000000000000027756e-02  5.18446666662999859909e+01  3.79999968000253374178e-01
9.40347222222222285382e+01  -5.09998081534736069642e+00  9.88450054356515806830e+02  7.08300607514000262199e+01  -3.04456168571196617023e+00  9.25312030998106638435e+04  3.56819926980805757921e+05  9.22289717833838373906e+00  5.10788346560847334593e-03  1.63768666672036800946e+02  4.34666709331966105712e-01  5.00000000000000027756e-02  5.16153333337000148617e+01  4.99999520003800268508e-01
9.40416666666666714036e+01  -5.13002877697834414050e+00  9.88560033573141367924e+02  7.16000191846522255901e+01  -2.59179354285560314963e+00  7.90143828069092705846e+04  3.01802718728932784870e+05  7.58746186033329195197e+00  5.11913015873016394308e-03  1.60410000016117294308e+02  4.32000127995903815403e-01  5.00000000000000027756e-02  5.13860000011005126908e+01  3.89999088009164496249e-01
9.40486111111111142691e+01  -5.57000159872115574444e+00  9.88749987210230756318e+02  7.32600383693077361613e+01  -2.88879412857199824316e+00  7.80140052046061755391e+04  2.98033052069288503844e+05  4.50532273521605119981e+00  5.22759969444449093534e-03  1.60945999998285259380e+02  4.76665237310467226894e-01  5.00000000000000027756e-02  5.13466666667925011325e+01  2.20000143999780795045e-01
9.40555555555555571345e+01  -5.43002557953603393059e+00  9.88669929656275826346e+02  7.34300063948840175954e+01  -1.92982217460316407553e+00  7.70136276023030950455e+04  2.94263385409644281026e+05  1.06747294020647238710e+01  5.34097122222226567551e-03  1.61481999999142630031e+02  5.21332618655233615002e-01  5.00000000000000027756e-02  5.13073333333962509073e+01  5.70000575995439628940e-01
9.40625000000000000000e+01  -5.24000000000000021316e+00  9.88559999999999945430e+02  7.34399999999999977263e+01  -1.70291100000000006354e+00  7.60132500000000000000e+04  2.90493718750000000000e+05  1.28647807291631544047e+01  5.43168261904755037689e-03  1.62018000000000000682e+02  5.65999999999999947597e-01  5.00000000000000027756e-02  5.12680000000000006821e+01  4.69999999999999973355e-01
9.40694444444444428655e+01  -5.29002557953603425034e+00  9.88769993605115928403e+02  7.39301023181441365750e+01  -2.89946894920632303183e+00  7.13575221440897003049e+04  2.70812447953330352902e+05  8.41274505981087372675e+00  5.23033010582009058598e-03  1.61206666665368885560e+02  5.70666741334527771734e-01  5.00000000000000027756e-02  5.11226666664341991009e+01  3.89998400012667501002e-01
9.40763888888888857309e+01  -5.58998081534613433519e+00  9.88729993605115396349e+02  7.47899648281345861278e+01  -2.25064535714159585922e+00  6.67017942881793860579e+04  2.51131177156660734909e+05  5.93338028034123343701e+00  5.02897759259263079507e-03  1.60395333330737770439e+02  5.75333482669055595871e-01  5.00000000000000027756e-02  5.09773333328683904142e+01  5.09999952000073086822e-01
9.40833333333333285964e+01  -5.77000479616305739228e+00  9.88910014388489116754e+02  7.60400575539567000760e+01  -2.15636203333412845851e+00  6.20460664322690863628e+04  2.31449906359991087811e+05  5.72975804178328651517e+00  4.84390666666660411888e-03  1.59584000015634245528e+02  5.80000255991807600608e-01  5.00000000000000027756e-02  5.08319999989474808899e+01  5.50000383996141262166e-01
9.40902777777777714618e+01  -6.00000319744210663941e+00  9.88970000000000027285e+02  7.73700031974421165160e+01  -1.38233823809816813721e+00  5.33647799640947196167e+04  2.01669531305497366702e+05  1.16407782936810324514e+01  4.98175388888879005361e-03  1.62842000005209200708e+02  5.85333418663932181225e-01  5.00000000000000027756e-02  5.06126666663159738846e+01  3.99999808001520129608e-01
9.40972222222222285382e+01  -5.87999040767368086335e+00  9.88999984012789468579e+02  7.81000063948842040418e+01  -1.07548560952210037200e+00  4.46834934734052803833e+04  1.71889156194502662402e+05  8.23126260167573420290e+00  5.11960111111125701355e-03  1.66099999994790806568e+02  5.90666581336067753050e-01  5.00000000000000027756e-02  5.03933333336840263428e+01  4.19999776001773461598e-01
9.41041666666666714036e+01  -6.02002398081528689033e+00  9.88950033573141467969e+02  7.89799760191847184387e+01  -1.95282937619175900323e+00  3.60022070202263494139e+04  1.42108781312774954131e+05  1.17324358280007174926e+01  5.25609563492069990776e-03  1.69357999984365761748e+02  5.95999744008192333666e-01  5.00000000000000027756e-02  5.01740000010525193375e+01  5.09998800012058550735e-01
9.41111111111111142691e+01  -6.21000479616346634515e+00  9.89199982414067335412e+02  8.02600239808173370193e+01  -1.89951643174415973903e+00  3.40296881436925614253e+04  1.53341427125183312455e+05  7.82421738164457103437e+00  5.33758042328046685560e-03  1.69780666665314498687e+02  5.76667285343230640038e-01  5.00000000000000027756e-02  4.99233333341352505386e+01  2.79999952000073104585e-01
9.41180555555555571345e+01  -6.51999360511599146406e+00  9.89140083133492112211e+02  8.20997761790597024856e+01  -1.72016989841264611449e+00  3.20571692671587807126e+04  1.64574072937591641676e+05  8.03290220798735710162e+00  5.41906521164023293607e-03  1.70203333332657251731e+02  5.57333642671615336894e-01  5.00000000000000027756e-02  4.96726666670676237914e+01  5.70000447996453107891e-01
9.41250000000000000000e+01  -6.87000000000000010658e+00  9.89240000000000009095e+02  8.34599999999999937472e+01  -9.70890000000000030767e-01  3.00846503906250000000e+04  1.75806718750000000000e+05  4.87076857639346449957e+00  5.50054999999999988392e-03  1.70626000000000004775e+02  5.38000000000000033751e-01  5.00000000000000027756e-02  4.94219999999999970441e+01  4.40000000000000002220e-01
9.41319444444444428655e+01  -6.80996802557995728478e+00  9.89200083133492171328e+02  8.43900511590720725508e+01  7.49346349201316930255e-02  2.92102063818373098911e+04  1.67421687515620258637e+05  7.49602285912893595565e+00  5.40281521164023750131e-03  1.71320666667777857128e+02  5.45333450668543773254e-01  5.00000000000000027756e-02  4.88066666656823926473e+01  1.99999872001013406786e-01
9.41388888888888857309e+01  -6.72000639488462159221e+00  9.89229995203836551809e+02  8.45399728217403634289e+01  1.78594938095746780249e-01  2.83357623730496234202e+04  1.59036656281240488170e+05  1.20768376217261099725e+01  5.30508042328047511871e-03  1.72015333335555681060e+02  5.52666901337087512758e-01  5.00000000000000027756e-02  4.81913333313647882505e+01  4.09999776000340987459e-01
9.41458333333333285964e+01  -6.74001438848917278079e+00  9.89340009592326168786e+02  8.52300191846522352535e+01  6.56597476229476423315e-02  2.74613183642619333114e+04  1.50651625046860717703e+05  1.05508845780271869330e+01  5.20734563492071273610e-03  1.72709999991000813679e+02  5.59999040030721539907e-01  5.00000000000000027756e-02  4.75760000005982419680e+01  1.40001199987941443714e-01
9.41527777777777714618e+01  -6.93000319744210635520e+00  9.89399952038368383000e+02  8.62000543565158068304e+01  -6.09038692062759512424e-01  4.67446132453145255568e+04  1.27601171917955784011e+05  8.46422974967898511522e+00  5.33376486772472839515e-03  1.70834666663668230058e+02  5.39999680010254112794e-01  5.00000000000000027756e-02  4.77006666668659988773e+01  1.70000511995946401722e-01
9.41597222222222285382e+01  -6.62998401278946758453e+00  9.89429993605115782884e+02  8.65399872102315868005e+01  6.30143793650834282971e-01  6.60279082390604744432e+04  1.04550718707044230541e+05  9.83053879522150175774e+00  5.46569608465617955834e-03  1.68959333336331781084e+02  5.20000319989745940497e-01  5.00000000000000027756e-02  4.78253333331340044765e+01  3.10000383996959782973e-01
9.41666666666666714036e+01  -6.84000479616305767649e+00  9.89330076738608909181e+02  8.68400911270980913059e+01  7.29187161903273817209e-01  8.53112030925412109355e+04  8.15002655659772572108e+04  8.39756334086803590822e+00  5.59762730158736183939e-03  1.67084000008999197462e+02  5.00000959969278513384e-01  5.00000000000000027756e-02  4.79499999994017613858e+01  2.99999568004341077287e-01
9.41736111111111142691e+01  -6.82999040767306730970e+00  9.89509974420461503541e+02  8.66700000000000017053e+01  -1.06255731746581108532e-01  7.95031848741941357730e+04  7.09390233981515048072e+04  8.00935423725983852705e+00  5.56585796296295547830e-03  1.68987999993908829310e+02  5.19332714656769445227e-01  5.00000000000000027756e-02  4.77293333340392820219e+01  2.29999920000121788055e-01
9.41805555555555571345e+01  -7.09998721023198253732e+00  9.89469993605115973878e+02  8.74498593125518226543e+01  5.61589638095259080508e-01  7.36951666558470751625e+04  6.03777812303257524036e+04  5.57010744473379126873e+00  5.52583481481481748193e-03  1.70891999996954410790e+02  5.38666357328384748371e-01  5.00000000000000027756e-02  4.75086666670196393625e+01  3.60000127998986563238e-01
9.41875000000000000000e+01  -7.04999999999999982236e+00  9.89490000000000009095e+02  8.82600000000000051159e+01  5.59502999999999972580e-01  6.78871484375000000000e+04  4.98165390625000000000e+04  6.89520221353561701960e+00  5.48581166666667948556e-03  1.72795999999999992269e+02  5.58000000000000051514e-01  5.00000000000000027756e-02  4.72879999999999967031e+01  5.99999999999999977796e-01
9.41944444444444428655e+01  -7.01997442046396535886e+00  9.89420083133492084926e+02  8.96999040767398696516e+01  -7.67972288888726373202e-01  7.18251874926639284240e+04  5.68655286327019639430e+04  6.20672406285827449324e+00  5.57115766666662921153e-03  1.75009333336873709186e+02  7.19335914707962209569e-01  5.00000000000000027756e-02  4.66806666656951918526e+01  1.90000191998479894817e-01
9.42013888888888857309e+01  -6.95000159872115563786e+00  9.89530003197442283636e+02  8.97899920063942289516e+01  -3.58817936508445178845e-01  7.57632265478278713999e+04  6.39145182029039278859e+04  5.19074417379218822077e+00  5.66623058333329352593e-03  1.77222666673747454524e+02  8.80671829415924367623e-01  5.00000000000000027756e-02  4.60733333313903870021e+01  7.10000623999049951252e-01
9.42083333333333285964e+01  -7.37000959232611485561e+00  9.89659985611510819581e+02  8.99099760191847110491e+01  -1.04840366190360723131e+00  7.97012656029917998239e+04  7.09635077731058991048e+04  6.34006845770328553158e+00  5.75137476190481274768e-03  1.79436000011059462622e+02  1.04201187162007813392e+00  5.00000000000000027756e-02  4.54659999973894954906e+01  5.19999520004823412300e-01
9.42152777777777714618e+01  -7.70001918465263912594e+00  9.89659980815347353200e+02  8.99099840127894651687e+01  -4.97880384127106223602e-01  7.70057682341898762388e+04  8.29308749776981567265e+04  5.14080563624007247370e+00  5.63959896825404899401e-03  1.81740666670351572520e+02  1.28933729053985746127e+00  5.00000000000000027756e-02  4.49219999991302074704e+01  1.80000543995693040866e-01
9.42222222222222285382e+01  -7.61001918465263926805e+00  9.89559977617905246916e+02  9.07000415667473873782e+01  1.22374446984554263729e+00  7.43102708283101237612e+04  9.48982422098018432735e+04  6.49736737828067401068e+00  5.52782317460305625684e-03  1.84045333329648428844e+02  1.53666270946014282828e+00  5.00000000000000027756e-02  4.43780000008697967928e+01  5.09999296005573699020e-01
9.42291666666666714036e+01  -7.61997601918471278992e+00  9.89569990407673913069e+02  9.14599232613910686496e+01  2.86898661428576540189e+00  7.16147735946504544700e+04  1.06865609362306087860e+05  6.47015369899494441341e+00  5.43448769841322135155e-03  1.86349999988940538742e+02  1.78398812837992193359e+00  5.00000000000000027756e-02  4.38340000026105087727e+01  6.39997072029422908734e-01
9.42361111111111142691e+01  -7.88999520383653329958e+00  9.89699979216625024492e+02  9.17000111910480910637e+01  8.95401658096028363332e+00  9.97345105214336363133e+04  1.04594221345704048872e+05  9.54083998547979206251e+00  6.09105846560881354634e-03  1.87256666663766111469e+02  2.08599033584539794717e+00  5.00000000000000027756e-02  4.33726666681425427896e+01  3.49999856000219211616e-01
9.42430555555555571345e+01  -7.69007034372409403744e+00  9.89719910471623961712e+02  9.27999040767398639673e+01  8.30658261269937447935e+00  1.27854247448216818157e+05  1.02322833329102024436e+05  6.25521462352955470720e+00  6.74762923280440660850e-03  1.88163333331883052324e+02  2.38799516792269894694e+00  5.00000000000000027756e-02  4.29113333340712728159e+01  7.29997888016721052651e-01
9.42500000000000000000e+01  -7.75999999999999978684e+00  9.89639999999999986358e+02  9.30999999999999943157e+01  1.42735500000000001819e+01  1.55973984375000000000e+05  1.00051445312500000000e+05  4.49437672482691219500e+00  7.40419999999999967066e-03  1.89069999999999993179e+02  2.68999999999999994671e+00  5.00000000000000027756e-02  4.24500000000000028422e+01  1.01000000000000000888e+00
9.42569444444444428655e+01  -7.98995523581194078133e+00  9.89590025579536018085e+02  9.30299616306959507028e+01  4.52650965396868727453e+01  2.30772510277326538926e+05  1.04369341137789640925e+05  6.99164995796646593362e+00  7.69007962962955406161e-03  1.87096666663510177386e+02  3.22600857613719638195e+00  6.26666744533186242938e-02  4.21099999994561500216e+01  1.60000255997973211963e-01
9.42638888888888857309e+01  -7.79999680255768890191e+00  9.89610015987211568245e+02  9.19900335731442595488e+01  7.45406083491893411974e+01  3.05571036179653077852e+05  1.08687236963079281850e+05  7.29872008923291737403e+00  7.97595925925910845256e-03  1.85123333327020361594e+02  3.76201715227439326128e+00  1.11333348906637236153e-01  4.17699999989122900956e+01  3.00000367999439743194e-01
9.42708333333333285964e+01  -7.51000479616305760544e+00  9.89959976019184750839e+02  9.00899424460433095874e+01  8.85050534284800392015e+01  3.80369562081979645882e+05  1.13005132788368937327e+05  1.45287615790342954369e+01  8.26183888888866110878e-03  1.83149999997533456053e+02  4.29799331221402614034e+00  1.59999998400003784482e-01  4.14299999991202341221e+01  5.50040223595796962108e-01
9.42777777777777714618e+01  -7.14002238209474526798e+00  9.89820000000000050022e+02  8.93300383693052708622e+01  1.22035942222105703081e+02  5.33204895548516302370e+05  1.23684593730098247761e+05  1.39084352720940742643e+01  8.16874068783079651523e-03  1.82635999999178181952e+02  4.15866443740477009783e+00  1.56666666133336879296e-01  4.12466666663735352927e+01  1.90000447996453103450e-01
9.42847222222222285382e+01  -6.92999360511578643695e+00  9.89920003197442042620e+02  8.64799776179052628322e+01  1.57568847301585776677e+02  6.86040229451483581215e+05  1.34364054707401752239e+05  6.10346516020078322384e+00  8.06632335978828621248e-03  1.82122000000821827825e+02  4.01933556259522983822e+00  1.53333333866663118483e-01  4.10633333336264669811e+01  5.29998976008107192115e-01
9.42916666666666714036e+01  -6.74997601918471268334e+00  9.89900023980815262803e+02  8.57000671462828051972e+01  1.52509311904788575021e+02  8.38875564096707734279e+05  1.45043516021743038436e+05  3.96451202080179943010e+00  7.96390603174598581127e-03  1.81608000002466553724e+02  3.88000668778597379571e+00  1.50000001599996213297e-01  4.08800000008797681517e+01  3.49998560014470272428e-01
9.42986111111111142691e+01  -6.66999999999999992895e+00  9.90020011191048070032e+02  8.47099712230191954632e+01  7.82554451269936777180e+01  1.12458266773113841191e+06  2.16034781514495378360e+05  2.63668644268178979928e+01  8.73449316666700600886e-03  1.82047999998592388238e+02  3.41268162157257393119e+00  1.48666667093332510730e-01  4.13713333317614839757e+01  7.00001599997564227795e-02
9.43055555555555571345e+01  -6.87998081534797467640e+00  9.89950108713028157581e+02  8.44998465227837982638e+01  9.94644690793418817520e+01  1.41028977136556920595e+06  2.87026047007247689180e+05  4.28036865682022664714e+01  9.54909733333364832419e-03  1.82487999999296192755e+02  2.94534081078628728889e+00  1.47333333546666250813e-01  4.18626666658807451427e+01  6.20003071975678388128e-01
9.43125000000000000000e+01  -6.62000000000000010658e+00  9.89919999999999959073e+02  8.39300000000000068212e+01  1.10275300000000001432e+02  1.69599687500000000000e+06  3.58017312500000000000e+05  4.88417916468257047313e+01  1.03497602380954491219e-02  1.82927999999999997272e+02  2.47800000000000020250e+00  1.45999999999999990896e-01  4.23539999999999992042e+01  5.99999999999999977796e-01
9.43194444444444428655e+01  -6.40994884092793260066e+00  9.90020025579535968063e+02  8.33699936051159937733e+01  1.10616463809520737982e+02  1.74490849990888382308e+06  5.92595541229677386582e+05  6.20096293725383418405e+01  1.09707357671958143780e-02  1.81389999997539860033e+02  2.39733204264601917899e+00  1.31333330986671104057e-01  4.21673333330347475112e+01  3.19999616003040221468e-01
9.43263888888888857309e+01  -6.23999680255768929271e+00  9.90019995203836515429e+02  8.26599920063942192883e+01  1.22995571904777918348e+02  1.79382012481776764616e+06  8.27173769959354656748e+05  7.77976747519690832178e+01  1.15917112962961796341e-02  1.79851999995079694372e+02  2.31666408529203815547e+00  1.16666661973342189462e-01  4.19806666660694887128e+01  4.00000255999610310198e-01
9.43333333333333285964e+01  -6.02996163069554125258e+00  9.90059894484412666316e+02  8.21900335731414060092e+01  1.27292874285709302740e+02  1.84273174972665170208e+06  1.06175199868903215975e+06  6.19713398145623415303e+01  1.21757276190476871475e-02  1.78313999995425206180e+02  2.23600611180440722592e+00  1.02000003519991652712e-01  4.17940000007901844015e+01  6.60001919980706341917e-01
9.43402777777777714618e+01  -5.71999999999999975131e+00  9.89970044764189538000e+02  8.19600159872105251679e+01  1.25797230158747709083e+02  1.77166900013242941350e+06  1.28803749957830458879e+06  6.30422722888511586348e+01  1.20267196825397902626e-02  1.77360666665142389320e+02  2.36333537060138221264e+00  1.09333334506658885754e-01  4.19586666669299503951e+01  3.40000511995946441690e-01
9.43472222222222285382e+01  -5.26997761790525398595e+00  9.89989955235810498380e+02  8.05799872102315788425e+01  1.34451543809540254415e+02  1.70060624986757058650e+06  1.51432300042169541121e+06  6.91673848737216729887e+01  1.18777117460315880665e-02  1.76407333334857611362e+02  2.49066462939861787973e+00  1.16666665493341106807e-01  4.21233333330700432384e+01  4.90000255997973199751e-01
9.43541666666666714036e+01  -4.94001918465222988885e+00  9.89900062350119696930e+02  7.88400767386089285083e+01  1.34577732380943217549e+02  1.62954350001049740240e+06  1.74060850046420330182e+06  7.40082619945374773351e+01  1.17798468253984024712e-02  1.75454000004574794502e+02  2.61799388819559286645e+00  1.23999996480008339850e-01  4.22879999992098092321e+01  5.39999280007235182843e-01
9.43611111111111142691e+01  -4.72999680255768950587e+00  9.89959995203836569999e+02  7.74800047961634703597e+01  1.28310293174596552035e+02  1.63142183334033144638e+06  1.82367079197613568977e+06  8.53306771264147840839e+01  1.37617978835989345637e-02  1.79097333321677780305e+02  3.39464181293573652454e+00  2.23999968000060445394e-01  4.16760000019578740194e+01  1.70000111999829506271e-01
9.43680555555555571345e+01  -4.28003197442004257312e+00  9.89960051159072122573e+02  7.56001918465202464859e+01  1.29545485079366187620e+02  1.63330016667016572319e+06  1.90673308348806784488e+06  9.77476630244842681350e+01  1.57437489417994666563e-02  1.82740666660838883217e+02  4.17132090646786846122e+00  3.23999984000030216702e-01  4.10640000009789361002e+01  3.60000767993919557064e-01
9.43750000000000000000e+01  -4.05999999999999960920e+00  9.90029999999999972715e+02  7.43299999999999982947e+01  1.57964499999999986812e+02  1.63517850000000000000e+06  1.98979537500000000000e+06  9.42391586782020596047e+01  1.77257000000000004836e-02  1.86383999999999986130e+02  4.94800000000000039790e+00  4.23999999999999988010e-01  4.04519999999999981810e+01  3.09999999999999997780e-01
9.43819444444444428655e+01  -3.98002557953603375296e+00  9.89879942446043969539e+02  7.25999040767398611251e+01  1.93913953650786794469e+02  1.68370429157626931556e+06  2.02122045827479241416e+06  8.84575938005786781559e+01  2.13841457671947975105e-02  1.88570000003496659247e+02  4.80866443729766945836e+00  4.47333337066659619818e-01  4.10060000008861607057e+01  3.79998784009627332825e-01
9.43888888888888857309e+01  -4.08999520383653347722e+00  9.89850000000000022737e+02  7.16899952038365313456e+01  2.33875762222160318515e+02  1.73223008315253863111e+06  2.05264554154958482832e+06  9.37943286719418694020e+01  2.50425915343895910681e-02  1.90756000006993332363e+02  4.66932887459533851882e+00  4.70666674133319196116e-01  4.15600000017723232304e+01  2.09999999999999992228e-01
9.43958333333333285964e+01  -3.47999520383694260772e+00  9.90020047961630552891e+02  7.09601630695439382635e+01  2.57694088095303357022e+02  1.78075587472880794667e+06  2.08407062482437724248e+06  9.32152308725849110260e+01  2.87010373015843880951e-02  1.92941999985450280519e+02  4.52995091357088952577e+00  4.93999954880106895150e-01  4.21140000097637923204e+01  2.30000095999035314431e-01
9.44027777777777714618e+01  -3.48998401278946790427e+00  9.90029996802557889168e+02  6.94202557953685186476e+01  2.36659489841244635500e+02  1.95246199968001618981e+06  2.15286166653847089037e+06  9.21631031731336065604e+01  2.27040512698478830211e-02  1.89909999995152162455e+02  3.50731697119099417037e+00  3.99999984960099697062e-01  4.41486666699198764263e+01  1.40000415996706456534e-01
9.44097222222222285382e+01  -2.59997442046314830577e+00  9.90010022382094689419e+02  6.60800415667473828307e+01  2.39561582857411650593e+02  2.12416812531998381019e+06  2.22165270846152910963e+06  1.00163360130762498557e+02  1.64696365872970956756e-02  1.86878000004847848459e+02  2.48468302880900582252e+00  3.06000015039900263858e-01  4.61833333300801243126e+01  2.89999968000253349754e-01
9.44166666666666714036e+01  -1.72010071942420506019e+00  9.90060028776978242604e+02  6.18106426858496931231e+01  4.88696870476201354450e+02  2.29587425274704396725e+06  2.29044375276985904202e+06  1.01509142522581058188e+02  1.02352219047590689560e-02  1.83846000014549730395e+02  1.46204908642911002303e+00  2.12000045119893065770e-01  4.82179999902362084185e+01  2.50000335996623634927e-01
9.44236111111111142691e+01  -1.28000479616346640732e+00  9.89999988808951911778e+02  5.75500543565192828055e+01  2.68248291904695406629e+02  2.78741691849802946672e+06  2.78606883517990633845e+06  1.02849057730149127110e+02  8.40983277777747340043e-03  1.80921333342689763413e+02  1.36200320005119257516e+00  2.02000003199993949377e-01  4.87239999983812310802e+01  3.30000000000000015543e-01
9.44305555555555571345e+01  -6.90185451636246005691e-01  9.89879961630695902386e+02  5.58303709032724881922e+01  5.42899093650808254097e+02  3.27895958424901450053e+06  3.28169391758995316923e+06  8.88612730488659536832e+01  6.80674746031758193948e-03  1.77996666671344883071e+02  1.26200160002559624850e+00  1.92000001599996972246e-01  4.92299999991906176433e+01  2.69999744002026809131e-01
9.44375000000000000000e+01  -6.30000000000000004441e-01  9.89710000000000036380e+02  5.24500000000000028422e+01  5.29771399999999971442e+02  3.77050225000000000000e+06  3.77731900000000000000e+06  7.42123025178697162119e+01  5.20366214285768961118e-03  1.75072000000000002728e+02  1.16199999999999992184e+00  1.81999999999999995115e-01  4.97359999999999971010e+01  3.20000000000000006661e-01
9.44444444444444428655e+01  1.09936051159915143538e-01  9.89670038369304052139e+02  4.94093669064831573223e+01  5.64757293333329130292e+02  4.43518516542844753712e+06  4.57798633184179197997e+06  6.90037611055214199496e+01  5.05191911111112570976e-03  1.75703333334343199112e+02  1.15199983999744026697e+00  2.02666669973327079335e-01  5.01813333340456750875e+01  1.20001215990372694931e-01
9.44513888888888857309e+01  2.70000000000000017764e-01  9.89590009592326964594e+02  4.77199648281345787382e+01  5.89080591745987362629e+02  5.09986808085689414293e+06  5.37865366368358395994e+06  5.43134135411538210292e+01  5.01278022222223854087e-03  1.76334666668686395496e+02  1.14199967999488061210e+00  2.23333339946654163555e-01  5.06266666680913530740e+01  2.60000159999756452756e-01
9.44583333333333285964e+01  5.99990407673885228768e-01  9.89530014388489121302e+02  4.61799040767388504491e+01  6.33117960952405269381e+02  5.76455099628534168005e+06  6.17932099552537687123e+06  4.73152992218866828011e+01  4.98032047619043072295e-03  1.76965999994295941633e+02  1.13201110364465518110e+00  2.43999985280034858981e-01  5.10720000015547910266e+01  4.99999952000482361658e-01
9.44652777777777714618e+01  1.42996482813682868063e+00  9.89579977617905342413e+02  4.55898209432420387088e+01  6.35976431746015123281e+02  5.54923200040125846863e+06  5.78602833406625594944e+06  6.75903594220037291507e+01  5.08033039682532442521e-03  1.75777333331432799923e+02  1.36333703454806065558e+00  2.13333328426699192493e-01  5.13960000005180432936e+01  4.20000191998479877054e-01
9.44722222222222285382e+01  1.60993285371576400067e+00  9.89519984012789450389e+02  4.42296546762524940277e+01  6.10161908254281570407e+02  5.33391299959874153137e+06  5.39273566593374405056e+06  6.25650436376852425724e+01  5.18034031746042369221e-03  1.74588666668567213947e+02  1.59466296545193930712e+00  1.82666671573300798403e-01  5.17199999994819563653e+01  5.99999999999999977796e-01
9.44791666666666714036e+01  1.89000959232611465133e+00  9.89569942446043341988e+02  4.30199760191847175861e+01  6.55002131428623215470e+02  5.11859400155818555504e+06  4.99944300125259533525e+06  7.40629371715945126198e+01  5.27430412698400626764e-03  1.73400000005704072237e+02  1.82598889635534478160e+00  1.52000014719965131915e-01  5.20439999984452086323e+01  5.40000047999517729380e-01
9.44861111111111142691e+01  2.14000639488462196525e+00  9.89349990407673089976e+02  4.22201119104808810789e+01  4.29861870475902833277e+02  5.39740816770545765758e+06  5.22357633416839689016e+06  9.62804925244492153524e+01  5.12239275132267066204e-03  1.76113999991317513150e+02  1.73666952537906560394e+00  1.85333322666686811653e-01  5.20426666666709323295e+01  5.20000127999805106249e-01
9.44930555555555571345e+01  2.18004476418805959170e+00  9.89300025579535940778e+02  4.26895395683513854124e+01  4.48942882539718652879e+02  5.67622233385272882879e+06  5.44770966708419844508e+06  1.08884684407822916796e+02  4.97048137566133592380e-03  1.78827999995658757371e+02  1.64733476268953271671e+00  2.18666661333343392837e-01  5.20413333333354657384e+01  6.40000191998479905919e-01
9.45000000000000000000e+01  2.41000000000000014211e+00  9.89200000000000045475e+02  4.17500000000000000000e+01  4.14518599999999992178e+02  5.95503650000000000000e+06  5.67184300000000000000e+06  1.31727077615093378427e+02  4.81857000000000031820e-03  1.81542000000000001592e+02  1.55800000000000005151e+00  2.52000000000000001776e-01  5.20399999999999991473e+01  6.40000000000000013323e-01
9.45069444444444428655e+01  2.57994884092793208552e+00  9.89129884892087829940e+02  4.10902557953603420060e+01  4.72898444761965663474e+02  5.51456266748721338809e+06  5.23312983415060024709e+06  1.30211549493769183528e+02  4.76523335978837423582e-03  1.78102666661165187634e+02  1.30732932260250511725e+00  2.13999993920011483128e-01  5.29740000014939980133e+01  5.20000063999493278288e-01
9.45138888888888857309e+01  2.83000479616346645173e+00  9.88940003197442365490e+02  4.12699360511537847174e+01  3.88140377619614014293e+02  5.07408883497442677617e+06  4.79441666830120049417e+06  1.31490492567568651339e+02  4.71189671957674815345e-03  1.74663333322330402098e+02  1.05665864520501040502e+00  1.75999987840022964480e-01  5.39080000029880039847e+01  7.19999840000243529481e-01
9.45208333333333285964e+01  3.62004316546751647721e+00  9.88920028776978256246e+02  4.00799040767388490281e+01  5.98031801428679841592e+02  4.63361500246164016426e+06  4.35570350245179980993e+06  1.12535555483845470803e+02  4.65856007936512120371e-03  1.71224000003128765002e+02  8.05994656171016066182e-01  1.38000004799988640336e-01  5.48420000019450810669e+01  5.29999952000482332792e-01
9.45277777777777714618e+01  3.61999360511578727184e+00  9.88830041566747468096e+02  3.93800735411684499354e+01  5.13120079047271588024e+02  4.11820625096049252898e+06  3.67780366792997019365e+06  8.68077060492505410139e+01  4.67023201058199607244e-03  1.71876000001042484655e+02  6.94664885390414599264e-01  1.48000001599989411405e-01  5.52473333339814161036e+01  3.30000319997466484701e-01
9.45347222222222285382e+01  4.02999360511578696986e+00  9.88689996802557971023e+02  3.92800671462842387882e+01  6.18906215555628705260e+02  3.60279749903950747102e+06  2.99990383207003027201e+06  7.76773518033475625089e+01  4.68350251322752295785e-03  1.72527999998957511707e+02  5.83335114609585425605e-01  1.57999998400010610577e-01  5.56526666660185824753e+01  2.89999456004306932488e-01
9.45416666666666714036e+01  4.19000479616305820940e+00  9.88490086330935014303e+02  3.94899616306955394407e+01  5.65482548571609981991e+02  3.08738875232892902568e+06  2.32200400190367177129e+06  6.47206626591517277802e+01  4.69677301587302208769e-03  1.73179999996871231360e+02  4.72005343828983958687e-01  1.67999995200011381646e-01  5.60579999980549175120e+01  2.49999328006752785658e-01
9.45486111111111142691e+01  4.99000479616346659384e+00  9.88380025579538482816e+02  4.05300495603558204039e+01  6.32539598253934741479e+02  3.50411600155261950567e+06  2.66263775126911466941e+06  5.99846031438222055954e+01  4.84954488888895540039e-03  1.70398000008900027069e+02  5.59997183954950350504e-01  1.35333343786646936868e-01  5.59940000002047426619e+01  1.70000000000000012212e-01
9.45555555555555571345e+01  4.53002557953603446350e+00  9.88400076738608049709e+02  4.18899040767398744833e+01  5.70472652698404658622e+02  3.92084325077630952001e+06  3.00327150063455710188e+06  7.18279017959954870776e+01  5.00935044444450645884e-03  1.67616000004450029337e+02  6.47998591977475113524e-01  1.02666671893323471765e-01  5.59300000001023747132e+01  5.00000000000000027756e-02
9.45625000000000000000e+01  4.48000000000000042633e+00  9.88399999999999977263e+02  4.13100000000000022737e+01  5.15731199999999944339e+02  4.33757050000000000000e+06  3.34390525000000000000e+06  2.90534717424298989386e+01  5.17159714285720870097e-03  1.64834000000000003183e+02  7.35999999999999987566e-01  7.00000000000000066613e-02  5.58659999999999996589e+01  1.90000000000000002220e-01
9.45694444444444428655e+01  4.79001278976801714293e+00  9.88209891286971924274e+02  4.06001023181441382803e+01  5.13371136190472270755e+02  4.92365083224154077470e+06  3.69160383268561493605e+06  3.44438999003112016339e+01  5.36530746031747482472e-03  1.68812666673030832953e+02  7.68667189341694756521e-01  1.10666673173321045143e-01  5.56626666663414226832e+01  1.90000127998986606537e-01
9.45763888888888857309e+01  4.78999680255768911508e+00  9.88189984012788499967e+02  4.12499472422018698126e+01  4.48545901904630170520e+02  5.50973116448308061808e+06  4.03930241537123033777e+06  4.89795577957834282756e+01  5.55901777777774094846e-03  1.72791333346061691145e+02  8.01334378683389636500e-01  1.51333346346642083624e-01  5.54593333326828386021e+01  3.79999968000048704564e-01
9.45833333333333285964e+01  4.87010071942420541546e+00  9.88049980815347680618e+02  4.18300575539566850125e+01  6.22760775238270184673e+02  6.09581149672462139279e+06  4.38700099805684573948e+06  6.42851811697956065927e+01  5.74898460317455062274e-03  1.76769999992977886905e+02  8.34001855940605163475e-01  1.91999982720040929252e-01  5.52560000008061820154e+01  3.49999904000964645601e-01
9.45902777777777714618e+01  4.94002557953685261793e+00  9.87809964828136799042e+02  4.28600607514000202514e+01  5.81461587301490794744e+02  5.94314550028450135142e+06  4.41736999994340538979e+06  7.19642911519006815979e+01  5.86470550264541878177e-03  1.75306666664326968430e+02  8.72667285313508678257e-01  1.55999994240038186710e-01  5.54240000002686130642e+01  2.70000223998226540623e-01
9.45972222222222285382e+01  5.36001278976842598922e+00  9.87580038369305270862e+02  4.25998529176631066662e+01  5.64986426666856004886e+02  5.79047949971549864858e+06  4.44773900005659461021e+06  6.83196102070695872044e+01  5.98042640211652459792e-03  1.73843333335673037254e+02  9.11332714686491240919e-01  1.20000005759961794749e-01  5.55919999997313851736e+01  4.30000255997973201971e-01
9.46041666666666714036e+01  5.43995683453248357608e+00  9.87479961630695584063e+02  4.26600431654675134041e+01  5.48218889999891757725e+02  5.63781349934331327677e+06  4.47810799938024114817e+06  7.06222747175313969592e+01  6.09294182539681095090e-03  1.72380000007022118780e+02  9.49998144059394755701e-01  8.40000172799590660855e-02  5.57599999991938162225e+01  4.89999952000482352776e-01
9.46111111111111142691e+01  5.66999200639422262782e+00  9.87289996802557652700e+02  4.31600383693077276348e+01  4.45260389523926846778e+02  5.52030916622887551785e+06  4.36721133292016107589e+06  7.87229917542559576304e+01  6.07510121693120765801e-03  1.73493333329771616036e+02  9.36000448007166974129e-01  8.59999993600012169193e-02  5.57933333332266911953e+01  4.09999999999999975575e-01
9.46180555555555571345e+01  5.46001278976801707188e+00  9.87190038369304147636e+02  4.31400767386081014365e+01  4.19089448253928935628e+02  5.40280483311443775892e+06  4.25631466646008007228e+06  7.25106319698059564871e+01  6.05726060846560349776e-03  1.74606666664885807450e+02  9.22000224003583501720e-01  8.79999996800006067943e-02  5.58266666666133488661e+01  4.09999744002026766942e-01
9.46250000000000000000e+01  5.50000000000000000000e+00  9.86970000000000027285e+02  4.31000000000000014211e+01  3.84271999999999991360e+02  5.28530050000000000000e+06  4.14541800000000000000e+06  6.98535189238302791637e+01  6.03942000000000020488e-03  1.75719999999999998863e+02  9.08000000000000029310e-01  8.99999999999999966693e-02  5.58599999999999994316e+01  4.60000000000000019984e-01
9.46319444444444428655e+01  5.40994884092793260066e+00  9.86959904076739917400e+02  4.41601215027961586657e+01  3.86015359365080712450e+02  4.80159258423441927880e+06  3.96656758366650901735e+06  7.21835869943013932470e+01  6.69906616402098954721e-03  1.76202000000770993893e+02  8.14665173309443435556e-01  6.39999958400078589049e-02  5.60686666670004427715e+01  4.79999872001013405676e-01
9.46388888888888857309e+01  5.20001598721155477989e+00  9.86819976019182718119e+02  4.47899504396441798804e+01  3.50037798095274638399e+02  4.31788466846883855760e+06  3.78771716733301756904e+06  8.24005340059051860635e+01  7.35871232804197802219e-03  1.76684000001541988922e+02  7.21330346618886730781e-01  5.00000000000000027756e-02  5.62773333340008861114e+01  8.19999952000073029090e-01
9.46458333333333285964e+01  5.26996163069554057756e+00  9.86539990407673826667e+02  4.52499904076738843628e+01  3.92312807619150305527e+02  3.83417675270325830206e+06  3.60886675099952658638e+06  7.60006333423226720925e+01  8.01835849206296649716e-03  1.77165999979858156621e+02  6.27999072029697402719e-01  5.00000000000000027756e-02  5.64860000002143394227e+01  1.03000000000000002665e+00
9.46527777777777714618e+01  5.21999040767368072125e+00  9.86530028776978952010e+02  4.53599424460420834748e+01  3.06355010476745121650e+02  3.12689308465139521286e+06  2.92431145960903959349e+06  7.24435163278613032389e+01  7.28087227513309412363e-03  1.72968666659955601972e+02  6.08666357343245589817e-01  5.00000000000000027756e-02  5.65306666667380781632e+01  8.40000255997973122035e-01
9.46597222222222285382e+01  4.71001918465263891278e+00  9.86450009592326409802e+02  4.74200383693052813783e+01  2.97589703492568389720e+02  2.41960941534860525280e+06  2.23975616539096040651e+06  6.96721284742439479487e+01  6.50903034391478799159e-03  1.68771333340044407123e+02  5.89333642656754363998e-01  5.00000000000000027756e-02  5.65753333332619163798e+01  5.20000191998479910360e-01
9.46666666666666714036e+01  5.30998081534777011115e+00  9.86349995203837011104e+02  4.69000383693044611277e+01  3.58560405714095907115e+02  1.71232574883852945641e+06  1.55520087427327898331e+06  6.73684439806317811872e+01  5.73718841269806219263e-03  1.64574000020141852474e+02  5.70000927970302551095e-01  5.00000000000000027756e-02  5.66199999997856551204e+01  2.69999808001929408885e-01
9.46736111111111142691e+01  5.37998081534613437071e+00  9.86300019184653820048e+02  4.79299872102307560340e+01  3.78962882698127486947e+02  1.50449787422568630427e+06  1.42516495784885273315e+06  5.31743350947851922683e+01  5.73318296296296964210e-03  1.63163333337846268023e+02  5.78666389328896579869e-01  5.00000000000000027756e-02  5.64966666670612269741e+01  1.40000000000000013323e-01
9.46805555555555571345e+01  5.05003836930405114458e+00  9.86260031974420030565e+02  4.81896227018434970546e+01  2.17347804444269115720e+02  1.29666999961284315214e+06  1.29512904142442625016e+06  4.75538973815219563335e+01  5.76789195767195457532e-03  1.61752666668923154702e+02  5.87333194664448332567e-01  5.00000000000000027756e-02  5.63733333335306099343e+01  2.50000191998479892597e-01
9.46875000000000000000e+01  4.40000000000000035527e+00  9.86230000000000018190e+02  5.02299999999999968736e+01  1.74283199999999993679e+02  1.08884212500000000000e+06  1.16509312500000000000e+06  4.00758756916439011775e+01  5.80260095238094037590e-03  1.60342000000000012960e+02  5.95999999999999974243e-01  5.00000000000000027756e-02  5.62500000000000000000e+01  3.09999999999999997780e-01
9.46944444444444428655e+01  4.48998721023198310576e+00  9.86049929656275821799e+02  5.16301918465202547281e+01  2.03616368253973973879e+02  9.48333812761749024503e+05  1.07858064599449513480e+06  4.29824805646074494803e+01  5.92473144444439440287e-03  1.65566000008356184026e+02  5.93999967999488065473e-01  5.00000000000000027756e-02  5.61653333331979069953e+01  2.70000255997973226396e-01
9.47013888888888857309e+01  4.63999360511537783935e+00  9.85919988808951870851e+02  5.23800095923269353193e+01  1.52675720317503561319e+02  8.07825500523498049006e+05  9.92068166988990036771e+05  6.22669234892331289188e+01  6.05364463888883458376e-03  1.70790000016712355091e+02  5.91999935998976156704e-01  5.00000000000000027756e-02  5.60806666663958068852e+01  2.39999856000219224939e-01
9.47083333333333285964e+01  4.57000959232611503325e+00  9.85650023980815262803e+02  5.49402350119898130743e+01  1.58118589047584094942e+02  6.67317188285247189924e+05  9.05555687983485171571e+05  7.72746832084062305057e+01  6.17716095238094418940e-03  1.76013999997264733111e+02  5.90000639979519014844e-01  5.00000000000000027756e-02  5.59959999984836045428e+01  1.70000287997105953286e-01
9.47152777777777714618e+01  4.43002557953685194292e+00  9.85559968025578882589e+02  5.73999712230210406005e+01  1.28322280952494622852e+02  5.40625385652763769031e+05  7.53981812782466178760e+05  8.09672210058373735819e+01  6.19363912698411497870e-03  1.75443999999088646291e+02  6.03333546659830521897e-01  5.00000000000000027756e-02  5.56799999994947540927e+01  2.40000095999239937417e-01
9.47222222222222285382e+01  4.17997122302104173741e+00  9.85439964828136908181e+02  5.93500991207053019139e+01  9.22699060635586931767e+01  4.13933583097236230969e+05  6.02407937217533821240e+05  7.18635416481570956648e+01  6.21011730158731872775e-03  1.74874000000911365760e+02  6.16666453340169451458e-01  5.00000000000000027756e-02  5.53640000005052499432e+01  1.70000671994679664056e-01
9.47291666666666714036e+01  3.97000959232611494443e+00  9.85170033573141381567e+02  6.18698944844127325382e+01  6.85884949999835953349e+01  2.87241780918009346351e+05  4.50834062159490014892e+05  5.61454029768481746032e+01  6.22701523809526553271e-03  1.74304000002735278940e+02  6.29999360020480958511e-01  5.00000000000000027756e-02  5.50480000015163994931e+01  2.09999664003376385057e-01
9.47361111111111142691e+01  3.79000479616346641620e+00  9.85380007993605772754e+02  6.38600575539615959997e+01  3.55713730476145144621e+01  2.27836986757839535130e+05  3.89904864356326637790e+05  4.73739692519899406875e+01  6.26098349206351007662e-03  1.74375999999769675242e+02  5.88667989354493048637e-01  5.00000000000000027756e-02  5.47980000007997887224e+01  3.09999824000267931723e-01
9.47430555555555571345e+01  3.57998081534797440995e+00  9.85240102318144181481e+02  6.66198081534797523773e+01  2.94559033015830138424e+01  1.68432192597669782117e+05  3.28975666553163318895e+05  3.81736790305121616029e+01  6.29495174603175548789e-03  1.74447999999884842737e+02  5.47333994677246526983e-01  5.00000000000000027756e-02  5.45480000003998952707e+01  5.00007679939196009178e-02
9.47500000000000000000e+01  3.33999999999999985789e+00  9.85090000000000031832e+02  6.89399999999999977263e+01  2.88411800000000013711e+01  1.09027398437500000000e+05  2.68046468750000000000e+05  3.15642157317557092711e+01  6.32892000000000003179e-03  1.74520000000000010232e+02  5.06000000000000005329e-01  5.00000000000000027756e-02  5.42980000000000018190e+01  1.90000000000000002220e-01
9.47569444444444428655e+01  3.19999360511599162393e+00  9.85049923261391882079e+02  7.03300703437240883886e+01  2.01051130793661485541e+01  1.02833085949039217667e+05  2.50823348990417813184e+05  2.89955684754330960118e+01  6.44976325396822217084e-03  1.73690666665340103236e+02  5.32000416006655041379e-01  5.00000000000000027756e-02  5.38406666659351316184e+01  1.60000063999493291611e-01
9.47638888888888857309e+01  3.02999840127884434438e+00  9.84920012789769202755e+02  7.20999808153461287930e+01  1.43059361904804802634e+01  9.66387734605784353334e+04  2.33600229230835626367e+05  2.28833516261992890861e+01  6.57060650793644344253e-03  1.72861333330680196241e+02  5.58000832013310077429e-01  5.00000000000000027756e-02  5.33833333318702614179e+01  5.00000000000000027756e-02
9.47708333333333285964e+01  2.89999999999999991118e+00  9.84799980815347680618e+02  7.34200623501197497944e+01  1.42588823809472646786e+01  9.04444609721176384483e+04  2.16377109471253439551e+05  2.07292011173320105399e+01  6.69144976190466558158e-03  1.72031999998531603069e+02  5.84001407954941820222e-01  5.00000000000000027756e-02  5.29259999993121823536e+01  1.09999760002411711701e-01
9.47777777777777714618e+01  2.73001598721053229113e+00  9.84749990407673635673e+02  7.45899712230210383268e+01  9.85507679366478939187e+00  8.76639244843483465957e+04  2.19451026035938266432e+05  1.71248798708161054094e+01  6.77498941798933013853e-03  1.71725999999510747784e+02  6.13333802651627291169e-01  5.00000000000000027756e-02  5.27826666664374926086e+01  1.10000447996453087907e-01
9.47847222222222285382e+01  2.63999360511578728961e+00  9.84669987210231511199e+02  7.69501886490842821331e+01  7.57641372063620632815e+00  8.48833880156516534043e+04  2.22524942714061733568e+05  1.71812050256329982290e+01  6.85761177248683188173e-03  1.71420000000489267222e+02  6.42666197348372714160e-01  5.00000000000000027756e-02  5.26393333335625115410e+01  1.00000223998226556166e-01
9.47916666666666714036e+01  2.49002398081528708573e+00  9.84629952038369424372e+02  7.92199808153477675887e+01  5.84381107142949574040e+00  8.21028514742252154974e+04  2.25598859308986167889e+05  1.33257738325096966037e+01  6.94023412698416448940e-03  1.71114000001468411938e+02  6.71998592045058185107e-01  5.00000000000000027756e-02  5.24960000006878217960e+01  1.99999520004823461150e-01
9.47986111111111142691e+01  2.39999520383653353051e+00  9.84510015987211545507e+02  8.02600303757019588602e+01  3.67369907618986601960e+00  6.63073918682334769983e+04  2.13786666622657445259e+05  1.74002578950114035194e+01  7.02044925000003348231e-03  1.74724666655115612457e+02  6.31334634687485074522e-01  5.00000000000000027756e-02  5.21993333342824143983e+01  1.00000159999756421669e-01
9.48055555555555571345e+01  2.37999999999999989342e+00  9.84579923261391968481e+02  8.20099616306959546819e+01  2.18798268571360399193e+00  5.05119322622417384991e+04  2.01974473936328722630e+05  2.78575714678142851710e+01  7.10054300000003118382e-03  1.78335333327557805205e+02  5.90667317343742559466e-01  5.00000000000000027756e-02  5.19026666671412115761e+01  1.49999488004053604939e-01
9.48125000000000000000e+01  2.35999999999999987566e+00  9.84360000000000013642e+02  8.35499999999999971578e+01  1.89511999999999991573e+00  3.47164726562500000000e+04  1.90162281250000000000e+05  3.17985685464426310887e+01  7.17916047619049629142e-03  1.81945999999999997954e+02  5.50000000000000044409e-01  6.40000000000000013323e-02  5.16060000000000016485e+01  1.10000000000000000555e-01
9.48194444444444428655e+01  2.04998721023198271496e+00  9.84280070343724105442e+02  8.65802494004763332214e+01  -2.83953904761852338190e-01  2.69614609519465957419e+04  1.47706714922839310020e+05  2.66068722816245859519e+01  7.23875042328042759415e-03  1.82378666667358743325e+02  5.71333674672127256322e-01  5.00000000000000027756e-02  5.09579999989634799817e+01  8.00006399949329954913e-02
9.48263888888888857309e+01  1.63000319744231081387e+00  9.84280012789769216397e+02  9.09599536370864854007e+01  -3.55851350789215148396e-01  1.92064492476431951218e+04  1.05251148595678620040e+05  3.19903759476665747741e+01  7.29834037037035889689e-03  1.82811333334717488697e+02  5.92667349344254468235e-01  5.00000000000000027756e-02  5.03099999979269512096e+01  2.39999776000341003002e-01
9.48333333333333285964e+01  1.18995203836942620157e+00  9.84140086330934991565e+02  9.41501438848917331370e+01  -3.12102247623281203737e-01  1.14514375433397908637e+04  6.27955822685179155087e+04  3.81404443992733988011e+01  7.36213126984120325852e-03  1.83244000000486266799e+02  6.13999616012288584876e-01  5.00000000000000027756e-02  4.96619999984100246593e+01  1.69999088009164522894e-01
9.48402777777777714618e+01  4.90022382094745356795e-01  9.84269993605115814717e+02  9.59399392485999698010e+01  6.50909069837485310117e-01  1.58513847574254577921e+04  5.81824323002635210287e+04  3.28906966977467121183e+01  7.50924105820095257047e-03  1.83345333333495347006e+02  6.05999872004101658440e-01  5.00000000000000027756e-02  4.93306666661368993232e+01  1.19999712002280142786e-01
9.48472222222222285382e+01  3.00012789768425880421e-01  9.84139990407673622030e+02  9.71600383693052691569e+01  7.01389339686242840877e-01  2.02513320394495422079e+04  5.35692825434864789713e+04  3.06605471340894304433e+01  7.65635084656100285694e-03  1.83446666666504654586e+02  5.98000127995898300703e-01  5.00000000000000027756e-02  4.89993333338630989715e+01  9.99998080015201129545e-02
9.48541666666666714036e+01  3.50004796163057352310e-01  9.83809971223021648257e+02  9.78199856115108161703e+01  1.24822617618631959147e+00  2.46512792569277225994e+04  4.89561328023353416938e+04  2.42244672688309812258e+01  7.80221936507944063138e-03  1.83547999999513734792e+02  5.90000383987711374267e-01  5.00000000000000027756e-02  4.86680000015899736354e+01  5.00000000000000027756e-02
9.48611111111111142691e+01  2.79995203836533701480e-01  9.83739966426855744430e+02  9.82900047961634726335e+01  2.95522095714643828757e+00  1.75033077533163959743e+04  4.71373190036402302212e+04  1.98513285679919491145e+01  7.89760957671962679494e-03  1.84994666662038582672e+02  6.63997631962117362825e-01  5.00000000000000027756e-02  4.84166666674707215634e+01  7.99998880001705076070e-02
9.48680555555555571345e+01  2.99980815347974549834e-01  9.83490044764188041881e+02  9.86999808153479705197e+01  3.60071443492075582427e+00  1.03553362497050729871e+04  4.53185052049451187486e+04  1.88169357176901996809e+01  7.99299978835981382586e-03  1.86441333331019279740e+02  7.37998815981058653435e-01  5.00000000000000027756e-02  4.81653333337353615207e+01  1.09999488004053611045e-01
9.48750000000000000000e+01  3.59999999999999986677e-01  9.83470000000000027285e+02  9.90000000000000000000e+01  3.25856199999999995853e+00  3.20736474609375000000e+03  4.34996914062500000000e+04  1.45649009923250503107e+01  8.08839000000000085677e-03  1.87888000000000005230e+02  8.12000000000000055067e-01  5.00000000000000027756e-02  4.79140000000000014779e+01  1.10000000000000000555e-01
9.48819444444444428655e+01  5.30031974420042462093e-01  9.83220031974420066945e+02  9.92100255795360226330e+01  3.47986657142824640232e+00  1.87433642288709124841e+04  4.41208281238429044606e+04  1.66713881724771972870e+01  8.17945150793648358134e-03  1.89220000002130632311e+02  8.18000096001535781376e-01  5.00000000000000027756e-02  4.73686666657943646896e+01  7.00000000000000066613e-02
9.48888888888888857309e+01  7.19998401278844513129e-01  9.83000006394884621841e+02  9.93700000000000045475e+01  3.61399230952454209032e+00  3.42793637116480749683e+04  4.47419648414358016453e+04  1.02511543973222476467e+01  8.27051301587296804063e-03  1.90552000004261259392e+02  8.24000192003071507685e-01  5.00000000000000027756e-02  4.68233333315887279014e+01  5.00000000000000027756e-02
9.48958333333333285964e+01  8.69999999999999995559e-01  9.83049913669064949318e+02  9.94899999999999948841e+01  3.38223615238213248801e+00  4.98153631944252410904e+04  4.53631015590287061059e+04  1.02726781107139562010e+01  8.36157452380945076520e-03  1.91883999996941611244e+02  8.29999456017408765440e-01  5.00000000000000027756e-02  4.62779999976838141151e+01  9.99997120028940644776e-02
9.49027777777777714618e+01  9.39996802557893418317e-01  9.82830012789768488801e+02  9.95699999999999931788e+01  3.47651706983907260451e+00  2.77674792077541023900e+04  4.30781119834248675033e+04  7.88234849165115569747e+00  8.34490486772488868072e-03  1.91246666665647637728e+02  8.18666485339143989997e-01  5.00000000000000027756e-02  4.57953333325615972171e+01  5.00000000000000027756e-02
9.49097222222222285382e+01  1.13999360511578684552e+00  9.82540035171863110008e+02  9.96700031974421136738e+01  3.59867635555429377092e+00  5.71959501099589397199e+03  4.07931223915751324967e+04  6.62154301813465107074e+00  8.32558608465606975191e-03  1.90609333334352356815e+02  8.07333514660856010892e-01  5.00000000000000027756e-02  4.53126666674383997702e+01  5.99999040007600514812e-02
9.49166666666666714036e+01  1.19000959232611469574e+00  9.82460076738608904634e+02  9.97299952038369497131e+01  3.12740583809672623161e+00  -1.63282890333882951381e+04  3.85081328129268295015e+04  7.18286665673177537883e+00  8.30626730158729245646e-03  1.89972000003058383300e+02  7.96000543982591235448e-01  5.00000000000000027756e-02  4.48300000023161828722e+01  1.09999712002894059482e-01
9.49236111111111142691e+01  1.33001278976924353081e+00  9.82590007993605809133e+02  9.98400000000000034106e+01  2.72761429365004071101e+00  -1.11191822519138113421e+04  3.85845078127845554263e+04  1.32596115958153042413e+01  8.19104962962960599093e-03  1.91961999993633696704e+02  7.96666645332992140460e-01  5.00000000000000027756e-02  4.43373333349094451705e+01  5.00000000000000027756e-02
9.49305555555555571345e+01  1.42999360511599138412e+00  9.82520134292564193856e+02  9.99000000000000056843e+01  2.49817240000020968083e+00  -5.91007547043932754605e+03  3.86608828126422740752e+04  9.51509784522413148977e+00  8.07099671957672848421e-03  1.93951999996816851990e+02  7.97333322666496036035e-01  5.00000000000000027756e-02  4.38446666674547174125e+01  5.00000000000000027756e-02
9.49375000000000000000e+01  1.52000000000000001776e+00  9.82669999999999959073e+02  9.99500000000000028422e+01  2.67422899999999996723e+00  -7.00968688964843750000e+02  3.87372578125000000000e+04  4.97153549241966974392e+00  7.95094380952384924277e-03  1.95942000000000007276e+02  7.98000000000000042633e-01  5.00000000000000027756e-02  4.33519999999999967599e+01  5.00000000000000027756e-02
9.49444444444444428655e+01  1.53001278976801691201e+00  9.82449884892087879962e+02  1.00000000000000000000e+02  2.91896985396797070678e+00  -6.78137104173288116726e+03  3.30158424585749307880e+04  6.46061753111167380581e+00  7.32509300000025627420e-03  1.92175333327308266007e+02  7.95999967999488133863e-01  5.00000000000000027756e-02  4.29546666660311018404e+01  7.99994880040535982779e-02
9.49513888888888857309e+01  1.60000159872115554904e+00  9.82069987210230806340e+02  1.00000000000000000000e+02  3.30162481111263694800e+00  -1.28617733945009185845e+04  2.72944271046498688520e+04  5.66874091985651062942e+00  6.65999925000027546973e-03  1.88408666654616553160e+02  7.93999935998976225093e-01  5.00000000000000027756e-02  4.25573333320621998155e+01  5.00000000000000027756e-02
9.49583333333333285964e+01  1.70000479616305733011e+00  9.82150057553956685297e+02  1.00000000000000000000e+02  3.27985388095266294783e+00  -1.89421757472689569113e+04  2.15730117507248032780e+04  5.22929750819596517175e+00  6.03563682539674274674e-03  1.84642000002600894959e+02  7.92002399923196431786e-01  5.00000000000000027756e-02  4.21599999982596571613e+01  5.00000000000000027756e-02
9.49652777777777714618e+01  1.76000000000000000888e+00  9.82350038369305252672e+02  1.00000000000000000000e+02  3.33579946666776550046e+00  -1.59397705134076459217e+04  1.97629404330606666917e+04  7.69957313120756214886e+00  6.21911235449722210600e-03  1.85184000000866603841e+02  8.42000799974364722011e-01  5.00000000000000027756e-02  4.17973333327534675163e+01  5.00000000000000027756e-02
9.49722222222222285382e+01  1.79000319744210645290e+00  9.82310019184652560398e+02  1.00000000000000000000e+02  3.43351781586967907955e+00  -1.29373652287798540783e+04  1.79528691372518333083e+04  4.06257673765960714007e+00  6.40258788359807790025e-03  1.85725999999133392748e+02  8.91999200025635263778e-01  5.00000000000000027756e-02  4.14346666672465318015e+01  5.00000000000000027756e-02
9.49791666666666714036e+01  1.81999520383694268766e+00  9.82450014388489194062e+02  1.00000000000000000000e+02  3.29210472381129415353e+00  -9.93495992958586248278e+03  1.61427977614847932273e+04  3.81743658431081689386e+00  6.57923321428563381147e-03  1.86267999997399101630e+02  9.41997600076803554003e-01  5.00000000000000027756e-02  4.10720000017403421566e+01  5.00000000000000027756e-02
9.49861111111111142691e+01  1.85999520383653371702e+00  9.82400007993605754564e+02  1.00000000000000000000e+02  3.01689884920756989928e+00  -4.32505059758849165519e+03  2.47317107815288181882e+01  2.00000000000000000000e+00  6.47811714285708925565e-03  1.86963333331108856328e+02  9.76665557315586463361e-01  5.00000000000000027756e-02  4.04933333351845732295e+01  5.00000000000000027756e-02
9.49930555555555571345e+01  1.93998721023198306135e+00  9.82390070343724119084e+02  1.00000000000000000000e+02  3.31628505079367696950e+00  1.28485873440887917241e+03  -1.60933343399217374099e+04  7.79505958743852289672e+00  6.37700107142854469983e-03  1.87658666665554449082e+02  1.01133277865779325211e+00  5.00000000000000027756e-02  3.99146666675922858758e+01  5.00000000000000027756e-02
9.50000000000000000000e+01  1.97999999999999998224e+00  9.82480000000000018190e+02  1.00000000000000000000e+02  2.96532499999999998863e+00  6.89476806640625000000e+03  -3.22114003906250000000e+04  2.00000000000000000000e+00  6.27588500000000014400e-03  1.88354000000000013415e+02  1.04600000000000004086e+00  5.00000000000000027756e-02  3.93359999999999985221e+01  5.00000000000000027756e-02
