      9.400000000000e+01      1.729237691841e+00      8.437901229188e-02      3.417590220216e-01      4.286015902509e-01      8.401504683232e-01      4.317163198845e-01      1.588359548176e-02      1.240480541313e-02      1.151071083502e-01      8.771178039196e-02      3.633443275035e-02      3.102363362409e-02      8.687948128624e-03      4.885310155714e-02
      9.400694444444e+01      1.707529800175e+00      8.382081894786e-02      3.416955922460e-01      4.299119969068e-01      8.362239108660e-01      4.315593436238e-01      1.697423708648e-02      1.294289359328e-02      1.144683503160e-01      8.806781961205e-02      3.603130870309e-02      3.104137897666e-02      9.264916899142e-03      4.786830836180e-02
      9.401388888889e+01      1.685821908508e+00      8.326262560384e-02      3.416321624703e-01      4.312224035628e-01      8.322973534087e-01      4.314023673631e-01      1.806487869121e-02      1.348098177343e-02      1.138295922819e-01      8.842385883213e-02      3.572818465583e-02      3.105912432922e-02      9.841885669660e-03      4.688351516647e-02
      9.402083333333e+01      1.664114016841e+00      8.270443225983e-02      3.415687326947e-01      4.325328102188e-01      8.283707959514e-01      4.312453911024e-01      1.915552029593e-02      1.401906995358e-02      1.131908342477e-01      8.877989805222e-02      3.542506060857e-02      3.107686968178e-02      1.041885444018e-02      4.589872197113e-02
      9.402777777778e+01      1.642406125175e+00      8.214623891581e-02      3.415053029190e-01      4.338432168748e-01      8.244442384942e-01      4.310884148418e-01      2.024616190066e-02      1.455715813373e-02      1.125520762135e-01      8.913593727230e-02      3.512193656131e-02      3.109461503435e-02      1.099582321070e-02      4.491392877579e-02
      9.403472222222e+01      1.620698233508e+00      8.158804557179e-02      3.414418731434e-01      4.351536235308e-01      8.205176810369e-01      4.309314385811e-01      2.133680350538e-02      1.509524631388e-02      1.119133181793e-01      8.949197649239e-02      3.481881251405e-02      3.111236038691e-02      1.157279198122e-02      4.392913558045e-02
      9.404166666667e+01      1.598990341841e+00      8.102985222777e-02      3.413784433678e-01      4.364640301868e-01      8.165911235796e-01      4.307744623204e-01      2.242744511011e-02      1.563333449404e-02      1.112745601451e-01      8.984801571248e-02      3.451568846679e-02      3.113010573948e-02      1.214976075173e-02      4.294434238511e-02
      9.404861111111e+01      1.577282450175e+00      8.047165888376e-02      3.413150135921e-01      4.377744368427e-01      8.126645661224e-01      4.306174860597e-01      2.351808671483e-02      1.617142267419e-02      1.106358021109e-01      9.020405493256e-02      3.421256441953e-02      3.114785109204e-02      1.272672952225e-02      4.195954918977e-02
      9.405555555556e+01      1.555574558508e+00      7.991346553974e-02      3.412515838165e-01      4.390848434987e-01      8.087380086651e-01      4.304605097990e-01      2.460872831956e-02      1.670951085434e-02      1.099970440767e-01      9.056009415265e-02      3.390944037227e-02      3.116559644460e-02      1.330369829277e-02      4.097475599444e-02
      9.406250000000e+01      1.533866666841e+00      7.935527219572e-02      3.411881540408e-01      4.403952501547e-01      8.048114512079e-01      4.303035335383e-01      2.569936992428e-02      1.724759903449e-02      1.093582860425e-01      9.091613337273e-02      3.360631632501e-02      3.118334179717e-02      1.388066706329e-02      3.998996279910e-02
      9.406944444444e+01      1.512158775175e+00      7.879707885171e-02      3.411247242652e-01      4.417056568107e-01      8.008848937506e-01      4.301465572777e-01      2.679001152901e-02      1.778568721464e-02      1.087195280083e-01      9.127217259282e-02      3.330319227775e-02      3.120108714973e-02      1.445763583380e-02      3.900516960376e-02
      9.407638888889e+01      1.490450883508e+00      7.823888550769e-02      3.410612944896e-01      4.430160634667e-01      7.969583362933e-01      4.299895810170e-01      2.788065313373e-02      1.832377539479e-02      1.080807699742e-01      9.162821181290e-02      3.300006823049e-02      3.121883250230e-02      1.503460460432e-02      3.802037640842e-02
      9.408333333333e+01      1.468742991841e+00      7.768069216367e-02      3.409978647139e-01      4.443264701226e-01      7.930317788361e-01      4.298326047563e-01      2.897129473846e-02      1.886186357494e-02      1.074420119400e-01      9.198425103299e-02      3.269694418323e-02      3.123657785486e-02      1.561157337484e-02      3.703558321308e-02
      9.409027777778e+01      1.447035100175e+00      7.712249881965e-02      3.409344349383e-01      4.456368767786e-01      7.891052213788e-01      4.296756284956e-01      3.006193634318e-02      1.939995175510e-02      1.068032539058e-01      9.234029025307e-02      3.239382013597e-02      3.125432320743e-02      1.618854214536e-02      3.605079001775e-02
      9.409722222222e+01      1.425327208508e+00      7.656430547564e-02      3.408710051626e-01      4.469472834346e-01      7.851786639215e-01      4.295186522349e-01      3.115257794791e-02      1.993803993525e-02      1.061644958716e-01      9.269632947316e-02      3.209069608871e-02      3.127206855999e-02      1.676551091588e-02      3.506599682241e-02
      9.410416666667e+01      1.403619316841e+00      7.600611213162e-02      3.408075753870e-01      4.482576900906e-01      7.812521064643e-01      4.293616759742e-01      3.224321955264e-02      2.047612811540e-02      1.055257378374e-01      9.305236869324e-02      3.178757204145e-02      3.128981391255e-02      1.734247968640e-02      3.408120362707e-02
      9.411111111111e+01      1.381911425175e+00      7.544791878760e-02      3.407441456114e-01      4.495680967466e-01      7.773255490070e-01      4.292046997136e-01      3.333386115736e-02      2.101421629555e-02      1.048869798032e-01      9.340840791333e-02      3.148444799419e-02      3.130755926512e-02      1.791944845691e-02      3.309641043173e-02
      9.411805555556e+01      1.360203533508e+00      7.488972544359e-02      3.406807158357e-01      4.508785034026e-01      7.733989915497e-01      4.290477234529e-01      3.442450276209e-02      2.155230447570e-02      1.042482217690e-01      9.376444713342e-02      3.118132394693e-02      3.132530461768e-02      1.849641722743e-02      3.211161723639e-02
      9.412500000000e+01      1.347061433158e+00      7.461026564474e-02      3.428001669094e-01      4.500794010577e-01      7.719401105903e-01      4.253994296553e-01      3.510774176401e-02      2.149097546481e-02      1.041419573490e-01      9.400582756840e-02      3.120544903080e-02      3.121988245477e-02      1.919042644621e-02      3.220664331116e-02
      9.413194444444e+01      1.340012625320e+00      7.452908350180e-02      3.464724145712e-01      4.477796953336e-01      7.722366161642e-01      4.192675802569e-01      3.550117412263e-02      2.100324985537e-02      1.044144833094e-01      9.416564525095e-02      3.146236342814e-02      3.102684483733e-02      1.996769261820e-02      3.279976429522e-02
      9.413888888889e+01      1.332963817482e+00      7.444790135887e-02      3.501446622330e-01      4.454799896094e-01      7.725331217381e-01      4.131357308585e-01      3.589460648126e-02      2.051552424594e-02      1.046870092698e-01      9.432546293350e-02      3.171927782549e-02      3.083380721989e-02      2.074495879019e-02      3.339288527929e-02
      9.414583333333e+01      1.325915009643e+00      7.436671921594e-02      3.538169098948e-01      4.431802838852e-01      7.728296273120e-01      4.070038814600e-01      3.628803883989e-02      2.002779863651e-02      1.049595352301e-01      9.448528061605e-02      3.197619222283e-02      3.064076960244e-02      2.152222496217e-02      3.398600626335e-02
      9.415277777778e+01      1.318866201805e+00      7.428553707300e-02      3.574891575566e-01      4.408805781610e-01      7.731261328858e-01      4.008720320616e-01      3.668147119852e-02      1.954007302707e-02      1.052320611905e-01      9.464509829860e-02      3.223310662017e-02      3.044773198500e-02      2.229949113416e-02      3.457912724742e-02
      9.415972222222e+01      1.311817393967e+00      7.420435493007e-02      3.611614052185e-01      4.385808724369e-01      7.734226384597e-01      3.947401826631e-01      3.707490355714e-02      1.905234741764e-02      1.055045871509e-01      9.480491598115e-02      3.249002101752e-02      3.025469436756e-02      2.307675730615e-02      3.517224823148e-02
      9.416666666667e+01      1.304768586128e+00      7.412317278713e-02      3.648336528803e-01      4.362811667127e-01      7.737191440336e-01      3.886083332647e-01      3.746833591577e-02      1.856462180820e-02      1.057771131113e-01      9.496473366369e-02      3.274693541486e-02      3.006165675011e-02      2.385402347814e-02      3.576536921555e-02
      9.417361111111e+01      1.297719778290e+00      7.404199064420e-02      3.685059005421e-01      4.339814609885e-01      7.740156496075e-01      3.824764838662e-01      3.786176827440e-02      1.807689619877e-02      1.060496390717e-01      9.512455134624e-02      3.300384981221e-02      2.986861913267e-02      2.463128965013e-02      3.635849019961e-02
      9.418055555556e+01      1.290670970452e+00      7.396080850127e-02      3.721781482039e-01      4.316817552643e-01      7.743121551814e-01      3.763446344678e-01      3.825520063303e-02      1.758917058934e-02      1.063221650321e-01      9.528436902879e-02      3.326076420955e-02      2.967558151523e-02      2.540855582212e-02      3.695161118368e-02
      9.418750000000e+01      1.283622162613e+00      7.387962635833e-02      3.758503958657e-01      4.293820495401e-01      7.746086607552e-01      3.702127850693e-01      3.864863299165e-02      1.710144497990e-02      1.065946909924e-01      9.544418671134e-02      3.351767860690e-02      2.948254389778e-02      2.618582199411e-02      3.754473216774e-02
      9.419444444444e+01      1.276573354775e+00      7.379844421540e-02      3.795226435276e-01      4.270823438160e-01      7.749051663291e-01      3.640809356709e-01      3.904206535028e-02      1.661371937047e-02      1.068672169528e-01      9.560400439389e-02      3.377459300424e-02      2.928950628034e-02      2.696308816609e-02      3.813785315180e-02
      9.420138888889e+01      1.269524546937e+00      7.371726207247e-02      3.831948911894e-01      4.247826380918e-01      7.752016719030e-01      3.579490862724e-01      3.943549770891e-02      1.612599376104e-02      1.071397429132e-01      9.576382207644e-02      3.403150740159e-02      2.909646866290e-02      2.774035433808e-02      3.873097413587e-02
      9.420833333333e+01      1.262475739098e+00      7.363607992953e-02      3.868671388512e-01      4.224829323676e-01      7.754981774769e-01      3.518172368740e-01      3.982893006753e-02      1.563826815160e-02      1.074122688736e-01      9.592363975899e-02      3.428842179893e-02      2.890343104545e-02      2.851762051007e-02      3.932409511993e-02
      9.421527777778e+01      1.255426931260e+00      7.355489778660e-02      3.905393865130e-01      4.201832266434e-01      7.757946830507e-01      3.456853874755e-01      4.022236242616e-02      1.515054254217e-02      1.076847948340e-01      9.608345744154e-02      3.454533619627e-02      2.871039342801e-02      2.929488668206e-02      3.991721610400e-02
      9.422222222222e+01      1.248378123422e+00      7.347371564367e-02      3.942116341749e-01      4.178835209193e-01      7.760911886246e-01      3.395535380771e-01      4.061579478479e-02      1.466281693273e-02      1.079573207943e-01      9.624327512409e-02      3.480225059362e-02      2.851735581057e-02      3.007215285405e-02      4.051033708806e-02
      9.422916666667e+01      1.241329315583e+00      7.339253350073e-02      3.978838818367e-01      4.155838151951e-01      7.763876941985e-01      3.334216886786e-01      4.100922714342e-02      1.417509132330e-02      1.082298467547e-01      9.640309280663e-02      3.505916499096e-02      2.832431819312e-02      3.084941902604e-02      4.110345807213e-02
      9.423611111111e+01      1.234280507745e+00      7.331135135780e-02      4.015561294985e-01      4.132841094709e-01      7.766841997724e-01      3.272898392802e-01      4.140265950204e-02      1.368736571387e-02      1.085023727151e-01      9.656291048918e-02      3.531607938831e-02      2.813128057568e-02      3.162668519803e-02      4.169657905619e-02
      9.424305555556e+01      1.227231699907e+00      7.323016921487e-02      4.052283771603e-01      4.109844037467e-01      7.769807053463e-01      3.211579898817e-01      4.179609186067e-02      1.319964010443e-02      1.087748986755e-01      9.672272817173e-02      3.557299378565e-02      2.793824295824e-02      3.240395137001e-02      4.228970004026e-02
      9.425000000000e+01      1.226192506434e+00      7.315706268952e-02      4.063414980312e-01      4.086629290570e-01      7.797248332905e-01      3.188541091113e-01      4.188531226843e-02      1.353141843426e-02      1.091135645462e-01      9.738292204531e-02      4.720061583534e-02      2.817998754949e-02      3.348817458101e-02      6.373155351785e-02
      9.425694444444e+01      1.229399013214e+00      7.308966146396e-02      4.056466351283e-01      4.063260749274e-01      7.841981688481e-01      3.192546293854e-01      4.175961160509e-02      1.444216371095e-02      1.094989572476e-01      9.839662401290e-02      6.686146820598e-02      2.872889909365e-02      3.478925822572e-02      9.990271629978e-02
      9.426388888889e+01      1.232605519993e+00      7.302226023840e-02      4.049517722255e-01      4.039892207978e-01      7.886715044056e-01      3.196551496594e-01      4.163391094176e-02      1.535290898763e-02      1.098843499491e-01      9.941032598048e-02      8.652232057662e-02      2.927781063781e-02      3.609034187042e-02      1.360738790817e-01
      9.427083333333e+01      1.235812026772e+00      7.295485901285e-02      4.042569093226e-01      4.016523666683e-01      7.931448399631e-01      3.200556699334e-01      4.150821027842e-02      1.626365426431e-02      1.102697426506e-01      1.004240279481e-01      1.061831729473e-01      2.982672218197e-02      3.739142551513e-02      1.722450418636e-01
      9.427777777778e+01      1.239018533552e+00      7.288745778729e-02      4.035620464197e-01      3.993155125387e-01      7.976181755206e-01      3.204561902074e-01      4.138250961509e-02      1.717439954099e-02      1.106551353521e-01      1.014377299156e-01      1.258440253179e-01      3.037563372613e-02      3.869250915983e-02      2.084162046456e-01
      9.428472222222e+01      1.242225040331e+00      7.282005656173e-02      4.028671835168e-01      3.969786584091e-01      8.020915110781e-01      3.208567104815e-01      4.125680895175e-02      1.808514481768e-02      1.110405280536e-01      1.024514318832e-01      1.455048776886e-01      3.092454527028e-02      3.999359280454e-02      2.445873674276e-01
      9.429166666667e+01      1.245431547110e+00      7.275265533618e-02      4.021723206139e-01      3.946418042795e-01      8.065648466357e-01      3.212572307555e-01      4.113110828842e-02      1.899589009436e-02      1.114259207551e-01      1.034651338508e-01      1.651657300592e-01      3.147345681444e-02      4.129467644924e-02      2.807585302095e-01
      9.429861111111e+01      1.248638053890e+00      7.268525411062e-02      4.014774577111e-01      3.923049501500e-01      8.110381821932e-01      3.216577510295e-01      4.100540762508e-02      1.990663537104e-02      1.118113134566e-01      1.044788358184e-01      1.848265824299e-01      3.202236835860e-02      4.259576009395e-02      3.169296929914e-01
      9.430555555556e+01      1.251844560669e+00      7.261785288506e-02      4.007825948082e-01      3.899680960204e-01      8.155115177507e-01      3.220582713035e-01      4.087970696174e-02      2.081738064772e-02      1.121967061581e-01      1.054925377860e-01      2.044874348005e-01      3.257127990276e-02      4.389684373865e-02      3.531008557733e-01
      9.431250000000e+01      1.255051067449e+00      7.255045165951e-02      4.000877319053e-01      3.876312418908e-01      8.199848533082e-01      3.224587915776e-01      4.075400629841e-02      2.172812592440e-02      1.125820988596e-01      1.065062397536e-01      2.241482871711e-01      3.312019144692e-02      4.519792738336e-02      3.892720185553e-01
      9.431944444444e+01      1.258257574228e+00      7.248305043395e-02      3.993928690024e-01      3.852943877612e-01      8.244581888657e-01      3.228593118516e-01      4.062830563507e-02      2.263887120109e-02      1.129674915611e-01      1.075199417212e-01      2.438091395418e-01      3.366910299108e-02      4.649901102806e-02      4.254431813372e-01
      9.432638888889e+01      1.261464081007e+00      7.241564920839e-02      3.986980060995e-01      3.829575336316e-01      8.289315244232e-01      3.232598321256e-01      4.050260497174e-02      2.354961647777e-02      1.133528842626e-01      1.085336436887e-01      2.634699919124e-01      3.421801453524e-02      4.780009467277e-02      4.616143441191e-01
      9.433333333333e+01      1.264670587787e+00      7.234824798284e-02      3.980031431966e-01      3.806206795021e-01      8.334048599808e-01      3.236603523996e-01      4.037690430840e-02      2.446036175445e-02      1.137382769641e-01      1.095473456563e-01      2.831308442831e-01      3.476692607939e-02      4.910117831747e-02      4.977855069011e-01
      9.434027777778e+01      1.267877094566e+00      7.228084675728e-02      3.973082802938e-01      3.782838253725e-01      8.378781955383e-01      3.240608726736e-01      4.025120364507e-02      2.537110703113e-02      1.141236696656e-01      1.105610476239e-01      3.027916966537e-01      3.531583762355e-02      5.040226196217e-02      5.339566696830e-01
      9.434722222222e+01      1.271083601345e+00      7.221344553172e-02      3.966134173909e-01      3.759469712429e-01      8.423515310958e-01      3.244613929477e-01      4.012550298173e-02      2.628185230782e-02      1.145090623671e-01      1.115747495915e-01      3.224525490244e-01      3.586474916771e-02      5.170334560688e-02      5.701278324650e-01
      9.435416666667e+01      1.274290108125e+00      7.214604430617e-02      3.959185544880e-01      3.736101171133e-01      8.468248666533e-01      3.248619132217e-01      3.999980231840e-02      2.719259758450e-02      1.148944550686e-01      1.125884515591e-01      3.421134013950e-01      3.641366071187e-02      5.300442925159e-02      6.062989952469e-01
      9.436111111111e+01      1.277496614904e+00      7.207864308061e-02      3.952236915851e-01      3.712732629838e-01      8.512982022108e-01      3.252624334957e-01      3.987410165506e-02      2.810334286118e-02      1.152798477701e-01      1.136021535267e-01      3.617742537657e-01      3.696257225603e-02      5.430551289629e-02      6.424701580288e-01
      9.436805555556e+01      1.280703121684e+00      7.201124185506e-02      3.945288286822e-01      3.689364088542e-01      8.557715377684e-01      3.256629537697e-01      3.974840099173e-02      2.901408813786e-02      1.156652404716e-01      1.146158554942e-01      3.814351061363e-01      3.751148380019e-02      5.560659654099e-02      6.786413208108e-01
      9.437500000000e+01      1.277704742547e+00      7.248840498912e-02      3.921998780148e-01      3.685324079490e-01      8.575478428892e-01      3.282817308655e-01      3.924065819357e-02      2.917220836396e-02      1.157969701373e-01      1.142440812107e-01      3.779013163095e-01      3.740091534233e-02      5.483735520417e-02      6.722487385989e-01
      9.438194444444e+01      1.270262131621e+00      7.335561078809e-02      3.887005166601e-01      3.695128076370e-01      8.573924076744e-01      3.324893280647e-01      3.845927880914e-02      2.879126305040e-02      1.157470143793e-01      1.128799635253e-01      3.577544303549e-01      3.681799621942e-02      5.258524952131e-02      6.353699957850e-01
      9.438888888889e+01      1.262819520696e+00      7.422281658706e-02      3.852011553054e-01      3.704932073250e-01      8.572369724596e-01      3.366969252638e-01      3.767789942470e-02      2.841031773684e-02      1.156970586213e-01      1.115158458399e-01      3.376075444004e-01      3.623507709651e-02      5.033314383845e-02      5.984912529711e-01
      9.439583333333e+01      1.255376909770e+00      7.509002238603e-02      3.817017939507e-01      3.714736070130e-01      8.570815372448e-01      3.409045224630e-01      3.689652004027e-02      2.802937242327e-02      1.156471028633e-01      1.101517281545e-01      3.174606584459e-01      3.565215797360e-02      4.808103815558e-02      5.616125101573e-01
      9.440277777778e+01      1.247934298845e+00      7.595722818500e-02      3.782024325960e-01      3.724540067010e-01      8.569261020300e-01      3.451121196622e-01      3.611514065584e-02      2.764842710971e-02      1.155971471053e-01      1.087876104691e-01      2.973137724913e-01      3.506923885069e-02      4.582893247272e-02      5.247337673434e-01
      9.440972222222e+01      1.240491687919e+00      7.682443398397e-02      3.747030712414e-01      3.734344063890e-01      8.567706668152e-01      3.493197168613e-01      3.533376127141e-02      2.726748179614e-02      1.155471913472e-01      1.074234927837e-01      2.771668865367e-01      3.448631972777e-02      4.357682678986e-02      4.878550245295e-01
      9.441666666667e+01      1.233049076994e+00      7.769163978294e-02      3.712037098867e-01      3.744148060770e-01      8.566152316004e-01      3.535273140605e-01      3.455238188698e-02      2.688653648258e-02      1.154972355892e-01      1.060593750983e-01      2.570200005822e-01      3.390340060486e-02      4.132472110699e-02      4.509762817156e-01
      9.442361111111e+01      1.225606466068e+00      7.855884558191e-02      3.677043485320e-01      3.753952057650e-01      8.564597963856e-01      3.577349112597e-01      3.377100250255e-02      2.650559116902e-02      1.154472798312e-01      1.046952574129e-01      2.368731146277e-01      3.332048148195e-02      3.907261542413e-02      4.140975389017e-01
      9.443055555556e+01      1.218163855143e+00      7.942605138088e-02      3.642049871773e-01      3.763756054530e-01      8.563043611708e-01      3.619425084589e-01      3.298962311812e-02      2.612464585545e-02      1.153973240732e-01      1.033311397275e-01      2.167262286731e-01      3.273756235904e-02      3.682050974127e-02      3.772187960878e-01
      9.443750000000e+01      1.210721244217e+00      8.029325717985e-02      3.607056258226e-01      3.773560051410e-01      8.561489259560e-01      3.661501056580e-01      3.220824373369e-02      2.574370054189e-02      1.153473683152e-01      1.019670220421e-01      1.965793427186e-01      3.215464323613e-02      3.456840405841e-02      3.403400532740e-01
      9.444444444444e+01      1.203278633292e+00      8.116046297882e-02      3.572062644679e-01      3.783364048290e-01      8.559934907412e-01      3.703577028572e-01      3.142686434926e-02      2.536275522832e-02      1.152974125572e-01      1.006029043567e-01      1.764324567641e-01      3.157172411322e-02      3.231629837555e-02      3.034613104601e-01
      9.445138888889e+01      1.195836022366e+00      8.202766877779e-02      3.537069031133e-01      3.793168045170e-01      8.558380555264e-01      3.745653000564e-01      3.064548496483e-02      2.498180991476e-02      1.152474567992e-01      9.923878667131e-02      1.562855708095e-01      3.098880499031e-02      3.006419269268e-02      2.665825676462e-01
      9.445833333333e+01      1.188393411441e+00      8.289487457676e-02      3.502075417586e-01      3.802972042050e-01      8.556826203116e-01      3.787728972555e-01      2.986410558040e-02      2.460086460120e-02      1.151975010412e-01      9.787466898591e-02      1.361386848550e-01      3.040588586740e-02      2.781208700982e-02      2.297038248324e-01
      9.446527777778e+01      1.180950800515e+00      8.376208037573e-02      3.467081804039e-01      3.812776038930e-01      8.555271850968e-01      3.829804944547e-01      2.908272619597e-02      2.421991928763e-02      1.151475452832e-01      9.651055130052e-02      1.159917989005e-01      2.982296674448e-02      2.555998132696e-02      1.928250820185e-01
      9.447222222222e+01      1.173508189590e+00      8.462928617470e-02      3.432088190492e-01      3.822580035811e-01      8.553717498820e-01      3.871880916539e-01      2.830134681154e-02      2.383897397407e-02      1.150975895251e-01      9.514643361512e-02      9.584491294588e-02      2.924004762157e-02      2.330787564409e-02      1.559463392046e-01
      9.447916666667e+01      1.166065578664e+00      8.549649197367e-02      3.397094576945e-01      3.832384032691e-01      8.552163146672e-01      3.913956888531e-01      2.751996742711e-02      2.345802866050e-02      1.150476337671e-01      9.378231592972e-02      7.569802699134e-02      2.865712849866e-02      2.105576996123e-02      1.190675963907e-01
      9.448611111111e+01      1.158622967739e+00      8.636369777264e-02      3.362100963398e-01      3.842188029571e-01      8.550608794524e-01      3.956032860522e-01      2.673858804268e-02      2.307708334694e-02      1.149976780091e-01      9.241819824432e-02      5.555114103680e-02      2.807420937575e-02      1.880366427837e-02      8.218885357681e-02
      9.449305555556e+01      1.151180356813e+00      8.723090357161e-02      3.327107349851e-01      3.851992026451e-01      8.549054442376e-01      3.998108832514e-01      2.595720865825e-02      2.269613803338e-02      1.149477222511e-01      9.105408055892e-02      3.540425508227e-02      2.749129025284e-02      1.655155859551e-02      4.531011076294e-02
      9.450000000000e+01      1.152948372382e+00      8.823727055900e-02      3.321141612850e-01      3.901801701063e-01      8.579742394448e-01      4.042808607141e-01      2.568008826385e-02      2.240410996609e-02      1.152596355172e-01      9.039990691215e-02      2.710513662766e-02      2.765228844895e-02      1.575809303467e-02      2.981599283498e-02
      9.450694444444e+01      1.161268385235e+00      8.934263013165e-02      3.335824912956e-01      3.980069493264e-01      8.633365973080e-01      4.089374828935e-01      2.576167349442e-02      2.217533335694e-02      1.158289650257e-01      9.025075335446e-02      2.723395090117e-02      2.834247369402e-02      1.600223399532e-02      2.953386990569e-02
      9.451388888889e+01      1.169588398087e+00      9.044798970430e-02      3.350508213063e-01      4.058337285465e-01      8.686989551713e-01      4.135941050730e-01      2.584325872500e-02      2.194655674779e-02      1.163982945343e-01      9.010159979676e-02      2.736276517467e-02      2.903265893910e-02      1.624637495597e-02      2.925174697640e-02
      9.452083333333e+01      1.177908410940e+00      9.155334927695e-02      3.365191513170e-01      4.136605077666e-01      8.740613130345e-01      4.182507272525e-01      2.592484395557e-02      2.171778013864e-02      1.169676240428e-01      8.995244623907e-02      2.749157944818e-02      2.972284418417e-02      1.649051591662e-02      2.896962404710e-02
      9.452777777778e+01      1.186228423792e+00      9.265870884960e-02      3.379874813277e-01      4.214872869867e-01      8.794236708977e-01      4.229073494320e-01      2.600642918614e-02      2.148900352949e-02      1.175369535514e-01      8.980329268138e-02      2.762039372168e-02      3.041302942924e-02      1.673465687726e-02      2.868750111781e-02
      9.453472222222e+01      1.194548436645e+00      9.376406842225e-02      3.394558113384e-01      4.293140662068e-01      8.847860287610e-01      4.275639716115e-01      2.608801441672e-02      2.126022692034e-02      1.181062830599e-01      8.965413912369e-02      2.774920799519e-02      3.110321467432e-02      1.697879783791e-02      2.840537818852e-02
      9.454166666667e+01      1.202868449497e+00      9.486942799490e-02      3.409241413491e-01      4.371408454268e-01      8.901483866243e-01      4.322205937910e-01      2.616959964729e-02      2.103145031119e-02      1.186756125685e-01      8.950498556599e-02      2.787802226869e-02      3.179339991939e-02      1.722293879856e-02      2.812325525923e-02
      9.454861111111e+01      1.211188462350e+00      9.597478756755e-02      3.423924713597e-01      4.449676246469e-01      8.955107444875e-01      4.368772159705e-01      2.625118487787e-02      2.080267370204e-02      1.192449420770e-01      8.935583200830e-02      2.800683654219e-02      3.248358516446e-02      1.746707975921e-02      2.784113232993e-02
      9.455555555556e+01      1.219508475202e+00      9.708014714020e-02      3.438608013704e-01      4.527944038670e-01      9.008731023507e-01      4.415338381500e-01      2.633277010844e-02      2.057389709289e-02      1.198142715856e-01      8.920667845061e-02      2.813565081570e-02      3.317377040953e-02      1.771122071986e-02      2.755900940064e-02
      9.456250000000e+01      1.227828488055e+00      9.818550671285e-02      3.453291313811e-01      4.606211830871e-01      9.062354602140e-01      4.461904603294e-01      2.641435533901e-02      2.034512048374e-02      1.203836010941e-01      8.905752489292e-02      2.826446508920e-02      3.386395565460e-02      1.795536168051e-02      2.727688647135e-02
      9.456944444444e+01      1.236148500908e+00      9.929086628550e-02      3.467974613918e-01      4.684479623072e-01      9.115978180772e-01      4.508470825089e-01      2.649594056959e-02      2.011634387459e-02      1.209529306027e-01      8.890837133522e-02      2.839327936271e-02      3.455414089968e-02      1.819950264115e-02      2.699476354205e-02
      9.457638888889e+01      1.244468513760e+00      1.003962258581e-01      3.482657914025e-01      4.762747415273e-01      9.169601759405e-01      4.555037046884e-01      2.657752580016e-02      1.988756726544e-02      1.215222601112e-01      8.875921777753e-02      2.852209363621e-02      3.524432614475e-02      1.844364360180e-02      2.671264061276e-02
      9.458333333333e+01      1.252788526613e+00      1.015015854308e-01      3.497341214132e-01      4.841015207473e-01      9.223225338037e-01      4.601603268679e-01      2.665911103073e-02      1.965879065629e-02      1.220915896198e-01      8.861006421984e-02      2.865090790972e-02      3.593451138982e-02      1.868778456245e-02      2.643051768347e-02
      9.459027777778e+01      1.261108539465e+00      1.026069450034e-01      3.512024514238e-01      4.919282999674e-01      9.276848916670e-01      4.648169490474e-01      2.674069626131e-02      1.943001404714e-02      1.226609191283e-01      8.846091066215e-02      2.877972218322e-02      3.662469663489e-02      1.893192552310e-02      2.614839475418e-02
      9.459722222222e+01      1.269428552318e+00      1.037123045761e-01      3.526707814345e-01      4.997550791875e-01      9.330472495302e-01      4.694735712269e-01      2.682228149188e-02      1.920123743799e-02      1.232302486368e-01      8.831175710445e-02      2.890853645672e-02      3.731488187997e-02      1.917606648375e-02      2.586627182488e-02
      9.460416666667e+01      1.277748565170e+00      1.048176641487e-01      3.541391114452e-01      5.075818584076e-01      9.384096073935e-01      4.741301934064e-01      2.690386672246e-02      1.897246082884e-02      1.237995781454e-01      8.816260354676e-02      2.903735073023e-02      3.800506712504e-02      1.942020744439e-02      2.558414889559e-02
      9.461111111111e+01      1.286068578023e+00      1.059230237214e-01      3.556074414559e-01      5.154086376277e-01      9.437719652567e-01      4.787868155859e-01      2.698545195303e-02      1.874368421969e-02      1.243689076539e-01      8.801344998907e-02      2.916616500373e-02      3.869525237011e-02      1.966434840504e-02      2.530202596630e-02
      9.461805555556e+01      1.294388590876e+00      1.070283832940e-01      3.570757714666e-01      5.232354168478e-01      9.491343231200e-01      4.834434377653e-01      2.706703718360e-02      1.851490761054e-02      1.249382371625e-01      8.786429643138e-02      2.929497927724e-02      3.938543761518e-02      1.990848936569e-02      2.501990303700e-02
      9.462500000000e+01      1.299747827276e+00      1.075656037512e-01      3.584296281445e-01      5.301987336558e-01      9.522970031187e-01      4.886653397106e-01      2.689081728876e-02      1.849468143242e-02      1.257531927814e-01      8.873354646167e-02      2.963258882510e-02      3.969740710879e-02      2.041332750805e-02      2.541324158372e-02
      9.463194444444e+01      1.303000909520e+00      1.076986773304e-01      3.597020539919e-01      5.365478247776e-01      9.538949379393e-01      4.942893545298e-01      2.653120721058e-02      1.862280801385e-02      1.267428750174e-01      9.032723988856e-02      3.011872530231e-02      3.974033208323e-02      2.110361310369e-02      2.628707098073e-02
      9.463888888889e+01      1.306253991764e+00      1.078317509096e-01      3.609744798392e-01      5.428969158994e-01      9.554928727600e-01      4.999133693489e-01      2.617159713239e-02      1.875093459529e-02      1.277325572534e-01      9.192093331544e-02      3.060486177952e-02      3.978325705768e-02      2.179389869933e-02      2.716090037774e-02
      9.464583333333e+01      1.309507074008e+00      1.079648244889e-01      3.622469056866e-01      5.492460070212e-01      9.570908075807e-01      5.055373841681e-01      2.581198705421e-02      1.887906117672e-02      1.287222394894e-01      9.351462674232e-02      3.109099825673e-02      3.982618203212e-02      2.248418429497e-02      2.803472977476e-02
      9.465277777778e+01      1.312760156252e+00      1.080978980681e-01      3.635193315340e-01      5.555950981431e-01      9.586887424013e-01      5.111613989872e-01      2.545237697603e-02      1.900718775815e-02      1.297119217253e-01      9.510832016921e-02      3.157713473393e-02      3.986910700657e-02      2.317446989061e-02      2.890855917177e-02
      9.465972222222e+01      1.316013238495e+00      1.082309716473e-01      3.647917573814e-01      5.619441892649e-01      9.602866772220e-01      5.167854138064e-01      2.509276689784e-02      1.913531433959e-02      1.307016039613e-01      9.670201359609e-02      3.206327121114e-02      3.991203198101e-02      2.386475548625e-02      2.978238856878e-02
      9.466666666667e+01      1.319266320739e+00      1.083640452265e-01      3.660641832287e-01      5.682932803867e-01      9.618846120427e-01      5.224094286255e-01      2.473315681966e-02      1.926344092102e-02      1.316912861973e-01      9.829570702298e-02      3.254940768835e-02      3.995495695546e-02      2.455504108189e-02      3.065621796580e-02
      9.467361111111e+01      1.322519402983e+00      1.084971188057e-01      3.673366090761e-01      5.746423715085e-01      9.634825468633e-01      5.280334434447e-01      2.437354674148e-02      1.939156750246e-02      1.326809684333e-01      9.988940044986e-02      3.303554416556e-02      3.999788192990e-02      2.524532667753e-02      3.153004736281e-02
      9.468055555556e+01      1.325772485227e+00      1.086301923849e-01      3.686090349235e-01      5.809914626303e-01      9.650804816840e-01      5.336574582638e-01      2.401393666329e-02      1.951969408389e-02      1.336706506693e-01      1.014830938767e-01      3.352168064277e-02      4.004080690435e-02      2.593561227317e-02      3.240387675982e-02
      9.468750000000e+01      1.329025567471e+00      1.087632659642e-01      3.698814607708e-01      5.873405537522e-01      9.666784165047e-01      5.392814730830e-01      2.365432658511e-02      1.964782066533e-02      1.346603329052e-01      1.030767873036e-01      3.400781711997e-02      4.008373187880e-02      2.662589786881e-02      3.327770615684e-02
      9.469444444444e+01      1.332278649715e+00      1.088963395434e-01      3.711538866182e-01      5.936896448740e-01      9.682763513253e-01      5.449054879021e-01      2.329471650693e-02      1.977594724676e-02      1.356500151412e-01      1.046704807305e-01      3.449395359718e-02      4.012665685324e-02      2.731618346445e-02      3.415153555385e-02
      9.470138888889e+01      1.335531731959e+00      1.090294131226e-01      3.724263124656e-01      6.000387359958e-01      9.698742861460e-01      5.505295027213e-01      2.293510642875e-02      1.990407382819e-02      1.366396973772e-01      1.062641741574e-01      3.498009007439e-02      4.016958182769e-02      2.800646906009e-02      3.502536495086e-02
      9.470833333333e+01      1.338784814203e+00      1.091624867018e-01      3.736987383129e-01      6.063878271176e-01      9.714722209667e-01      5.561535175404e-01      2.257549635056e-02      2.003220040963e-02      1.376293796132e-01      1.078578675843e-01      3.546622655159e-02      4.021250680213e-02      2.869675465573e-02      3.589919434788e-02
      9.471527777778e+01      1.342037896447e+00      1.092955602810e-01      3.749711641603e-01      6.127369182394e-01      9.730701557873e-01      5.617775323596e-01      2.221588627238e-02      2.016032699106e-02      1.386190618491e-01      1.094515610112e-01      3.595236302880e-02      4.025543177658e-02      2.938704025137e-02      3.677302374489e-02
      9.472222222222e+01      1.345290978691e+00      1.094286338603e-01      3.762435900077e-01      6.190860093613e-01      9.746680906080e-01      5.674015471787e-01      2.185627619420e-02      2.028845357250e-02      1.396087440851e-01      1.110452544380e-01      3.643849950601e-02      4.029835675102e-02      3.007732584701e-02      3.764685314190e-02
      9.472916666667e+01      1.348544060935e+00      1.095617074395e-01      3.775160158551e-01      6.254351004831e-01      9.762660254287e-01      5.730255619979e-01      2.149666611601e-02      2.041658015393e-02      1.405984263211e-01      1.126389478649e-01      3.692463598322e-02      4.034128172547e-02      3.076761144265e-02      3.852068253892e-02
      9.473611111111e+01      1.351797143179e+00      1.096947810187e-01      3.787884417024e-01      6.317841916049e-01      9.778639602493e-01      5.786495768170e-01      2.113705603783e-02      2.054470673536e-02      1.415881085571e-01      1.142326412918e-01      3.741077246043e-02      4.038420669991e-02      3.145789703829e-02      3.939451193593e-02
      9.474305555556e+01      1.355050225423e+00      1.098278545979e-01      3.800608675498e-01      6.381332827267e-01      9.794618950700e-01      5.842735916362e-01      2.077744595965e-02      2.067283331680e-02      1.425777907931e-01      1.158263347187e-01      3.789690893763e-02      4.042713167436e-02      3.214818263393e-02      4.026834133294e-02
      9.475000000000e+01      1.347528696450e+00      1.097280884998e-01      3.810275172616e-01      6.391436352464e-01      9.816068723877e-01      5.802617148745e-01      2.178899603529e-02      2.118623311342e-02      1.428075422255e-01      1.171121834835e-01      3.799080416150e-02      4.095564399235e-02      3.344350270007e-02      4.049794596138e-02
      9.475694444444e+01      1.332652875919e+00      1.094693959366e-01      3.817854571825e-01      6.365099917601e-01      9.841252376578e-01      5.696727881667e-01      2.373644174033e-02      2.196260402776e-02      1.425185971982e-01      1.181879105692e-01      3.781697218103e-02      4.181559758745e-02      3.515179357417e-02      4.028783015046e-02
      9.476388888889e+01      1.317777055388e+00      1.092107033734e-01      3.825433971034e-01      6.338763482738e-01      9.866436029278e-01      5.590838614589e-01      2.568388744537e-02      2.273897494209e-02      1.422296521708e-01      1.192636376549e-01      3.764314020056e-02      4.267555118256e-02      3.686008444827e-02      4.007771433954e-02
      9.477083333333e+01      1.302901234857e+00      1.089520108102e-01      3.833013370243e-01      6.312427047874e-01      9.891619681978e-01      5.484949347511e-01      2.763133315041e-02      2.351534585643e-02      1.419407071435e-01      1.203393647406e-01      3.746930822009e-02      4.353550477766e-02      3.856837532237e-02      3.986759852863e-02
      9.477777777778e+01      1.288025414326e+00      1.086933182470e-01      3.840592769452e-01      6.286090613011e-01      9.916803334678e-01      5.379060080433e-01      2.957877885545e-02      2.429171677077e-02      1.416517621161e-01      1.214150918263e-01      3.729547623962e-02      4.439545837277e-02      4.027666619647e-02      3.965748271771e-02
      9.478472222222e+01      1.273149593795e+00      1.084346256838e-01      3.848172168662e-01      6.259754178147e-01      9.941986987379e-01      5.273170813355e-01      3.152622456049e-02      2.506808768510e-02      1.413628170888e-01      1.224908189120e-01      3.712164425915e-02      4.525541196787e-02      4.198495707057e-02      3.944736690679e-02
      9.479166666667e+01      1.258273773263e+00      1.081759331206e-01      3.855751567871e-01      6.233417743284e-01      9.967170640079e-01      5.167281546277e-01      3.347367026553e-02      2.584445859944e-02      1.410738720614e-01      1.235665459977e-01      3.694781227868e-02      4.611536556298e-02      4.369324794467e-02      3.923725109587e-02
      9.479861111111e+01      1.243397952732e+00      1.079172405574e-01      3.863330967080e-01      6.207081308421e-01      9.992354292779e-01      5.061392279200e-01      3.542111597057e-02      2.662082951378e-02      1.407849270341e-01      1.246422730834e-01      3.677398029822e-02      4.697531915808e-02      4.540153881877e-02      3.902713528495e-02
      9.480555555556e+01      1.228522132201e+00      1.076585479942e-01      3.870910366289e-01      6.180744873557e-01      1.001753794548e+00      4.955503012122e-01      3.736856167560e-02      2.739720042811e-02      1.404959820068e-01      1.257180001691e-01      3.660014831775e-02      4.783527275319e-02      4.710982969287e-02      3.881701947404e-02
      9.481250000000e+01      1.213646311670e+00      1.073998554310e-01      3.878489765499e-01      6.154408438694e-01      1.004272159818e+00      4.849613745044e-01      3.931600738064e-02      2.817357134245e-02      1.402070369794e-01      1.267937272548e-01      3.642631633728e-02      4.869522634829e-02      4.881812056697e-02      3.860690366312e-02
      9.481944444444e+01      1.198770491139e+00      1.071411628678e-01      3.886069164708e-01      6.128072003830e-01      1.006790525088e+00      4.743724477966e-01      4.126345308568e-02      2.894994225678e-02      1.399180919521e-01      1.278694543405e-01      3.625248435681e-02      4.955517994340e-02      5.052641144107e-02      3.839678785220e-02
      9.482638888889e+01      1.183894670607e+00      1.068824703046e-01      3.893648563917e-01      6.101735568967e-01      1.009308890358e+00      4.637835210888e-01      4.321089879072e-02      2.972631317112e-02      1.396291469247e-01      1.289451814262e-01      3.607865237634e-02      5.041513353850e-02      5.223470231517e-02      3.818667204128e-02
      9.483333333333e+01      1.169018850076e+00      1.066237777414e-01      3.901227963126e-01      6.075399134104e-01      1.011827255628e+00      4.531945943810e-01      4.515834449576e-02      3.050268408546e-02      1.393402018974e-01      1.300209085119e-01      3.590482039587e-02      5.127508713360e-02      5.394299318927e-02      3.797655623037e-02
      9.484027777778e+01      1.154143029545e+00      1.063650851782e-01      3.908807362336e-01      6.049062699240e-01      1.014345620898e+00      4.426056676732e-01      4.710579020080e-02      3.127905499979e-02      1.390512568700e-01      1.310966355976e-01      3.573098841541e-02      5.213504072871e-02      5.565128406337e-02      3.776644041945e-02
      9.484722222222e+01      1.139267209014e+00      1.061063926150e-01      3.916386761545e-01      6.022726264377e-01      1.016863986168e+00      4.320167409654e-01      4.905323590584e-02      3.205542591413e-02      1.387623118427e-01      1.321723626834e-01      3.555715643494e-02      5.299499432382e-02      5.735957493747e-02      3.755632460853e-02
      9.485416666667e+01      1.124391388483e+00      1.058477000518e-01      3.923966160754e-01      5.996389829513e-01      1.019382351438e+00      4.214278142576e-01      5.100068161088e-02      3.283179682847e-02      1.384733668153e-01      1.332480897691e-01      3.538332445447e-02      5.385494791892e-02      5.906786581157e-02      3.734620879761e-02
      9.486111111111e+01      1.109515567952e+00      1.055890074886e-01      3.931545559963e-01      5.970053394650e-01      1.021900716708e+00      4.108388875499e-01      5.294812731592e-02      3.360816774280e-02      1.381844217880e-01      1.343238168548e-01      3.520949247400e-02      5.471490151402e-02      6.077615668567e-02      3.713609298670e-02
      9.486805555556e+01      1.094639747420e+00      1.053303149254e-01      3.939124959173e-01      5.943716959787e-01      1.024419081978e+00      4.002499608421e-01      5.489557302096e-02      3.438453865714e-02      1.378954767606e-01      1.353995439405e-01      3.503566049353e-02      5.557485510913e-02      6.248444755977e-02      3.692597717578e-02
      9.487500000000e+01      1.075732767145e+00      1.049212790113e-01      3.932629094555e-01      5.926313229613e-01      1.024833570840e+00      3.944323412629e-01      5.552302851752e-02      3.446994092749e-02      1.373575384851e-01      1.365316380605e-01      3.498072636810e-02      5.584371394392e-02      6.411899354508e-02      3.694115394366e-02
      9.488194444444e+01      1.053997344101e+00      1.044067554482e-01      3.916257392528e-01      5.915177086337e-01      1.023771885500e+00      3.919624851085e-01      5.522431958532e-02      3.407052855653e-02      1.366448953612e-01      1.377032818240e-01      3.500921631907e-02      5.569783414089e-02      6.570179680354e-02      3.711440610574e-02
      9.488888888889e+01      1.032261921056e+00      1.038922318851e-01      3.899885690501e-01      5.904040943061e-01      1.022710200160e+00      3.894926289541e-01      5.492561065313e-02      3.367111618558e-02      1.359322522372e-01      1.388749255875e-01      3.503770627004e-02      5.555195433785e-02      6.728460006201e-02      3.728765826782e-02
      9.489583333333e+01      1.010526498011e+00      1.033777083221e-01      3.883513988473e-01      5.892904799785e-01      1.021648514820e+00      3.870227727998e-01      5.462690172094e-02      3.327170381462e-02      1.352196091132e-01      1.400465693511e-01      3.506619622101e-02      5.540607453481e-02      6.886740332047e-02      3.746091042990e-02
      9.490277777778e+01      9.887910749662e-01      1.028631847590e-01      3.867142286446e-01      5.881768656509e-01      1.020586829479e+00      3.845529166454e-01      5.432819278875e-02      3.287229144367e-02      1.345069659892e-01      1.412182131146e-01      3.509468617198e-02      5.526019473177e-02      7.045020657894e-02      3.763416259199e-02
      9.490972222222e+01      9.670556519214e-01      1.023486611959e-01      3.850770584419e-01      5.870632513233e-01      1.019525144139e+00      3.820830604911e-01      5.402948385655e-02      3.247287907271e-02      1.337943228652e-01      1.423898568781e-01      3.512317612295e-02      5.511431492873e-02      7.203300983741e-02      3.780741475407e-02
      9.491666666667e+01      9.453202288766e-01      1.018341376329e-01      3.834398882391e-01      5.859496369957e-01      1.018463458799e+00      3.796132043367e-01      5.373077492436e-02      3.207346670176e-02      1.330816797412e-01      1.435615006416e-01      3.515166607392e-02      5.496843512569e-02      7.361581309587e-02      3.798066691615e-02
      9.492361111111e+01      9.235848058318e-01      1.013196140698e-01      3.818027180364e-01      5.848360226681e-01      1.017401773459e+00      3.771433481824e-01      5.343206599217e-02      3.167405433080e-02      1.323690366172e-01      1.447331444051e-01      3.518015602489e-02      5.482255532266e-02      7.519861635434e-02      3.815391907823e-02
      9.493055555556e+01      9.018493827870e-01      1.008050905068e-01      3.801655478337e-01      5.837224083405e-01      1.016340088119e+00      3.746734920280e-01      5.313335705998e-02      3.127464195985e-02      1.316563934932e-01      1.459047881687e-01      3.520864597586e-02      5.467667551962e-02      7.678141961280e-02      3.832717124031e-02
      9.493750000000e+01      8.801139597422e-01      1.002905669437e-01      3.785283776310e-01      5.826087940129e-01      1.015278402779e+00      3.722036358737e-01      5.283464812779e-02      3.087522958890e-02      1.309437503692e-01      1.470764319322e-01      3.523713592683e-02      5.453079571658e-02      7.836422287127e-02      3.850042340239e-02
      9.494444444444e+01      8.583785366974e-01      9.977604338063e-02      3.768912074282e-01      5.814951796853e-01      1.014216717439e+00      3.697337797193e-01      5.253593919559e-02      3.047581721794e-02      1.302311072453e-01      1.482480756957e-01      3.526562587780e-02      5.438491591354e-02      7.994702612973e-02      3.867367556447e-02
      9.495138888889e+01      8.366431136526e-01      9.926151981756e-02      3.752540372255e-01      5.803815653577e-01      1.013155032099e+00      3.672639235650e-01      5.223723026340e-02      3.007640484699e-02      1.295184641213e-01      1.494197194592e-01      3.529411582877e-02      5.423903611050e-02      8.152982938819e-02      3.884692772655e-02
      9.495833333333e+01      8.149076906078e-01      9.874699625450e-02      3.736168670228e-01      5.792679510301e-01      1.012093346759e+00      3.647940674106e-01      5.193852133121e-02      2.967699247603e-02      1.288058209973e-01      1.505913632227e-01      3.532260577974e-02      5.409315630746e-02      8.311263264666e-02      3.902017988864e-02
      9.496527777778e+01      7.931722675630e-01      9.823247269144e-02      3.719796968201e-01      5.781543367025e-01      1.011031661419e+00      3.623242112562e-01      5.163981239902e-02      2.927758010508e-02      1.280931778733e-01      1.517630069863e-01      3.535109573070e-02      5.394727650443e-02      8.469543590512e-02      3.919343205072e-02
      9.497222222222e+01      7.714368445182e-01      9.771794912837e-02      3.703425266173e-01      5.770407223749e-01      1.009969976079e+00      3.598543551019e-01      5.134110346682e-02      2.887816773412e-02      1.273805347493e-01      1.529346507498e-01      3.537958568167e-02      5.380139670139e-02      8.627823916359e-02      3.936668421280e-02
      9.497916666667e+01      7.497014214734e-01      9.720342556531e-02      3.687053564146e-01      5.759271080473e-01      1.008908290739e+00      3.573844989475e-01      5.104239453463e-02      2.847875536317e-02      1.266678916253e-01      1.541062945133e-01      3.540807563264e-02      5.365551689835e-02      8.786104242206e-02      3.953993637488e-02
      9.498611111111e+01      7.279659984286e-01      9.668890200224e-02      3.670681862119e-01      5.748134937197e-01      1.007846605399e+00      3.549146427932e-01      5.074368560244e-02      2.807934299221e-02      1.259552485013e-01      1.552779382768e-01      3.543656558361e-02      5.350963709531e-02      8.944384568052e-02      3.971318853696e-02
      9.499305555556e+01      7.062305753838e-01      9.617437843918e-02      3.654310160091e-01      5.736998793921e-01      1.006784920059e+00      3.524447866388e-01      5.044497667025e-02      2.767993062126e-02      1.252426053773e-01      1.564495820403e-01      3.546505553458e-02      5.336375729227e-02      9.102664893899e-02      3.988644069904e-02
      9.500000000000e+01      6.921200295177e-01      9.540642535308e-02      3.631106915502e-01      5.741718465550e-01      1.003621947981e+00      3.510509516342e-01      5.044764922688e-02      2.756714847003e-02      1.241156296357e-01      1.576302683700e-01      3.573447716500e-02      5.319707803849e-02      9.217165000412e-02      4.035725666113e-02
