#                     time          SMEAR_TEMP_168.dat             SMEAR_PRESS.dat                SMEAR_RH.dat               SMEAR_SWR.dat                SA_tower.dat               SA_ground.dat                     NH3.dat                SMEAR_CS.dat            SMEAR_GAS_CO.dat           SMEAR_GAS_NO2.dat            SMEAR_GAS_NO.dat            SMEAR_GAS_O3.dat           SMEAR_GAS_SO2.dat
1.06000000000000000000e+02  6.44000000000000039080e+00  9.96620000000000004547e+02  7.65900000000000034106e+01  -1.63441799999999992643e+00  1.37300562500000000000e+05  5.83238937500000000000e+05  8.98888705329146908696e+00  2.36497599999999988385e-02  2.27213999999999998636e+02  1.20999999999999996447e+00  5.00000000000000027756e-02  5.20060000000000002274e+01  3.80000000000000004441e-01
1.06006944444444442865e+02  6.48992965627590656652e+00  9.96480140687448169956e+02  7.66499232613919048163e+01  -1.92143684761896893498e+00  1.37929119790495751658e+05  5.48500468814713298343e+05  9.00206119312391450649e+00  2.44902990211637999751e-02  2.25508666663938868169e+02  1.24066715734118293568e+00  5.00000000000000027756e-02  5.14606666657943634391e+01  4.39999872001013425660e-01
1.06013888888888885731e+02  6.45000000000000017764e+00  9.96819979216625029039e+02  7.63899808153461350457e+01  -1.89959797142718778140e+00  1.38557677080991503317e+05  5.13762000129426713102e+05  8.38189906729164846411e+00  2.53308380423275976423e-02  2.23803333327877737702e+02  1.27133431468236568485e+00  5.00000000000000027756e-02  5.09153333315887266508e+01  5.89999824000267958368e-01
1.06020833333333328596e+02  6.00996642685859772115e+00  9.96700081534772039049e+02  7.86100095923261079633e+01  -1.59974291904869669878e+00  1.39186234371487225872e+05  4.79023531444140011445e+05  9.54810497899268639799e+00  2.61713770634913953095e-02  2.22097999985098397246e+02  1.30200166394674954340e+00  5.00000000000000027756e-02  5.03699999969768015262e+01  3.00000287997105929971e-01
1.06027777777777771462e+02  6.09000319744210649731e+00  9.96879974420463099705e+02  7.94199968025578897368e+01  -1.14646515555592176661e+00  1.16217096396970911883e+05  4.09850593878907558974e+05  3.09833912447828030423e+00  2.63306913227511728282e-02  2.18992666661701576913e+02  1.33666722131555948394e+00  5.00000000000000027756e-02  4.97399999989926939747e+01  2.60000543995693056409e-01
1.06034722222222228538e+02  5.83001598721053237995e+00  9.96709977617905337866e+02  8.02400959232631834084e+01  -8.77038158732112105298e-01  9.32479582905290881172e+04  3.40677656121092441026e+05  5.27540251061421283651e+00  2.64732541534392559757e-02  2.15887333338298446961e+02  1.37133277868444047876e+00  5.00000000000000027756e-02  4.91100000010073003409e+01  4.30000031999746623601e-01
1.06041666666666671404e+02  6.13999520383694186165e+00  9.96610023980815299183e+02  8.25299664268585928539e+01  -8.53473771427801786160e-01  7.02788204864401195664e+04  2.71504718753592693247e+05  2.99890148889319441139e+00  2.66158169841270476896e-02  2.12782000014901626628e+02  1.40599833605325041930e+00  5.00000000000000027756e-02  4.84800000030231927894e+01  2.19999856001447030573e-01
1.06048611111111114269e+02  6.05998721023075592740e+00  9.96670020783374980056e+02  8.28900239808173324718e+01  -1.27699957777796102576e+00  1.01402817824293422746e+05  2.72147572919061756693e+05  7.63317942235859980826e+00  2.66046744722222144874e-02  2.15559999991112789530e+02  1.42466606932377737316e+00  5.00000000000000027756e-02  4.80133333348262638651e+01  4.69999600000608919181e-01
1.06055555555555557135e+02  5.75002557953603421481e+00  9.96689955235812021783e+02  8.42199552358119376549e+01  -1.28888788571464218968e+00  1.32526815162146696821e+05  2.72790427084530878346e+05  5.55011030091428914091e+00  2.65857821111111052026e-02  2.18337999995556401700e+02  1.44333303466188866970e+00  5.00000000000000027756e-02  4.75466666674131346326e+01  3.49999296005573667934e-01
1.06062500000000000000e+02  6.01999999999999957367e+00  9.96370000000000004547e+02  8.36500000000000056843e+01  -1.19007000000000001672e-01  1.63650812500000000000e+05  2.73433281250000000000e+05  6.46892150154928469163e+00  2.65802180952381533752e-02  2.21116000000000013870e+02  1.46199999999999996625e+00  5.00000000000000027756e-02  4.70799999999999982947e+01  1.90000000000000002220e-01
1.06069444444444442865e+02  5.70987849720383877639e+00  9.96469993605115973878e+02  8.18400063948840141848e+01  -8.81788422221089995823e-01  1.51184125023223838070e+05  2.62155744812675286084e+05  6.70233430400733265486e+00  2.67464416402116537952e-02  2.22492666668868764646e+02  1.39866565331712222608e+00  5.00000000000000027756e-02  4.66866666660374960429e+01  2.40000703994426300980e-01
1.06076388888888885731e+02  5.43998721023075670900e+00  9.96399995203836510882e+02  8.19700591526827508915e+01  -1.27452487300895478395e-01  1.38717437546447705245e+05  2.50878208375350572169e+05  2.00000000000000000000e+00  2.69126651851851542152e-02  2.23869333337737515421e+02  1.33533130663424470796e+00  5.00000000000000027756e-02  4.62933333320750008966e+01  6.09999808000292298438e-01
1.06083333333333328596e+02  5.44002398081528770746e+00  9.96299947242206371811e+02  8.19099424460433027662e+01  3.71034885714567941317e-01  1.26250750069671543315e+05  2.39600671938025829149e+05  2.13313975279454570710e+00  2.70584433333334525851e-02  2.25246000005093065965e+02  1.27199836805222643576e+00  5.00000000000000027756e-02  4.58999999958091180474e+01  3.79999088009164487367e-01
1.06090277777777771462e+02  5.52001598721053188257e+00  9.96140057553957944947e+02  8.45799232613894389488e+01  2.36336037777472540711e+00  1.76782364489164901897e+05  2.14251947963905404322e+05  4.53691215775123524168e+00  2.67987211111112982875e-02  2.26307333335030307353e+02  1.23799945601743210943e+00  5.00000000000000027756e-02  4.50266666652702980400e+01  2.40000959992399454102e-01
1.06097222222222228538e+02  5.76001598721053209573e+00  9.96050038369305184460e+02  8.36897697841683338993e+01  2.40877043809495328119e+00  2.27313979260835098103e+05  1.88903223911094595678e+05  2.12175831463888364681e+00  2.65389988888886131646e-02  2.27368666664969708791e+02  1.20400054398256806110e+00  5.00000000000000027756e-02  4.41533333347297016758e+01  4.50000287997719849997e-01
1.06104166666666671404e+02  5.88999999999999968026e+00  9.95830081534772034502e+02  8.40404028776968203829e+01  2.11361527142813532265e+00  2.77845593520740396343e+05  1.63554499968396674376e+05  2.24422083480783784992e+00  2.63049344444450904079e-02  2.28429999994906950178e+02  1.17000163194777351272e+00  5.00000000000000027756e-02  4.32800000041908816684e+01  2.09999952000482326131e-01
1.06111111111111114269e+02  5.41998880895191170737e+00  9.95810011191048033652e+02  8.33700000000000045475e+01  1.21721094284792563656e+00  2.36822994638826930895e+05  1.57899557270597782917e+05  2.56692237067550976803e+00  2.71142862962967280682e-02  2.25522000009303127399e+02  1.24333098662912533428e+00  5.00000000000000027756e-02  4.30893333339433013407e+01  3.59999808000292298438e-01
1.06118055555555557135e+02  4.88989768185586370919e+00  9.95979891286971906084e+02  8.45799744204639694090e+01  1.01346125396818065312e+00  1.95800395756913465448e+05  1.52244614572798891459e+05  2.24509309155747338593e+00  2.79236381481483622591e-02  2.22614000004651558129e+02  1.31666549331456250727e+00  5.00000000000000027756e-02  4.28986666669716498745e+01  3.89999552003546912093e-01
1.06125000000000000000e+02  5.20999999999999996447e+00  9.95860000000000013642e+02  8.59399999999999977263e+01  -5.27824999999999988631e-01  1.54777796875000000000e+05  1.46589671875000000000e+05  2.89618178029953288188e+00  2.87329899999999999194e-02  2.19705999999999988859e+02  1.38999999999999990230e+00  5.00000000000000027756e-02  4.27079999999999984084e+01  3.40000000000000024425e-01
1.06131944444444442865e+02  5.14001278976801678766e+00  9.95890006394884039764e+02  8.71600191846520289118e+01  4.58278688887478802272e-01  1.44048229186654498335e+05  1.76292583278000587597e+05  2.55583599973026487362e+00  2.82412902645503942345e-02  2.20734666668312087268e+02  1.40266686933657536152e+00  5.00000000000000027756e-02  4.27526666667381149978e+01  3.89998208014187608406e-01
1.06138888888888885731e+02  5.26999200639422227255e+00  9.95780012789769216397e+02  8.74800447641923568654e+01  1.80993108254224632780e+00  1.33318661498308967566e+05  2.05995494681001204299e+05  6.83880736118013121683e+00  2.77495905291007885496e-02  2.21763333336624185677e+02  1.41533373867315104278e+00  5.00000000000000027756e-02  4.27973333334762244817e+01  3.39999984000024402242e-01
1.06145833333333328596e+02  5.34000479616305767649e+00  9.95890009592326123311e+02  8.83499808153477630412e+01  1.16166227618870587790e+00  1.22589093809963451349e+05  2.35698406084001791896e+05  3.68686122657568748906e+00  2.72578907936511863341e-02  2.22792000005793653372e+02  1.42800387187609012507e+00  5.00000000000000027756e-02  4.28419999945326566149e+01  3.49999664003376398380e-01
1.06152777777777771462e+02  5.28999360511578675670e+00  9.95930022382094648492e+02  8.81500127897684251366e+01  2.15338293967818561470e+00  3.46703937082349788398e+05  2.79301885335409198888e+05  4.51217858838671048716e+00  2.78238632804226546091e-02  2.23999333335263713707e+02  1.50866795729197500364e+00  5.00000000000000027756e-02  4.17026666648449975128e+01  3.49999552003546876566e-01
1.06159722222222228538e+02  5.22998081534736147802e+00  9.95750025579536895748e+02  8.84298816946420629392e+01  2.77096249206597411430e+00  5.70818781667650211602e+05  3.22905364664590801112e+05  6.40880042366977242807e+00  2.84158441005295282766e-02  2.25206666664736275152e+02  1.58933204270802486135e+00  5.00000000000000027756e-02  4.05633333351550007251e+01  3.69999776001773472700e-01
1.06166666666666671404e+02  5.06999520383694246561e+00  9.95770043165467541257e+02  8.85401342925656109628e+01  2.06822799523876232897e+00  7.94933624126669950783e+05  3.66508844067554280628e+05  2.40002147845799429504e+00  2.90078249206351911071e-02  2.26413999994206335487e+02  1.66999612812390973993e+00  5.00000000000000027756e-02  3.94240000054673416230e+01  3.39999904000964692230e-01
1.06173611111111114269e+02  4.92998880895191149420e+00  9.95660017585932678230e+02  8.86600463629135049359e+01  2.62688519047466417788e+00  6.38664207751113339327e+05  4.23330458545036206488e+05  6.74612578037296195532e+00  3.14994077777782655048e-02  2.25644000002463343435e+02  1.69133265065574556196e+00  5.00000000000000027756e-02  3.96266666660183020099e+01  1.69999840000243596094e-01
1.06180555555555557135e+02  4.63998721023198257285e+00  9.95630031974420035112e+02  8.96096674660315528627e+01  2.25612873968281757442e+00  4.82394791375556669664e+05  4.80152073022518074140e+05  2.00000000000000000000e+00  3.40867688888886882781e-02  2.24874000001231678425e+02  1.71266632532787266285e+00  5.00000000000000027756e-02  3.98293333330091527955e+01  3.19999616003040221468e-01
1.06187500000000000000e+02  4.73000000000000042633e+00  9.95539999999999963620e+02  8.96599999999999965894e+01  2.75128400000000006287e+00  3.26125375000000000000e+05  5.36973687500000000000e+05  2.00000000000000000000e+00  3.66741299999991179903e-02  2.24104000000000013415e+02  1.73399999999999998579e+00  5.00000000000000027756e-02  4.00319999999999964757e+01  2.80000000000000026645e-01
1.06194444444444442865e+02  4.85999360511599221013e+00  9.95560095923260064410e+02  9.00702941646643893137e+01  2.90985084762063062058e+00  2.72972093849017808679e+05  4.50812156410507974215e+05  4.26881627791960127638e+00  3.50647303333340779052e-02  2.25147333335002230115e+02  1.93933661871922446984e+00  5.00000000000000027756e-02  3.92759999987907235663e+01  1.60000127998986607647e-01
1.06201388888888885731e+02  4.77000319744231049413e+00  9.95540023980817295524e+02  9.19700047961634652438e+01  2.87368625395014509749e-01  2.19818812698035559151e+05  3.64650625321015890222e+05  2.00000000000000000000e+00  3.31297199166674660731e-02  2.26190666670004446814e+02  2.14467323743844895390e+00  5.00000000000000027756e-02  3.85199999975814435516e+01  2.10000143999780786164e-01
1.06208333333333328596e+02  4.65999520383694232351e+00  9.95510014388489139492e+02  9.33001007194242077958e+01  8.72665509522141724652e-01  1.66665531547053367831e+05  2.78489094231523806229e+05  2.57452278689927060995e+00  3.12744306349207537576e-02  2.27233999988550266380e+02  2.34998617644238905200e+00  5.00000000000000027756e-02  3.77639999992705952536e+01  1.69999952000482346115e-01
1.06215277777777771462e+02  4.50000319744210663941e+00  9.95490003197442092642e+02  9.51299488409262892219e+01  1.87332189206113164381e+00  1.21500391360209381673e+05  2.41487692777287476929e+05  3.03454158809200214009e+00  3.10002771957673915748e-02  2.24847999996185052396e+02  2.06199539214765925621e+00  5.00000000000000027756e-02  3.76119999997569678385e+01  2.40000287997719830013e-01
1.06222222222222228538e+02  4.41999360511578665012e+00  9.95470022382094725799e+02  9.65100095923263268105e+01  2.97189648888978430463e+00  7.63352512179156183265e+04  2.04486291597712552175e+05  4.34125459133190361172e+00  3.07261237566134638721e-02  2.22462000003814949878e+02  1.77400460785234059813e+00  5.00000000000000027756e-02  3.74600000002430348900e+01  2.69999328005320393675e-01
1.06229166666666671404e+02  4.39000479616305749886e+00  9.95470062350119746952e+02  9.73899712230216607622e+01  4.77921167619345244049e+00  3.11701120750258887711e+04  1.67484890479147870792e+05  2.00000000000000000000e+00  3.04449774603170117415e-02  2.20076000011449735894e+02  1.48601382355761124643e+00  5.00000000000000027756e-02  3.73080000007294074749e+01  8.00007679922825343244e-02
1.06236111111111114269e+02  4.42000159872115538917e+00  9.95440000000000054570e+02  9.78399920063942261095e+01  6.75123635396540588971e+00  1.64816918466683942825e+05  1.41386820215265237493e+05  6.00902362195145123280e+00  2.98794549735446751670e-02  2.20920666663964453846e+02  1.66466094924186891468e+00  5.00000000000000027756e-02  3.66026666689231348073e+01  1.59999920000121781394e-01
1.06243055555555557135e+02  4.42998721023198260838e+00  9.95430012789767943104e+02  9.76199744204639756617e+01  7.61041368888964431250e+00  2.98463724858341971412e+05  1.15288749951382618747e+05  2.01207809629188005829e+00  2.93139324867723351231e-02  2.21765333331982219534e+02  1.84333047462093446711e+00  5.00000000000000027756e-02  3.58973333344615639362e+01  2.59998080015201027404e-01
1.06250000000000000000e+02  4.40000000000000035527e+00  9.95500000000000000000e+02  9.75999999999999943157e+01  4.39297900000000041132e+00  4.32110531250000000000e+05  8.91906796875000000000e+04  2.00000000000000000000e+00  2.87484099999999985486e-02  2.22610000000000013642e+02  2.02199999999999979750e+00  5.00000000000000027756e-02  3.51920000000000001705e+01  2.50000000000000000000e-01
1.06256944444444442865e+02  4.39998721023198324787e+00  9.95410044764188000954e+02  9.74100319744200362493e+01  9.04059122857079699997e+00  3.83311323007573373616e+05  1.20024677025893528480e+05  2.00000000000000000000e+00  2.98335092063489182301e-02  2.21838666665432867831e+02  2.09066776535090959044e+00  5.00000000000000027756e-02  3.44826666655320366317e+01  1.79999616003040208145e-01
1.06263888888888885731e+02  4.41000479616346652278e+00  9.95470012789769270967e+02  9.67600111910480933375e+01  1.12454144285760069266e+01  3.34512114765146747231e+05  1.50858674364287056960e+05  2.00000000000000000000e+00  3.09186084126978379116e-02  2.21067333330865722019e+02  2.15933553070181893929e+00  5.00000000000000027756e-02  3.37733333310640730929e+01  1.60000239999634641386e-01
1.06270833333333328596e+02  4.37001918465222960464e+00  9.95420028776978256246e+02  9.61500287769783454905e+01  1.69056480952460788103e+01  2.85712906522720120847e+05  1.81692671702680585440e+05  2.09651864128671450160e+00  3.20037076190467575931e-02  2.20296000009891770333e+02  2.22803439889914844940e+00  5.00000000000000027756e-02  3.30639999941135656059e+01  2.49999280007235147316e-01
1.06277777777777771462e+02  4.51000319744210642625e+00  9.95469993605115860191e+02  9.64600063948842034733e+01  2.53036424444234384623e+01  3.30954010332357371226e+05  2.04226223916340823052e+05  2.63560846233320855703e+00  3.17574092063495072580e-02  2.22357333336629181986e+02  2.94467813296589397964e+00  5.00000000000000027756e-02  3.18373333313720259241e+01  7.00002879977198594341e-02
1.06284722222222228538e+02  4.40000000000000035527e+00  9.95360041566747440811e+02  9.65499616306947245903e+01  2.61841837777707340251e+01  3.76195114667642628774e+05  2.26759776083659176948e+05  3.17469828338080528596e+00  3.14783715079363091149e-02  2.24418666663370800052e+02  3.66132186703410589246e+00  5.00000000000000027756e-02  3.06106666686279744738e+01  1.60000000000000003331e-01
1.06291666666666671404e+02  4.39999040767388560624e+00  9.95519961630695547683e+02  9.61300959232611376137e+01  2.97904287142954835588e+01  4.21436218298961292021e+05  2.49293328221638104878e+05  3.71378810442729934138e+00  3.11993338095236799612e-02  2.26479999990108211705e+02  4.37796560110085142270e+00  5.39999980800045520368e-02  2.93840000058864312393e+01  2.19999280007235148426e-01
1.06298611111111114269e+02  4.37000000000000010658e+00  9.95340025579538519196e+02  9.55999744204615069521e+01  4.16692953968573505108e+01  3.40729551782640861347e+05  2.66585281314425403252e+05  4.25287792547379339680e+00  3.32757254444453545728e-02  2.25638666669358201489e+02  3.77335268297621206912e+00  5.00000000000000027756e-02  2.99319999982468658573e+01  9.00000479999269187292e-02
1.06305555555555557135e+02  4.49998721023198289259e+00  9.95489974420464022842e+02  9.59999616306959495660e+01  4.70114550158668720314e+01  2.60022885266320430674e+05  2.83877234407212701626e+05  2.90888031038033112452e+00  3.54708782222230706305e-02  2.24797333334679109385e+02  3.16867634148810584094e+00  5.00000000000000027756e-02  3.04799999991234322749e+01  7.99998080015201090687e-02
1.06312500000000000000e+02  4.54999999999999982236e+00  9.95399999999999977263e+02  9.63700000000000045475e+01  3.89514100000000027535e+01  1.79316218750000000000e+05  3.01169187500000000000e+05  2.29134549477987281563e+00  3.72596823809512103787e-02  2.23955999999999988859e+02  2.56400000000000005684e+00  5.00000000000000027756e-02  3.10279999999999986926e+01  5.00000000000000027756e-02
1.06319444444444442865e+02  4.54001278976801714293e+00  9.95380031974420035112e+02  9.77500511590720719823e+01  3.66878661269788679533e+01  1.63929182320330757648e+05  2.59440036536069412250e+05  2.00000000000000000000e+00  3.38111043386240817110e-02  2.20571999994587031324e+02  2.19199404790478169502e+00  5.00000000000000027756e-02  3.21426666684496566972e+01  1.10000000000000000555e-01
1.06326388888888885731e+02  4.86998241406729004410e+00  9.95380003197442306373e+02  9.74600031974423046677e+01  4.03986729047588042363e+01  1.48542145890661515296e+05  2.17710885572138824500e+05  2.00000000000000000000e+00  3.03625262962969495739e-02  2.17187999989174073789e+02  1.81998809580956288912e+00  5.00000000000000027756e-02  3.32573333368993147019e+01  2.39999999999999991118e-01
1.06333333333333328596e+02  4.99001438848917278079e+00  9.95449971223021748301e+02  9.61400191846522318428e+01  4.04702747142700189897e+01  1.33155109460992272943e+05  1.75981734608208236750e+05  2.00000000000000000000e+00  2.70557404761906997170e-02  2.13803999986432415881e+02  1.44799622412083772716e+00  5.00000000000000027756e-02  3.43719999995521163783e+01  1.19999136008682158461e-01
1.06340277777777771462e+02  5.24999680255789336059e+00  9.95389971223021007063e+02  9.64999968025578880315e+01  4.21071608888781767632e+01  1.84479687404353840975e+05  1.88934401017528667580e+05  3.41560106337605828841e+00  2.65611670634924197654e-02  2.10976666662146072895e+02  1.36933207470699946917e+00  5.00000000000000027756e-02  3.42786666665174379887e+01  1.89999968000253344202e-01
1.06347222222222228538e+02  5.32998401278946776216e+00  9.95359980815347398675e+02  9.60898721023157378340e+01  4.98601116824941144046e+01  2.35804265720646159025e+05  2.01887067732471332420e+05  3.23608399192566409397e+00  2.60665936507931267352e-02  2.08149333337853931880e+02  1.29066792529300045089e+00  5.00000000000000027756e-02  3.41853333334825606471e+01  2.99999552003546887669e-01
1.06354166666666671404e+02  5.25002877697834424708e+00  9.95270028776978278984e+02  9.45999664268585860327e+01  6.71373898095723689039e+01  2.87128843848876887932e+05  2.14839734520151861943e+05  3.40025334735064976854e+00  2.55744112698409568896e-02  2.05322000013567588894e+02  1.21200377587916241495e+00  5.00000000000000027756e-02  3.40920000004478822575e+01  1.99999760002411708371e-01
1.06361111111111114269e+02  5.45001278976924385944e+00  9.95230033573144282855e+02  9.28299680255768890902e+01  1.00888732698409313571e+02  3.04821395899251278024e+05  2.40812500096767907962e+05  2.00000000000000000000e+00  2.51794641798939698718e-02  2.12943333308951565641e+02  1.19666715734118289660e+00  5.00000000000000027756e-02  3.39306666671827912296e+01  6.99999840000243706006e-02
1.06368055555555557135e+02  5.77998081534797503167e+00  9.95240070343724141821e+02  9.18300319744200379546e+01  1.08443835873030025141e+02  3.22513947949625668116e+05  2.66785265673383953981e+05  7.99899319938795816398e+00  2.47845170899469863235e-02  2.20564666654475786345e+02  1.18133357867059141100e+00  5.00000000000000027756e-02  3.37693333335913976612e+01  2.89998144014694259063e-01
1.06375000000000000000e+02  5.86000000000000031974e+00  9.95259999999999990905e+02  9.11500000000000056843e+01  6.42080500000000000682e+01  3.40206500000000000000e+05  2.92758031250000000000e+05  1.02396431938498082559e+01  2.43895699999999993057e-02  2.28186000000000007049e+02  1.16599999999999992539e+00  5.39999999999999993894e-02  3.36079999999999969873e+01  3.49999999999999977796e-01
1.06381944444444442865e+02  5.85999360511599221013e+00  9.95250044764188032786e+02  9.07800191846520334593e+01  9.10673131745980981577e+01  4.61328687274364812765e+05  3.26287812437538290396e+05  1.46286318296726651766e+01  2.39368385185186396957e-02  2.27749333332634847693e+02  1.71200873613975623755e+00  5.00000000000000027756e-02  3.31106666658711432660e+01  2.09999616003040207035e-01
1.06388888888888885731e+02  5.83999360511537801699e+00  9.95359977617903837199e+02  8.99500031974423137626e+01  6.04479859207079570638e+01  5.82450874548729625531e+05  3.59817593625076580793e+05  2.63725520292733328631e+01  2.34841070370372766163e-02  2.27312666665269716759e+02  2.25801747227951210562e+00  5.00000000000000027756e-02  3.26133333317422895448e+01  3.09999856000219231600e-01
1.06395833333333328596e+02  5.81001438848917217683e+00  9.95369966426858582054e+02  8.92600911270980930112e+01  7.89822441428581782930e+01  7.03573061823094496503e+05  3.93347374812614871189e+05  1.80937271129517185386e+01  2.30313755555559170063e-02  2.26875999988419096098e+02  2.80400649579211824758e+00  5.00000000000000027756e-02  3.21160000019002964677e+01  2.79999856001447056109e-01
1.06402777777777771462e+02  6.02000959232631860374e+00  9.95399968025578914421e+02  8.89299968025578948527e+01  7.88906477460293444892e+01  7.29759541617866721936e+05  5.15197583106258825865e+05  1.65527901632757057371e+01  2.53231954497329485310e-02  2.24462666662808004503e+02  2.93933549859728016074e+00  5.00000000000000027756e-02  3.25120000006331650866e+01  2.00000031999746669120e-01
1.06409722222222228538e+02  6.15998401278946783322e+00  9.95180047961631544240e+02  8.85701278976842587554e+01  8.15224847935854768366e+01  7.55946020882133278064e+05  6.37047791893741115928e+05  2.01251746080841193987e+01  2.76825043121710114014e-02  2.22049333337191995952e+02  3.07466450140271962965e+00  7.86666616533665818967e-02  3.29079999993668366187e+01  3.09999392004813634216e-01
1.06416666666666671404e+02  6.00999520383694196823e+00  9.95210062350119756047e+02  8.93201822541961689694e+01  1.00636932761972900607e+02  7.82132499814597773366e+05  7.58897999531412380747e+05  1.35710630104707643540e+01  3.00418131746042482710e-02  2.19636000011580904356e+02  3.20999350420788154281e+00  1.09999984960035629422e-01  3.33039999980997052376e+01  2.50000143998552970537e-01
1.06423611111111114269e+02  6.13999040767306691890e+00  9.95240019184653874618e+02  8.92899856115096071107e+01  1.02329251428569335758e+02  7.48957520709731848910e+05  6.75051208020941587165e+05  1.22819804145156918906e+01  2.76064105555550477755e-02  2.18742666669524567169e+02  2.72201561624982035781e+00  9.40000051199903347010e-02  3.37826666651353448856e+01  1.40000063999902585321e-01
1.06430555555555557135e+02  6.08000639488400818067e+00  9.95290057553955989533e+02  8.97798784972038390606e+01  1.13799027619036152714e+02  7.15782541604865924455e+05  5.91204416510470793582e+05  1.18864325847446643536e+01  2.49292577777779807147e-02  2.17849333334762263803e+02  2.23400780812491017713e+00  7.80000025599951740674e-02  3.42613333325676734376e+01  5.00014719883458969019e-02
1.06437500000000000000e+02  6.12000000000000010658e+00  9.95120000000000004547e+02  9.10900000000000034106e+01  1.01475200000000000955e+02  6.82607562500000000000e+05  5.07357625000000000000e+05  1.00724872436758055017e+01  2.22521050000009101844e-02  2.16955999999999988859e+02  1.74599999999999999645e+00  6.19999999999999995559e-02  3.47400000000000019895e+01  2.09999999999999992228e-01
1.06444444444444442865e+02  6.30998081534797439218e+00  9.95320019184652096556e+02  9.13299552358119370865e+01  1.28510612380937374155e+02  9.73490707791455090046e+05  7.10032166289109853096e+05  1.30476907812164526490e+01  2.07409036666672159932e-02  2.13256666660749317543e+02  1.63466488530483600172e+00  7.86666693333283040257e-02  3.64713333361027309820e+01  1.10000255997973195310e-01
1.06451388888888885731e+02  6.66998081534613440624e+00  9.95259993605115369064e+02  9.06899616306922666809e+01  2.50761990952259310461e+02  1.26437385308291018009e+06  9.12706707578219706193e+05  1.13587012520817935979e+01  1.93201640833339238768e-02  2.09557333321498617806e+02  1.52332977060967200700e+00  9.53333386666565946177e-02  3.82026666722054528691e+01  2.40000031999951263240e-01
1.06458333333333328596e+02  7.17000479616305774755e+00  9.95299966426858532031e+02  8.84899616306955323353e+01  2.81944646190362277594e+02  1.55525699837436527014e+06  1.11538124886732944287e+06  3.88447155504153496253e+00  1.79449990476192623723e-02  2.05858000001218869102e+02  1.41200860772453107295e+00  1.11999995520010608985e-01  3.99340000036502260627e+01  3.60000047999517625019e-01
1.06465277777777771462e+02  7.33999360511578657906e+00  9.95319977617905351508e+02  8.74401598721053261443e+01  3.66647165714162156291e+02  1.50784395842169015668e+06  1.12310949998559802771e+06  1.13562531966824309393e+01  1.74737292063495454342e-02  2.06112000000406112576e+02  1.59133620257472130355e+00  1.02666665173343246709e-01  4.06946666678828918862e+01  3.50000671994679657395e-01
1.06472222222222228538e+02  7.56006075140002309354e+00  9.95240054356515770451e+02  8.70400671462842439041e+01  2.07727829841274228784e+02  1.46043091657830984332e+06  1.13083775001440197229e+06  1.13968765452186264753e+01  1.70024593650788674593e-02  2.06365999999593896064e+02  1.77066379742527857388e+00  9.33333348266567608409e-02  4.14553333321171066927e+01  4.09999840001266713241e-01
1.06479166666666671404e+02  7.81001438848917217683e+00  9.95140086330934991565e+02  8.70498417266191069075e+01  1.84524066190349884664e+02  1.41301787626106641255e+06  1.13856600096502155066e+06  1.43780487185982970288e+01  1.65388026190474990429e-02  2.06619999998781139539e+02  1.94999139227546880448e+00  8.40000044799893985648e-02  4.22159999963497725162e+01  3.20000191998070615540e-01
1.06486111111111114269e+02  7.89999680255768943482e+00  9.95090012789769275514e+02  8.80200223820961724641e+01  1.83807873492466370635e+02  1.63866695917404419743e+06  1.31124225064334762283e+06  1.14923888629627555247e+01  1.63847450793649998535e-02  2.04427333340348013735e+02  1.94266690133708741506e+00  8.53333329066674750596e-02  4.24873333324652975307e+01  2.60000031999951308759e-01
1.06493055555555557135e+02  7.95003836930405149985e+00  9.95080019184652087461e+02  8.69596418864955182926e+01  1.35869964126959416717e+02  1.86431604208702221513e+06  1.48391850032167369500e+06  1.36372115772370463560e+01  1.62306875396825006641e-02  2.02234666670173993452e+02  1.93533345066854378658e+00  8.66666664533337349763e-02  4.27586666662326493338e+01  2.79999680002533501977e-01
1.06500000000000000000e+02  7.70999999999999996447e+00  9.95210000000000036380e+02  8.76500000000000056843e+01  1.40460599999999999454e+02  2.08996512500000000000e+06  1.65659475000000000000e+06  1.10460427885387666436e+01  1.60766300000000014747e-02  2.00042000000000001592e+02  1.92799999999999993605e+00  8.79999999999999948930e-02  4.30300000000000011369e+01  4.89999999999999991118e-01
1.06506944444444442865e+02  7.87003197442004243101e+00  9.94970089528376092858e+02  8.80000255795360288857e+01  2.41241782222216215814e+02  2.26599216633875062689e+06  1.83128216634124633856e+06  9.97841382874166171746e+00  1.64915307936506841391e-02  2.00598666667557097298e+02  2.06466885336831484921e+00  9.86666683733301019821e-02  4.33086666671124120853e+01  4.60000000000000019984e-01
1.06513888888888885731e+02  8.21999360511537879859e+00  9.94980014388490417332e+02  8.68899776179038241253e+01  2.90003164921039569890e+02  2.44201920767750125378e+06  2.00596958268249267712e+06  1.23393637399923399300e+01  1.69064315873013668035e-02  2.01155333335114193005e+02  2.20133770673663020645e+00  1.09333336746660209071e-01  4.35873333342248301392e+01  6.10000223999658919283e-01
1.06520833333333328596e+02  8.19998081534776979140e+00  9.95039952038369392540e+02  8.74496498800968140586e+01  2.12259653809612558462e+02  2.61804624901625234634e+06  2.18065699902373878285e+06  1.26238166986231465927e+01  1.73213323809520494678e-02  2.01712000011260983001e+02  2.33799705609421248909e+00  1.19999995520010602212e-01  4.38659999985028008496e+01  6.69999568004341128358e-01
1.06527777777777771462e+02  8.17999040767367979754e+00  9.94990006394884176188e+02  8.72100031974421057157e+01  2.45349812380830883285e+02  2.22358975073509104550e+06  1.92013966715215495788e+06  1.64466907965061075458e+01  1.77191725396821167515e-02  2.04058666670418716649e+02  2.27666568536477953444e+00  1.10666665173343239936e-01  4.35539999995011442024e+01  6.49999680002533497536e-01
1.06534722222222228538e+02  8.21000319744210749207e+00  9.94880060751400037589e+02  8.65601087130316244611e+01  1.89264181587120020822e+02  1.82913324926490872167e+06  1.65962233284784504212e+06  1.17479590387575463240e+01  1.81165931746034604422e-02  2.06405333329581281987e+02  2.21533431463522045846e+00  1.01333334826656767946e-01  4.32420000004988551723e+01  7.09999200006333763824e-01
1.06541666666666671404e+02  8.32995203836942543774e+00  9.95019937649880262143e+02  8.65901199040764311121e+01  1.80180938095252344056e+02  1.43467674902346543968e+06  1.39910499918571114540e+06  1.99576032874259148286e+01  1.85140138095239888127e-02  2.08751999988739015635e+02  2.15400294390578750381e+00  9.20000044799893779146e-02  4.29300000014971985252e+01  5.59999424005788171144e-01
1.06548611111111114269e+02  8.20999360511537901175e+00  9.94910011191048056389e+02  8.69000271782596485082e+01  1.72619301746038331657e+02  1.25994041601564362645e+06  1.25340010362380743027e+06  4.74495782574152400457e+01  1.91570367500002725070e-02  2.09124666665474450156e+02  2.17133277865779339422e+00  9.19999999999999984457e-02  4.24806666681041491529e+01  4.49999872000194867105e-01
1.06555555555555557135e+02  8.09994884092793121511e+00  9.94929891286971837872e+02  8.71999232613919019741e+01  2.62440556825378337180e+02  1.08520408300782181323e+06  1.10769520806190371513e+06  5.19218311590384971055e+01  1.98124430000002522967e-02  2.09497333332737241562e+02  2.18866638932889667757e+00  9.19999999999999984457e-02  4.20313333340520784986e+01  4.40000703994426312082e-01
1.06562500000000000000e+02  8.06000000000000049738e+00  9.94850000000000022737e+02  8.84200000000000017053e+01  1.86204599999999999227e+02  9.10467750000000000000e+05  9.61990312500000000000e+05  6.87756237395172718152e+01  2.04809669047621920046e-02  2.09870000000000004547e+02  2.20599999999999996092e+00  9.19999999999999984457e-02  4.15820000000000007390e+01  2.99999999999999988898e-01
1.06569444444444442865e+02  7.85996163069594899753e+00  9.94920115107912124586e+02  8.99002494004763406110e+01  8.01509705079166678843e+01  8.07752958524677902460e+05  8.74369187663226970471e+05  2.58410097832050986710e+01  2.13185628042328670362e-02  2.11741333336326675862e+02  2.19133309866291225987e+00  1.09333336106661418996e-01  4.10233333324397051456e+01  3.69998208014187590642e-01
1.06576388888888885731e+02  7.60000479616346602540e+00  9.95009998401278835445e+02  9.23700783373366220985e+01  1.41964794285598060242e+02  7.05038167049355804920e+05  7.86748062826453940943e+05  4.10464039737454839951e+01  2.21561587037035455372e-02  2.13612666672653347177e+02  2.17666619732582500291e+00  1.26666672213322839546e-01  4.04646666648794095522e+01  2.60000047999926930942e-01
1.06583333333333328596e+02  7.94999040767388542861e+00  9.94750052757793582714e+02  8.99200287769783415115e+01  1.57789982380949908247e+02  6.02323375574033707380e+05  6.99126937989681027830e+05  3.18136306993435233892e+01  2.29484728571429062727e-02  2.15483999996576926605e+02  2.16199612812390995487e+00  1.43999980160046975319e-01  3.99060000007294064517e+01  2.20000095999035305550e-01
1.06590277777777771462e+02  8.27998081534736130038e+00  9.94730041566747445358e+02  8.99098625099894235291e+01  2.61753716507165222538e+02  4.63418838800522848032e+05  5.82720854383595753461e+05  3.15251182922504078476e+01  2.28426990476191249524e-02  2.14770666665526135830e+02  2.08133204270802485425e+00  1.02666660053377184481e-01  4.00580000002430338668e+01  1.80000479996199724830e-01
1.06597222222222228538e+02  8.17006714628423580393e+00  9.94659993605115801074e+02  8.92700255795368491363e+01  2.27046863809313379079e+02  3.24514301824477151968e+05  4.66314770616404246539e+05  2.88527882191173254967e+01  2.27369252380951250569e-02  2.14057333334473867126e+02  2.00066795729197499654e+00  6.13333399466228085251e-02  4.02099999997569668153e+01  3.19999520003800275170e-01
1.06604166666666671404e+02  8.24998561151082832055e+00  9.94870000000000004547e+02  9.03798273381299281937e+01  1.35823490952653344266e+02  1.85609765543759916909e+05  3.49908687234180630185e+05  4.61807671085429802815e+01  2.26227150793647177607e-02  2.13344000003423076350e+02  1.92000387187609011796e+00  5.00000000000000027756e-02  4.03619999992705942304e+01  2.09999760002411717252e-01
1.06611111111111114269e+02  8.17998561150960057375e+00  9.94850022382096199181e+02  9.19999696242980462557e+01  1.11474339365005334912e+02  1.71073062445839954307e+05  3.02344260239453753456e+05  6.07258912530928327556e+01  2.21654267195764767551e-02  2.12841333334941424482e+02  1.70467355744356829916e+00  5.00000000000000027756e-02  4.03600000000064014216e+01  1.09999984000024364494e-01
1.06618055555555557135e+02  8.15000639488400935306e+00  9.94959916866507910527e+02  9.26598017585957336451e+01  1.02789000000014922875e+02  1.56536359347919962602e+05  2.54779833244726876728e+05  7.41450962781643596600e+01  2.17081383597882392189e-02  2.12338666667470732818e+02  1.48933677872178416024e+00  5.00000000000000027756e-02  4.03580000000032015350e+01  5.00000000000000027756e-02
1.06625000000000000000e+02  8.23000000000000042633e+00  9.94830000000000040927e+02  9.31200000000000045475e+01  9.67746099999999955799e+01  1.41999656250000000000e+05  2.07215406250000000000e+05  8.66798386973052288340e+01  2.12508500000000016827e-02  2.11836000000000012733e+02  1.27400000000000002132e+00  5.99999999999999977796e-02  4.03560000000000016485e+01  5.00000000000000027756e-02
1.06631944444444442865e+02  8.09003197442004307050e+00  9.94879936051159916133e+02  9.32799872102319795886e+01  1.36796373968255124964e+02  1.18605481814413695247e+05  1.96659593769664119463e+05  8.94164724819033693848e+01  2.15319809523808781970e-02  2.12506000001071726047e+02  1.52600403206450274674e+00  5.00000000000000027756e-02  3.96973333322797472533e+01  9.00001919984798892660e-02
1.06638888888888885731e+02  8.21999520383653425881e+00  9.94710017585932746442e+02  9.28599968025576885111e+01  1.22126987936494089126e+02  9.52113073788273904938e+04  1.86103781289328268031e+05  7.94811351823695133589e+01  2.18131119047617581808e-02  2.13176000002143439360e+02  1.77800806412900547215e+00  5.00000000000000027756e-02  3.90386666645594999636e+01  8.99999680000487106701e-02
1.06645833333333328596e+02  8.12000959232611485561e+00  9.94769995203836970177e+02  9.33000815347719765214e+01  8.98680277142973409354e+01  7.18171329432410857407e+04  1.75547968808992387494e+05  7.43353885932288136473e+01  2.20942428571426346950e-02  2.13846000012127973378e+02  2.02999846404915418319e+00  5.00000000000000027756e-02  3.83799999962186078051e+01  9.99997120028940644776e-02
1.06652777777777771462e+02  8.01001918465263784697e+00  9.94780015987210504136e+02  9.36198752997578509394e+01  6.74993607619086048999e+01  6.82880377669933222933e+04  1.71012291675119136926e+05  6.90425333749788023852e+01  2.24048474603171302033e-02  2.16373333337374276653e+02  1.99799948801640647744e+00  5.00000000000000027756e-02  3.75919999987400714758e+01  1.09999872001013396239e-01
1.06659722222222228538e+02  7.95000000000000017764e+00  9.94770006394884148904e+02  9.42900287769789713366e+01  8.75794888571831080526e+01  6.47589427017566704308e+04  1.66476614574880863074e+05  7.68940256214963682169e+01  2.27161768253970504372e-02  2.18900666662625724257e+02  1.96600051198359326854e+00  6.59999964800233457352e-02  3.68040000012599293200e+01  5.00000000000000027756e-02
1.06666666666666671404e+02  7.93001918465222921384e+00  9.94909937649880248500e+02  9.42400143884891718926e+01  9.58034799524262865589e+01  6.12298476297128436272e+04  1.61940937473972386215e+05  8.69624298169721612339e+01  2.30275061904763322929e-02  2.21427999987872027532e+02  1.93400153595084556279e+00  8.79999894400250171067e-02  3.60160000037813929907e+01  1.29999280007235151757e-01
1.06673611111111114269e+02  7.98999840127884475294e+00  9.94699993605115423634e+02  9.43600127897692431134e+01  1.08778341904837020593e+02  5.64814179510585599928e+04  1.57283682274314924143e+05  8.79945299159667797539e+01  2.31719648148148403555e-02  2.23965999991880551079e+02  1.91266734934425453041e+00  8.20000019199963736671e-02  3.58393333338985158321e+01  5.00000000000000027756e-02
1.06680555555555557135e+02  7.88002557953603410823e+00  9.94600076738608095184e+02  9.38402749800123672230e+01  8.20081271745909674564e+01  5.17329882724042836344e+04  1.52626427074657462072e+05  1.07513860647102774237e+02  2.33080097883597778252e-02  2.26503999995940290546e+02  1.89133367467212720747e+00  7.60000009599981901642e-02  3.56626666669492564665e+01  5.00000000000000027756e-02
1.06687500000000000000e+02  7.71999999999999975131e+00  9.94590000000000031832e+02  9.45199999999999960210e+01  7.90492299999999943338e+01  4.69845585937500000000e+04  1.47969171875000000000e+05  1.03341347390271849349e+02  2.34440547619047152950e-02  2.29042000000000001592e+02  1.87000000000000010658e+00  7.00000000000000066613e-02  3.54859999999999971010e+01  7.00000000000000066613e-02
1.06694444444444442865e+02  7.80999360511599149959e+00  9.94610006394884067049e+02  9.47699552358119348128e+01  9.72980561587458936401e+01  5.25786523333289151196e+04  1.34075411484215641394e+05  9.99797167696067390352e+01  2.43596488888885090440e-02  2.30406000002181826858e+02  2.20533869875249965986e+00  7.40000006399988002892e-02  3.48086666655832175366e+01  1.09999296005573704571e-01
1.06701388888888885731e+02  7.90998880895191192053e+00  9.94599992006394245436e+02  9.46199552358076516612e+01  7.38489660318067393519e+01  5.81727460729078302393e+04  1.20181651093431282789e+05  8.98156598245584234519e+01  2.53357252777773704622e-02  2.31770000004363623702e+02  2.54067739750499965723e+00  7.80000012799975939171e-02  3.41313333311664450775e+01  9.99998080002922895559e-02
1.06708333333333328596e+02  7.65999040767388539308e+00  9.94609956834532454195e+02  9.55700863309350268082e+01  9.61363658569940895404e+01  6.37668398124867526349e+04  1.06287890702646924183e+05  8.45928044358141448811e+01  2.63595076190467209054e-02  2.33134000022259641582e+02  2.87601071965694377042e+00  8.19999859200333525155e-02  3.34539999993281824686e+01  9.00001919980706194258e-02
1.06715277777777771462e+02  7.53001598721053255758e+00  9.94380003197442078999e+02  9.70199840127894646002e+01  1.13332439682642316825e+02  5.40707825701524634496e+04  1.29865708289394780877e+05  7.44306450796656520197e+01  2.83294580158715975093e-02  2.37772666674083382077e+02  3.09933690655216231846e+00  5.26666619733644619794e-02  3.33139999997761577788e+01  5.00000000000000027756e-02
1.06722222222222228538e+02  7.67998721023157404630e+00  9.94409980815347353200e+02  9.64900383693052674516e+01  5.27275425396044639115e+01  4.43747252423475292744e+04  1.53443526085605204571e+05  7.13824695924998025021e+01  3.02994084127005021412e-02  2.42411333325916615422e+02  3.32266309344783739022e+00  5.00000000000000027756e-02  3.31740000002238417665e+01  6.00002239982265483942e-02
1.06729166666666671404e+02  7.56999520383694246561e+00  9.94240052757793591809e+02  9.70799664268585900118e+01  6.65282613809243343894e+01  3.46786680116052884841e+04  1.77021343632331583649e+05  6.71414894841836797923e+01  3.21549611111088887161e-02  2.47049999977740355916e+02  3.54598928034305593826e+00  5.00000000000000027756e-02  3.30340000006718170766e+01  5.00000000000000027756e-02
1.06736111111111114269e+02  7.49000319744231113361e+00  9.94309998401278789970e+02  9.72800127897692448187e+01  5.47190080317231988261e+01  4.23469844035701898974e+04  1.55966328046554379398e+05  6.56005533513090597353e+01  2.93583407407392582567e-02  2.38181333361705497964e+02  2.93868610164424381992e+00  5.00000000000000027756e-02  3.31319999996864851255e+01  5.00000000000000027756e-02
1.06743055555555557135e+02  7.61000639488400842936e+00  9.94250051159072086193e+02  9.82799616306959507028e+01  4.41357487301655666556e+01  5.00153007955350985867e+04  1.34911312460777175147e+05  6.17200013057389966775e+01  2.65617203703696277972e-02  2.29312666680852743184e+02  2.33134305082212200944e+00  5.00000000000000027756e-02  3.32299999998432440407e+01  9.99991040070938030926e-02
1.06750000000000000000e+02  7.65000000000000035527e+00  9.94070000000000050022e+02  9.87000000000000028422e+01  5.09257300000000014961e+01  5.76836171875000000000e+04  1.13856296875000000000e+05  6.33586842876200790897e+01  2.37651000000000008072e-02  2.20443999999999988404e+02  1.72399999999999997691e+00  5.00000000000000027756e-02  3.33280000000000029559e+01  2.09999999999999992228e-01
1.06756944444444442865e+02  7.74000000000000021316e+00  9.94129929656275862726e+02  9.81499616306959552503e+01  3.38667161587335243667e+01  7.65780885064686735859e+04  1.14686179685954033630e+05  5.79546593247510841707e+01  2.28432250000002445844e-02  2.18940666664261954111e+02  1.68599939199027337722e+00  5.00000000000000027756e-02  3.34113333334666364749e+01  5.00000000000000027756e-02
1.06763888888888885731e+02  7.82999200639422276993e+00  9.94009979216624969922e+02  9.73600047961634658122e+01  3.76898499365014671980e+01  9.54725598254373471718e+04  1.15516062496908067260e+05  5.77502876247158098977e+01  2.19213500000004883617e-02  2.17437333328523948239e+02  1.64799878398054677753e+00  5.00000000000000027756e-02  3.34946666669332628885e+01  5.00000000000000027756e-02
1.06770833333333328596e+02  7.81999040767388553519e+00  9.93869995203836992914e+02  9.68100143884891792823e+01  2.97898595238282553055e+01  1.14367031144406035310e+05  1.16345945307862100890e+05  6.10707460034961542306e+01  2.09994750000007321389e-02  2.15934000002149815600e+02  1.60999913602764932463e+00  5.00000000000000027756e-02  3.35780000012412713772e+01  8.99996640033763894984e-02
1.06777777777777771462e+02  7.81001598721053191809e+00  9.94019977617905283296e+02  9.68000127897684166101e+01  1.61502531111662257501e+01  7.00285144055439159274e+04  1.05151018250029024784e+05  6.02432205806370433265e+01  2.05620271428575938921e-02  2.16382000000716288923e+02  1.59199971200922885117e+00  5.00000000000000027756e-02  3.38366666670802516137e+01  5.00000000000000027756e-02
1.06784722222222228538e+02  7.71000959232631899454e+00  9.93920028776978938367e+02  9.61900639488421234091e+01  1.33537103809389687825e+01  2.56899973132060840726e+04  9.39560911249709752155e+04  6.78840178995548200191e+01  2.01364914285711224529e-02  2.16829999999283700163e+02  1.57400028799077129626e+00  5.00000000000000027756e-02  3.40953333329197505464e+01  5.00000000000000027756e-02
1.06791666666666671404e+02  7.59999040767388489570e+00  9.93909980815347694261e+02  9.77799472422063757904e+01  9.22829627141693364933e+00  -1.86485194258676056052e+04  8.27611640111422020709e+04  7.71406568885144423575e+01  1.97109557142855218448e-02  2.17277999997850173486e+02  1.55600086397235082281e+00  5.00000000000000027756e-02  3.43539999987587307828e+01  5.00000000000000027756e-02
1.06798611111111114269e+02  7.50000000000000000000e+00  9.93889977617903809914e+02  9.84000047961634720650e+01  8.30173506507642500196e+00  2.08092518171597475884e+02  7.35714491845114680473e+04  9.01794676618017376768e+01  1.95166081944443715879e-02  2.15754000004875479135e+02  1.56999955199283314222e+00  5.00000000000000027756e-02  3.40553333342888109314e+01  5.99999200001217897205e-02
1.06805555555555557135e+02  7.36001278976801742715e+00  9.93870051159072090741e+02  9.87599936051159943418e+01  5.41906480952183855493e+00  1.90647044622108005569e+04  6.43817343578807340236e+04  9.57751774425785242784e+01  1.93339172222221529485e-02  2.14230000002437748208e+02  1.58399977599641661463e+00  5.00000000000000027756e-02  3.37566666671444082226e+01  1.09999168006587114133e-01
1.06812500000000000000e+02  7.28000000000000024869e+00  9.93909999999999968168e+02  9.90199999999999960210e+01  4.26669500000000034845e+00  3.79213164062500000000e+04  5.51920195312500000000e+04  9.93165912270443129728e+01  1.91564416666666313682e-02  2.12705999999999988859e+02  1.59800000000000008704e+00  5.00000000000000027756e-02  3.34579999999999984084e+01  1.30000000000000004441e-01
1.06819444444444442865e+02  7.26999360511599146406e+00  9.94279993605115919308e+02  9.93200127897680147271e+01  2.33573242857154905749e+00  3.42523574287098017521e+04  5.91366406176516757114e+04  9.56474173482192639995e+01  1.90461870370370288386e-02  2.11729333331771073290e+02  1.57333293866035295316e+00  5.00000000000000027756e-02  3.29919999992545953660e+01  5.99996160030401987084e-02
1.06826388888888885731e+02  7.20000639488462201854e+00  9.94270009592326914571e+02  9.95199968025576851005e+01  1.94844313968142079929e+00  3.05833984511696035042e+04  6.30812617040533514228e+04  1.04224368657825181117e+02  1.89359324074074297783e-02  2.10752666663542157721e+02  1.54866587732070581929e+00  5.00000000000000027756e-02  3.25259999985091994290e+01  5.00000000000000027756e-02
1.06833333333333328596e+02  7.12999040767388514439e+00  9.94239956834532449648e+02  9.96900047961630519922e+01  1.65813535237943865397e+00  2.69144394736294052564e+04  6.70258827904550271342e+04  1.11843295035399506787e+02  1.88141995238096833287e-02  2.09776000006103970463e+02  1.52399689609933264300e+00  5.00000000000000027756e-02  3.20599999983556429584e+01  6.99991840081998356604e-02
1.06840277777777771462e+02  7.05998401278946730031e+00  9.94019993605115814717e+02  9.98699968025578925790e+01  1.45631561269829057359e+00  2.07518128370052254468e+04  5.46336992418435111176e+04  1.16152126504081365965e+02  1.84648146031748533469e-02  2.11048000002033802502e+02  1.45933229869982161730e+00  5.00000000000000027756e-02  3.17173333327854471975e+01  5.00000000000000027756e-02
1.06847222222222228538e+02  6.98000000000000042633e+00  9.94000019184652614967e+02  1.00000000000000000000e+02  1.40093641269991842080e+00  1.45891861864322745532e+04  4.22415156019064888824e+04  1.20791910591788180795e+02  1.81154296825393121284e-02  2.12319999997966220917e+02  1.39466770130017847507e+00  5.00000000000000027756e-02  3.13746666672145551047e+01  5.00000000000000027756e-02
1.06854166666666671404e+02  6.92000959232611467797e+00  9.93900043165467536710e+02  1.00000000000000000000e+02  1.43340254761750807155e+00  8.42655952062358301191e+03  2.98493319906379329041e+04  1.11054495868139241566e+02  1.77660999206346453816e-02  2.13591999993896052956e+02  1.33000310390066744937e+00  5.00000000000000027756e-02  3.10320000016443628965e+01  5.00000000000000027756e-02
1.06861111111111114269e+02  6.90000000000000035527e+00  9.94070017585932760085e+02  1.00000000000000000000e+02  1.03023092063394394735e+00  -4.64533236250945265056e+02  2.25824067112065386027e+04  1.06088223850640730461e+02  1.74190132804230984886e-02  2.13500666666958863971e+02  1.30000096001535792034e+00  5.00000000000000027756e-02  3.07600000008701677245e+01  5.00000000000000027756e-02
1.06868055555555557135e+02  6.85000639488400775434e+00  9.94100006394884076144e+02  1.00000000000000000000e+02  1.03319990476164802473e+00  -9.35562599312547172303e+03  1.53154814317751443014e+04  9.00052760744258364412e+01  1.70719266402115481263e-02  2.13409333333479452222e+02  1.27000048000767895573e+00  5.00000000000000027756e-02  3.04880000004350861786e+01  5.00000000000000027756e-02
1.06875000000000000000e+02  6.76999999999999957367e+00  9.94250000000000000000e+02  1.00000000000000000000e+02  1.16309900000000010500e+00  -1.82467187500000000000e+04  8.04855615234375000000e+03  8.57166792536708470607e+01  1.67248400000000012333e-02  2.13318000000000012051e+02  1.23999999999999999112e+00  5.00000000000000027756e-02  3.02160000000000010800e+01  5.00000000000000027756e-02
1.06881944444444442865e+02  6.72999360511599231671e+00  9.94039980815347917087e+02  1.00000000000000000000e+02  9.82530371428870230588e-01  -2.04419596313272122643e+04  9.97036457975324992731e+03  7.99732100146778748240e+01  1.61534411904763440526e-02  2.11038666663020705982e+02  1.19799932798924957389e+00  5.00000000000000027756e-02  2.99566666662518450437e+01  5.00000000000000027756e-02
1.06888888888888885731e+02  6.70000000000000017764e+00  9.94210012789769280062e+02  1.00000000000000000000e+02  8.63496358730484359079e-01  -2.26372005126544245286e+04  1.18921730071627480356e+04  6.83865601478161693194e+01  1.55820423809526851372e-02  2.08759333326041399914e+02  1.15599865597849915666e+00  5.00000000000000027756e-02  2.96973333325036890074e+01  5.00000000000000027756e-02
1.06895833333333328596e+02  6.62999040767388514439e+00  9.94150033573141399756e+02  1.00000000000000000000e+02  1.37630422381162786927e+00  -2.48324413939816367929e+04  1.38139814345722479629e+04  6.95983030207751340868e+01  1.50106435714290262218e-02  2.06479999995873100715e+02  1.11400147195289389579e+00  5.00000000000000027756e-02  2.94379999996768866311e+01  7.99995680043410900550e-02
1.06902777777777771462e+02  6.59999999999999964473e+00  9.94089987210231583958e+02  1.00000000000000000000e+02  1.43530572063715888831e+00  -1.70534931785589942592e+04  9.86893567629712197231e+03  6.42435836363387267056e+01  1.48421384656086344928e-02  2.05619999998624962245e+02  1.14466715731761037311e+00  5.00000000000000027756e-02  2.93706666665590070409e+01  9.99998080015201129545e-02
1.06909722222222228538e+02  6.60998081534736137144e+00  9.94049977617905256011e+02  1.00000000000000000000e+02  1.53727689206113171672e+00  -9.27454490737850392179e+03  5.92388988522631643718e+03  6.24599652606552027123e+01  1.46835405820104677316e-02  2.04760000001375033207e+02  1.17533284268238968906e+00  5.00000000000000027756e-02  2.93033333334409924475e+01  7.00001919984798992580e-02
1.06916666666666671404e+02  6.49000479616305803177e+00  9.93979971223021721016e+02  1.00000000000000000000e+02  1.21425496190530068930e+00  -1.49559663883912821802e+03  1.97884416929906342375e+03  5.89893316106545171351e+01  1.45249426984126270984e-02  2.03900000004126894737e+02  1.20599852804710616638e+00  5.00000000000000027756e-02  2.92360000003231128574e+01  5.00000000000000027756e-02
1.06923611111111114269e+02  6.46999680255768883086e+00  9.93780036770586548300e+02  1.00000000000000000000e+02  1.56535430476105008601e+00  5.81361200639891558239e+03  1.14781747586993751611e+04  5.93904338905208106780e+01  1.43648746296295998920e-02  2.04793333330475434195e+02  1.15400166402662018861e+00  5.00000000000000027756e-02  2.92639999999104247763e+01  1.09999856000219220498e-01
1.06930555555555557135e+02  6.44001278976801749820e+00  9.93710076738608108826e+02  1.00000000000000000000e+02  1.54885603174667130233e+00  1.31228206516369591554e+04  2.09775053480996866710e+04  5.39055373407215370207e+01  1.42047324338624453982e-02  2.05686666665237737561e+02  1.10200083201331011651e+00  5.00000000000000027756e-02  2.92919999999552125303e+01  5.00000000000000027756e-02
1.06937500000000000000e+02  6.46999999999999975131e+00  9.93809999999999945430e+02  1.00000000000000000000e+02  1.30222600000000010567e+00  2.04320292968750000000e+04  3.04768359375000000000e+04  5.06144741885876356946e+01  1.40445902380952926392e-02  2.06580000000000012506e+02  1.05000000000000004441e+00  5.00000000000000027756e-02  2.93200000000000002842e+01  5.00000000000000027756e-02
1.06944444444444442865e+02  6.55001278976801692977e+00  9.93759999999999990905e+02  1.00000000000000000000e+02  1.87690980634962567564e+00  1.85119925165976164863e+04  3.11114648425677660271e+04  5.08525658666024114041e+01  1.38844865555556168379e-02  2.05668666665208917266e+02  1.01399942399078524247e+00  5.00000000000000027756e-02  2.89646666660982852193e+01  5.99999999999999977796e-02
1.06951388888888885731e+02  6.54999360511537798146e+00  9.93759998401278835445e+02  1.00000000000000000000e+02  1.72591488412631255400e+00  1.65919557363202329725e+04  3.17460937476355356921e+04  4.26186583858829024507e+01  1.37243858611111775592e-02  2.04757333330417850448e+02  9.77998847981570551546e-01  5.00000000000000027756e-02  2.86093333321965701543e+01  5.00000000000000027756e-02
1.06958333333333328596e+02  6.49000000000000021316e+00  9.93720038369304461412e+02  1.00000000000000000000e+02  1.31406914285965714662e+00  1.46719189560428494588e+04  3.23807226527033017192e+04  4.50276367851142111931e+01  1.35623947619048518948e-02  2.03845999992750734009e+02  9.41997664074755491903e-01  5.00000000000000027756e-02  2.82540000017787278352e+01  5.00000000000000027756e-02
1.06965277777777771462e+02  6.48999680255789357375e+00  9.93650031974421040104e+02  1.00000000000000000000e+02  1.41980630476105007531e+00  1.56698717429319276562e+04  2.21175893339045578614e+04  3.84599285173532976501e+01  1.33629106349207778248e-02  2.02335333330917933381e+02  8.93332554691618319076e-01  5.00000000000000027756e-02  2.86246666672593228498e+01  1.39999968000253355305e-01
1.06972222222222228538e+02  6.45000000000000017764e+00  9.93600047961631617000e+02  1.00000000000000000000e+02  1.30971380953019833626e+00  1.66678245461305741628e+04  1.18544559541813832766e+04  4.70875180305577458739e+01  1.31634265079362960948e-02  2.00824666669082063208e+02  8.44667445308381670266e-01  5.00000000000000027756e-02  2.89953333327406781450e+01  1.19999328005320343715e-01
1.06979166666666671404e+02  6.45999040767388521544e+00  9.93719956834532467838e+02  1.00000000000000000000e+02  1.82821660952519504661e+00  1.76657773058062521159e+04  1.59132268667421021746e+03  4.14817506611536259697e+01  1.29637075396823731044e-02  1.99314000007249262580e+02  7.96002335925244497439e-01  5.00000000000000027756e-02  2.93659999982212731595e+01  5.00000000000000027756e-02
1.06986111111111114269e+02  6.50000639488462184090e+00  9.93550011191048042747e+02  1.00000000000000000000e+02  1.97829362380771289764e+00  1.08763078360322942899e+04  1.14038160359078065085e+04  3.94385482547328507508e+01  1.27544383597882476922e-02  1.97282666673165209659e+02  7.78667221342206783419e-01  5.00000000000000027756e-02  2.90346666677266505019e+01  5.00000000000000027756e-02
1.06993055555555557135e+02  6.57000000000000028422e+00  9.93640012789767979484e+02  1.00000000000000000000e+02  1.46414955873044694279e+00  4.08683836625833464495e+03  2.12163093851414050732e+04  3.50705264533249305714e+01  1.25451691798941240147e-02  1.95251333336582604261e+02  7.61333610671103389045e-01  5.00000000000000027756e-02  2.87033333338633269705e+01  8.00007039944262837716e-02
1.07000000000000000000e+02  6.58999999999999985789e+00  9.93690000000000054570e+02  1.00000000000000000000e+02  8.74144000000000032102e-01  -2.70263110351562500000e+03  3.10288027343750000000e+04  3.76856089306084314217e+01  1.23359000000000003372e-02  1.93219999999999998863e+02  7.43999999999999994671e-01  5.00000000000000027756e-02  2.83719999999999998863e+01  5.00000000000000027756e-02
