#                     time          SMEAR_TEMP_168.dat             SMEAR_PRESS.dat                SMEAR_RH.dat               SMEAR_SWR.dat                SA_tower.dat               SA_ground.dat                     NH3.dat                SMEAR_CS.dat            SMEAR_GAS_CO.dat           SMEAR_GAS_NO2.dat            SMEAR_GAS_NO.dat            SMEAR_GAS_O3.dat           SMEAR_GAS_SO2.dat
1.02000000000000000000e+02  2.16999999999999992895e+00  1.00794000000000005457e+03  3.93100000000000022737e+01  -1.75642100000000001003e+00  1.55753812500000000000e+05  2.48776437500000000000e+05  2.13323467467090477356e+00  4.50810000000000012793e-03  1.71933999999999997499e+02  2.72000000000000019540e-01  5.00000000000000027756e-02  4.95739999999999980673e+01  2.30000000000000009992e-01
1.02006944444444442865e+02  2.06997442046396606941e+00  1.00795996802557999672e+03  3.95598976818558654145e+01  -1.60232558730158203275e+00  1.49118921887359960238e+05  2.25776770876178779872e+05  2.00000000000000000000e+00  4.72501798941793189207e-03  1.71207333332170975382e+02  2.78666773335039752446e-01  5.00000000000000027756e-02  4.93673333330027546140e+01  5.00000000000000027756e-02
1.02013888888888885731e+02  2.16998880895191170737e+00  1.00785000639488464458e+03  3.96599856115095974474e+01  -1.45472832222285308745e+00  1.42484031274719920475e+05  2.02777104252357559744e+05  2.46054391047301557194e+00  4.94193597883586365621e-03  1.70480666664341953265e+02  2.85333546670079485352e-01  5.00000000000000027756e-02  4.91606666660055111606e+01  3.19999776000341018545e-01
1.02020833333333328596e+02  1.93995203836942620157e+00  1.00784007194244588845e+03  4.01400959232611498351e+01  -1.62218654761750813442e+00  1.35849140662079851609e+05  1.79777437628536339616e+05  2.00000000000000000000e+00  5.15885396825379542035e-03  1.69753999993435343185e+02  2.91998944033793561559e-01  5.00000000000000027756e-02  4.89539999999072250603e+01  1.20000335996623602730e-01
1.02027777777777771462e+02  1.87002238209474547226e+00  1.00776999360511581472e+03  4.06499999999999985789e+01  -1.26618546031697198906e+00  1.29681867198993044440e+05  2.14136947852635843446e+05  2.00000000000000000000e+00  5.07793703703713055625e-03  1.68385999997812717766e+02  2.69999648011279513860e-01  5.00000000000000027756e-02  4.89346666666357563713e+01  1.90000191998479894817e-01
1.02034722222222228538e+02  1.83001918465263901936e+00  1.00767998721023150210e+03  4.00099776179052497582e+01  -1.14853140952372800854e+00  1.23514593738506955560e+05  2.48496458397364156554e+05  2.00000000000000000000e+00  4.98969629629623240286e-03  1.67018000002187278596e+02  2.48000351988720474372e-01  5.00000000000000027756e-02  4.89153333333642450498e+01  2.20000255997973209743e-01
1.02041666666666671404e+02  2.11994244604331161241e+00  1.00772995683453245874e+03  4.01599040767388473228e+01  -1.75844988095266319128e+00  1.17347320330710354028e+05  2.82855968617447826546e+05  2.00000000000000000000e+00  4.90145555555551552807e-03  1.65650000006564653177e+02  2.26001055966206426673e-01  5.00000000000000027756e-02  4.88960000000927763608e+01  1.19999904000964677242e-01
1.02048611111111114269e+02  1.96000479616346634515e+00  1.00788000799360577275e+03  4.02900271782596419712e+01  -1.45026725555510793697e+00  1.20605791678806897835e+05  2.59137729078298551030e+05  2.00000000000000000000e+00  4.67455447222212515379e-03  1.65854666666011922871e+02  2.48665941321729644375e-01  5.00000000000000027756e-02  4.90526666661654644486e+01  5.00000000000000027756e-02
1.02055555555555557135e+02  1.66003836930405079819e+00  1.00790995523581193538e+03  4.08500511590720662980e+01  -1.49159436825374269731e+00  1.23864263026903456193e+05  2.35419489539149275515e+05  2.00000000000000000000e+00  4.44066211111102115972e-03  1.66059333333005952227e+02  2.71332970660864813972e-01  5.00000000000000027756e-02  4.92093333330827320538e+01  2.99999680002533519740e-01
1.02062500000000000000e+02  1.76000000000000000888e+00  1.00776999999999998181e+03  4.11199999999999974420e+01  -1.58090799999999997993e+00  1.27122734375000000000e+05  2.11701250000000000000e+05  2.00000000000000000000e+00  4.21782428571425803410e-03  1.66264000000000010004e+02  2.93999999999999983569e-01  5.00000000000000027756e-02  4.93659999999999996589e+01  2.39999999999999991118e-01
1.02069444444444442865e+02  1.61000639488400865140e+00  1.00800989768185581852e+03  4.19499424460439271911e+01  -1.64584026666638871816e+00  1.23230125007251437637e+05  1.98395583358120085904e+05  2.00000000000000000000e+00  4.13746714285713641790e-03  1.69610666672019902990e+02  2.79333098662912504562e-01  5.00000000000000027756e-02  4.91806666663702145570e+01  1.80000127998986597655e-01
1.02076388888888885731e+02  1.31000159872115551352e+00  1.00792002717825960190e+03  4.26799872102307560340e+01  -1.43112316666693106804e+00  1.19337515639502875274e+05  1.85089916716240200913e+05  2.00000000000000000000e+00  4.05711000000001480170e-03  1.72957333344039824397e+02  2.64666197325825081066e-01  5.00000000000000027756e-02  4.89953333327404294550e+01  1.49999999999999994449e-01
1.02083333333333328596e+02  1.26998561151082789422e+00  1.00795004796163061656e+03  4.34301151079133802568e+01  -1.10804007619006572583e+00  1.15444906271754298359e+05  1.71784250074360286817e+05  2.00000000000000000000e+00  3.98217444444442982693e-03  1.76304000000278335847e+02  2.49999904003072148662e-01  5.00000000000000027756e-02  4.88099999966312978472e+01  3.69998944010611507949e-01
1.02090277777777771462e+02  1.16999680255789351158e+00  1.00808995203836843757e+03  4.43599392485999786118e+01  -8.23242771428815633961e-01  1.06434085954292153474e+05  1.53476658888283855049e+05  2.00000000000000000000e+00  4.01476703703701389564e-03  1.76362000000092734808e+02  2.47999968001025417053e-01  5.00000000000000027756e-02  4.81079999988775810493e+01  2.19999872001013396794e-01
1.02097222222222228538e+02  1.04999040767368057026e+00  1.00793997122302107528e+03  4.48999840127894671582e+01  -1.30306849206597430424e+00  9.74232656082078465261e+04  1.35169067674216144951e+05  2.50003039961958428705e+00  4.04735962962966388384e-03  1.76419999999907275878e+02  2.46000031998974577618e-01  5.00000000000000027756e-02  4.74060000011224218497e+01  2.19999808001520108514e-01
1.02104166666666671404e+02  1.13998561151082777876e+00  1.00798992326139114084e+03  4.44501726618700701010e+01  -1.70530581428507299613e+00  8.84124453715809067944e+04  1.16861476786535349675e+05  2.00000000000000000000e+00  4.07732444444438343195e-03  1.76477999999721674840e+02  2.44000095996927846009e-01  5.00000000000000027756e-02  4.67040000033687050518e+01  9.99996640033763983801e-02
1.02111111111111114269e+02  1.18999520383653356603e+00  1.00792000159872111453e+03  4.63700335731442621068e+01  -1.54863792222124563303e+00  9.89840937893872614950e+04  1.56949270982690242818e+05  2.00000000000000000000e+00  4.00042629629625539484e-03  1.72742666678616558329e+02  2.40000128002047702358e-01  5.00000000000000027756e-02  4.69199999993089846839e+01  1.59999952000073081271e-01
1.02118055555555557135e+02  1.38001918465202533248e+00  1.00789005115907207255e+03  4.79498848920878515401e+01  -1.76281482539683587163e+00  1.09555742207193630747e+05  1.97037065178845106857e+05  2.00000000000000000000e+00  3.92352814814812822508e-03  1.69007333339308274844e+02  2.36000064001023857063e-01  5.00000000000000027756e-02  4.71359999996544871692e+01  4.00000447996453123434e-01
1.02125000000000000000e+02  1.09000000000000007994e+00  1.00799000000000000909e+03  4.86799999999999997158e+01  -1.92123299999999996857e+00  1.20127390625000000000e+05  2.37124859375000000000e+05  2.00000000000000000000e+00  3.84663000000000018797e-03  1.65271999999999991360e+02  2.32000000000000011768e-01  5.00000000000000027756e-02  4.73519999999999967599e+01  2.89999999999999980016e-01
1.02131944444444442865e+02  7.20025579536033966122e-01  1.00791007673860804061e+03  4.89201023181441385645e+01  -1.39596224761938314529e+00  1.08582377625673558214e+05  2.39777380203392036492e+05  2.00000000000000000000e+00  3.77490050264552186310e-03  1.68558666671923930380e+02  2.29999967999488075243e-01  5.00000000000000027756e-02  4.75660000003423064641e+01  1.40000191998479905919e-01
1.02138888888888885731e+02  5.60000000000000053291e-01  1.00800997282174034808e+03  4.95399568345288017213e+01  -8.42452409523728129592e-01  9.70373646263471164275e+04  2.42429901031784043880e+05  2.00000000000000000000e+00  3.70317100529104353823e-03  1.71845333343847869401e+02  2.27999935998976166474e-01  5.00000000000000027756e-02  4.77800000006846161682e+01  3.39999984000024402242e-01
1.02145833333333328596e+02  1.79980815347770467527e-01  1.00805998081534767152e+03  5.10699808153477690098e+01  -1.25932618571559418186e+00  8.54923516270206600893e+04  2.45082421860176080372e+05  2.00000000000000000000e+00  3.63144150793656477968e-03  1.75131999999539317514e+02  2.26000095996927857778e-01  5.00000000000000027756e-02  4.79939999989346830489e+01  2.20000095999035305550e-01
1.02152777777777771462e+02  5.00063948842129624150e-02  1.00795001918465266044e+03  5.16599840127894651687e+01  -1.18681379047464408139e+00  8.53436953127770248102e+04  2.33339885438549536048e+05  2.00000000000000000000e+00  3.79505904761886754886e-03  1.75035999999846495712e+02  2.28000031998974589387e-01  5.00000000000000027756e-02  4.77719999996450468416e+01  1.40000447996453114552e-01
1.02159722222222228538e+02  -1.60003197442106476212e-01  1.00790000959232634159e+03  5.16999712230210448638e+01  -8.30017107938868181627e-01  8.51950390622229751898e+04  2.21597348936450463952e+05  2.00000000000000000000e+00  3.96446380952393106351e-03  1.74940000000153503379e+02  2.29999968001025428821e-01  5.00000000000000027756e-02  4.75500000003549558869e+01  1.30000671994679656285e-01
1.02166666666666671404e+02  -2.09999999999999992228e-01  1.00777006714628282680e+03  5.22098992805757973201e+01  -1.54192134285829762774e+00  8.50463828335933794733e+04  2.09854812325730745215e+05  2.00000000000000000000e+00  4.13386857142864806713e-03  1.74844000000460681576e+02  2.31999904003072160430e-01  5.00000000000000027756e-02  4.73280000010653196796e+01  1.70000767992282530994e-01
1.02173611111111114269e+02  -2.30007993605777227852e-01  1.00785002238209619918e+03  5.15099872102307543287e+01  -1.41815785872969080117e+00  8.88207291807289147982e+04  1.78671921758820506511e+05  2.00000000000000000000e+00  4.11468981481480887419e-03  1.72799333339874522153e+02  2.78665173309443403582e-01  5.00000000000000027756e-02  4.72453333335977987417e+01  1.00000143999780785609e-01
1.02180555555555557135e+02  -4.89948840927932116607e-01  1.00787996802557995579e+03  5.16900511590720626032e+01  -1.46105858730158200132e+00  9.25950755278644646751e+04  1.47489031191910238704e+05  2.00000000000000000000e+00  4.08600264550264789809e-03  1.70754666669937250845e+02  3.25332586654721700459e-01  5.00000000000000027756e-02  4.71626666667988985182e+01  2.39999999999999991118e-01
1.02187500000000000000e+02  -5.30000000000000026645e-01  1.00790999999999996817e+03  5.15900000000000034106e+01  -1.45034200000000002007e+00  9.63694218750000000000e+04  1.16306140625000000000e+05  2.00000000000000000000e+00  4.05731547619048605463e-03  1.68710000000000007958e+02  3.71999999999999997335e-01  5.00000000000000027756e-02  4.70799999999999982947e+01  3.09999999999999997780e-01
1.02194444444444442865e+02  -4.89987210231982994735e-01  1.00797995523581198540e+03  5.15501023181441340171e+01  -9.53169044444675095384e-01  1.06114598940179304918e+05  1.04176601585095777409e+05  2.00000000000000000000e+00  4.09911088888887005510e-03  1.69378000001068528491e+02  3.57333098662912518328e-01  5.00000000000000027756e-02  4.64313333322957433325e+01  3.29999616003040230350e-01
1.02201388888888885731e+02  -7.59987210230756438101e-01  1.00775001758593271006e+03  5.18100223820961787169e+01  -1.57625731746581121406e-01  1.15859776005358624388e+05  9.20470625451915693702e+04  2.00000000000000000000e+00  4.14637477777775841081e-03  1.70046000002137020601e+02  3.42666197325825094833e-01  5.00000000000000027756e-02  4.57826666645914883702e+01  2.89999968000048680139e-01
1.02208333333333328596e+02  -1.00000479616305737451e+00  1.00774007673860887735e+03  5.30201726618700703852e+01  2.47827008571187379360e+00  1.25604953070537929307e+05  7.99175235052873613313e+04  2.00000000000000000000e+00  4.18980857142858646724e-03  1.70714000004370035413e+02  3.28012351604717478093e-01  5.00000000000000027756e-02  4.51339999989058924257e+01  5.69999808001929286760e-01
1.02215277777777771462e+02  -9.70012789768425864878e-01  1.00787996802557893261e+03  5.33701630695474307231e+01  5.81824896823968451542e+00  1.46676833294064737856e+05  6.17897148775321620633e+04  2.00000000000000000000e+00  4.15727880952383287844e-03  1.71624666668122728197e+02  5.85337450534730296958e-01  5.00000000000000027756e-02  4.49059999996354548557e+01  5.00000000000000027756e-02
1.02222222222222228538e+02  -1.01998401278946770887e+00  1.00787999360511582836e+03  5.32599008792946975177e+01  1.39277952381127576587e+01  1.67748713580935262144e+05  4.36619062162178379367e+04  2.00000000000000000000e+00  4.12474904761901337014e-03  1.72535333331877268392e+02  8.42662549465269750115e-01  5.00000000000000027756e-02  4.46780000003645483275e+01  3.49999936000506661760e-01
1.02229166666666671404e+02  -7.59995203836942634368e-01  1.00794992326139117722e+03  5.28997314148687820534e+01  2.41481149523949625291e+01  1.88820594368640915491e+05  2.55340976042478796444e+04  2.00000000000000000000e+00  4.09294055555555359033e-03  1.73445999995629961177e+02  1.09998764839528262449e+00  5.00000000000000027756e-02  4.44500000010941107575e+01  6.49997600024117105910e-01
1.02236111111111114269e+02  -7.10003197442310884924e-01  1.00789003197442309556e+03  5.21399936051153787275e+01  3.70339236984261361840e+01  2.99517187912427296396e+05  1.62290915994465030963e+04  2.00000000000000000000e+00  4.09046370370370285935e-03  1.73137333334320800304e+02  1.13866542931353875723e+00  5.00000000000000027756e-02  4.45586666663190271720e+01  2.19999856000219207175e-01
1.02243055555555557135e+02  -7.30025579536033975003e-01  1.00801004476418802369e+03  5.27000895283761181531e+01  5.20692590476230421359e+01  4.10213781456213677302e+05  6.92408559464512654813e+03  2.00000000000000000000e+00  4.08798685185185126101e-03  1.72828666667160405268e+02  1.17733271465676936351e+00  5.00000000000000027756e-02  4.46673333331595188156e+01  4.30001471988345929098e-01
1.02250000000000000000e+02  -5.30000000000000026645e-01  1.00804999999999995453e+03  5.17100000000000008527e+01  6.94195200000000056662e+01  5.20910375000000000000e+05  -2.38092041015625000000e+03  2.00000000000000000000e+00  4.08550999999999966267e-03  1.72520000000000010232e+02  1.21599999999999996980e+00  5.00000000000000027756e-02  4.47760000000000033538e+01  6.60000000000000031086e-01
1.02256944444444442865e+02  -1.60115107912152720981e-01  1.00810994884092792745e+03  5.13000063948840079320e+01  8.59891983809480535683e+01  6.25097728972578886896e+05  1.49621663088378736575e+04  2.00000000000000000000e+00  4.15037441798940011373e-03  1.72018666665864742527e+02  9.59995903934473204799e-01  5.00000000000000027756e-02  4.61360000021754217414e+01  1.49999808001520101852e-01
1.02263888888888885731e+02  6.99952038365336814962e-02  1.00816000959232690093e+03  5.11700191846538672280e+01  9.97760170952451943549e+01  7.29285082945157773793e+05  3.23052530278319973149e+04  2.00000000000000000000e+00  4.21523883597880143215e-03  1.71517333331729503243e+02  7.03991807868946550819e-01  5.00000000000000027756e-02  4.74960000043508401291e+01  5.00000031999951244366e-01
1.02270833333333328596e+02  3.89980815347770459756e-01  1.00816002877697826534e+03  5.14199952038369474394e+01  1.29711082857127792067e+02  8.33472436917736660689e+05  4.96483397468261173344e+04  2.00000000000000000000e+00  4.28010325396820188321e-03  1.71016000013212476460e+02  4.48001151963134280898e-01  5.00000000000000027756e-02  4.88560000000863752234e+01  6.30000383996141222198e-01
1.02277777777777771462e+02  4.09999999999999975575e-01  1.00829999360511578743e+03  5.14299968025578948527e+01  1.48218040634883152507e+02  1.03826404128502635285e+06  7.62173046379872830585e+04  2.00000000000000000000e+00  4.15193010582024651933e-03  1.73769333337735616851e+02  4.72000383987695060206e-01  5.00000000000000027756e-02  4.88740000000287793114e+01  3.20000351997213161592e-01
1.02284722222222228538e+02  7.09999999999999964473e-01  1.00835998081534739867e+03  5.11400063948842102945e+01  1.60024828571422148116e+02  1.24305564621497364715e+06  1.02786269580762716942e+05  2.00000000000000000000e+00  4.01901013227503635383e-03  1.76522666662264384740e+02  4.95999616012304966883e-01  5.00000000000000027756e-02  4.88919999999712189265e+01  4.29999648002786838408e-01
1.02291666666666671404e+02  8.19966426858598218530e-01  1.00820997601918475084e+03  5.13100287769783491854e+01  1.86855934285745661327e+02  1.44784725111104827374e+06  1.29355234631323430222e+05  2.00000000000000000000e+00  3.88609015873009853992e-03  1.79275999986787525131e+02  5.19998848036865801703e-01  5.00000000000000027756e-02  4.89099999999136230144e+01  2.89999520004823430064e-01
1.02298611111111114269e+02  1.08999360511537823903e+00  1.00812001918465387007e+03  5.08699792166249764591e+01  2.09075282380989392550e+02  1.64665283407403226011e+06  1.75220500170882296516e+05  2.00000000000000000000e+00  3.70238677777770053626e-03  1.74060666683351286110e+02  5.32666261326848911040e-01  5.00000000000000027756e-02  4.92199999990082659451e+01  3.79999840000243560567e-01
1.02305555555555557135e+02  1.38999360511599134860e+00  1.00807000639488410343e+03  5.02101918465202530228e+01  2.40004005079358989860e+02  1.84545841703701624647e+06  2.21085765710441162810e+05  2.00000000000000000000e+00  3.51612288888881715024e-03  1.68845333341675654992e+02  5.45333130663424481277e-01  5.00000000000000027756e-02  4.95299999995041346779e+01  4.80001343989359285924e-01
1.02312500000000000000e+02  1.53000000000000002665e+00  1.00820000000000004547e+03  4.97599999999999980105e+01  2.54375200000000006639e+02  2.04426400000000000000e+06  2.66951031250000000000e+05  2.00000000000000000000e+00  3.34353619047619192786e-03  1.63629999999999995453e+02  5.58000000000000051514e-01  5.00000000000000027756e-02  4.98400000000000034106e+01  3.30000000000000015543e-01
1.02319444444444442865e+02  1.88998081534797446324e+00  1.00823993605115992978e+03  4.92398912869718543561e+01  3.02309821587295118661e+02  2.27183216624273639172e+06  5.81704270246988162398e+05  2.00000000000000000000e+00  3.34723328042328075599e-03  1.66557333338015808977e+02  4.82665461314050747710e-01  5.00000000000000027756e-02  4.99373333334890290303e+01  3.00000895992906191356e-01
1.02326388888888885731e+02  2.09998241406729002634e+00  1.00811000319744232456e+03  4.86900079936057750274e+01  3.18371526190488907559e+02  2.49940033248547231779e+06  8.96457509243976324797e+05  2.00000000000000000000e+00  3.35093037037037001780e-03  1.69484666676031650923e+02  4.07330922628101499416e-01  5.00000000000000027756e-02  5.00346666669780475445e+01  3.29999888000170549240e-01
1.02333333333333328596e+02  2.24998081534777050194e+00  1.00800007673860886825e+03  4.82998705035974467137e+01  3.41882734285636672666e+02  2.72696849872820870951e+06  1.21121074824096448720e+06  2.00000000000000000000e+00  3.35159142857145578645e-03  1.72411999996810465063e+02  3.31998592045058105171e-01  5.00000000000000027756e-02  5.01320000027128784836e+01  2.90000191998070588895e-01
1.02340277777777771462e+02  2.31001598721053236218e+00  1.00806997761790535151e+03  4.68899296562736580540e+01  3.67888009206133631324e+02  2.98991608284331625327e+06  1.75724774898243020289e+06  2.00000000000000000000e+00  3.29203785714290032144e-03  1.71747333332270613937e+02  3.02666197348372745246e-01  5.20000006399957553915e-02  5.06973333342372427524e+01  3.70000127998986572120e-01
1.02347222222222228538e+02  2.49004156674738430510e+00  1.00800000959232636433e+03  4.60501055155895144821e+01  3.65178200952553424941e+02  3.25286366715668374673e+06  2.30328475101756956428e+06  2.00000000000000000000e+00  3.23248428571422255842e-03  1.71082666667729398569e+02  2.73333802651627322255e-01  5.59999993600042433872e-02  5.12626666657627581003e+01  3.69999840001266733225e-01
1.02354166666666671404e+02  3.05998081534777055523e+00  1.00826992805755412519e+03  4.50900383693044659594e+01  3.99858857619355092083e+02  3.51581125063282949850e+06  2.84932175021617021412e+06  2.00000000000000000000e+00  3.17277420634915407679e-03  1.70418000003189547442e+02  2.44001407954941879064e-01  5.99999980800045434881e-02  5.18279999972871223690e+01  3.79999136008682181220e-01
1.02361111111111114269e+02  3.18004636291350806232e+00  1.00832997601918270902e+03  4.32400287769808002736e+01  4.22239575396824704967e+02  3.62904666708855284378e+06  2.88800216681077983230e+06  2.00000000000000000000e+00  3.10669947089943585677e-03  1.71186666664207592703e+02  2.43333354667007950578e-01  5.00000000000000027756e-02  5.18499999999296221631e+01  3.70000079999878217496e-01
1.02368055555555557135e+02  3.20994244604392342524e+00  1.00816005755395599408e+03  4.25498784972038350816e+01  4.16047082222134008589e+02  3.74228208354427665472e+06  2.92668258340538991615e+06  2.00000000000000000000e+00  3.04062473544971807043e-03  1.71955333332103776911e+02  2.42666677333503971736e-01  5.00000000000000027756e-02  5.18719999999648067046e+01  4.59999488004053602719e-01
1.02375000000000000000e+02  3.62000000000000010658e+00  1.00809000000000003183e+03  4.07000000000000028422e+01  4.71973700000000008004e+02  3.85551750000000000000e+06  2.96536300000000000000e+06  2.00000000000000000000e+00  2.97454999999999985041e-03  1.72723999999999989541e+02  2.41999999999999992895e-01  5.00000000000000027756e-02  5.18939999999999983515e+01  2.80000000000000026645e-01
1.02381944444444442865e+02  3.70018545163624645866e+00  1.00813008952837606103e+03  4.09698401278997863528e+01  5.00134930476181523318e+02  3.97677116644078632817e+06  3.15252158298468077555e+06  2.00000000000000000000e+00  2.96743029100529284725e-03  1.70014666662332871283e+02  2.85334026677758423318e-01  5.00000000000000027756e-02  5.17813333331531140402e+01  3.49999936000506661760e-01
1.02388888888888885731e+02  3.79998880895191160079e+00  1.00830999200639416813e+03  4.02200415667500408290e+01  4.28133934444082910886e+02  4.09802483288157312199e+06  3.33968016596936155111e+06  1.41676237385865437801e+01  2.96031058201058584409e-03  1.67305333324665781447e+02  3.28668053355516853742e-01  5.00000000000000027756e-02  5.16686666663062297289e+01  2.40000127999805135115e-01
1.02395833333333328596e+02  4.33014868105477912508e+00  1.00820007673860891373e+03  3.89698033573146460640e+01  5.13359772857068151097e+02  4.21927849932235945016e+06  3.52683874895404232666e+06  1.77935391559897375657e+01  2.95319087301587884092e-03  1.64596000013362839809e+02  3.71996032126981956978e-01  5.00000000000000027756e-02  5.15559999996704831915e+01  2.69999808001929408885e-01
1.02402777777777771462e+02  4.48997761790525462544e+00  1.00831001278976839330e+03  3.81500607514000193987e+01  5.36405246984183577297e+02  3.97069725046324450523e+06  3.39530550024511944503e+06  2.68975731268623547976e+01  2.85222153439164405331e-03  1.67380666671119058719e+02  2.89332010709050346797e-01  5.40000022399851481447e-02  5.14873333332235390003e+01  2.70000255997973226396e-01
1.02409722222222228538e+02  4.57999680255789343164e+00  1.00835000000000002274e+03  3.61597314148630530894e+01  3.75413133015971993700e+02  3.72211599953675549477e+06  3.26377224975488055497e+06  3.09477395853589065666e+01  2.74894441798934378515e-03  1.70165333328880933550e+02  2.06667989290949649650e-01  6.79999977600148630685e-02  5.14186666667764598060e+01  2.99999616003040203704e-01
1.02416666666666671404e+02  4.51997122302165532659e+00  1.00822002398081531283e+03  3.46000000000000014211e+01  4.73925255238156296400e+02  3.47353475179930264130e+06  3.13223900172473536804e+06  2.63548604197372320357e+01  2.64566730158725471958e-03  1.72949999986637152460e+02  1.24003967873018067225e-01  8.19999932800159203605e-02  5.13500000003295156148e+01  2.29999472005305793942e-01
1.02423611111111114269e+02  4.82998880895191184948e+00  1.00822999520383655181e+03  3.31200991207116359760e+01  5.23889739523869593540e+02  3.79549316786620160565e+06  3.44085475114982342348e+06  2.62261029838263546310e+01  2.64791296296296467180e-03  1.69288666678379797759e+02  1.83998079969284356050e-01  6.66666715733240655695e-02  5.11913333338409302087e+01  2.39999744000389703125e-01
1.02430555555555557135e+02  4.84003197442004218232e+00  1.00837991047162392988e+03  3.26903325339684371897e+01  5.44191969841257673579e+02  4.11745158393310103565e+06  3.74947050057491194457e+06  1.75150057683402344821e+01  2.65547910052909988746e-03  1.65627333339189902972e+02  2.43999039984642174250e-01  5.13333357866620348942e-02  5.10326666669204698223e+01  1.60000511995946392840e-01
1.02437500000000000000e+02  5.03000000000000024869e+00  1.00821000000000003638e+03  3.36199999999999974420e+01  5.71285100000000056752e+02  4.43941000000000000000e+06  4.05808625000000000000e+06  1.59959120679798729725e+01  2.66304523809523553679e-03  1.61966000000000008185e+02  3.03999999999999992450e-01  5.00000000000000027756e-02  5.08740000000000023306e+01  2.00000000000000011102e-01
1.02444444444444442865e+02  5.41986570743582163345e+00  1.00826996163069588874e+03  3.27597697841756954062e+01  6.26942447619047470653e+02  4.46786966661364957690e+06  3.96094508351429505274e+06  6.00734312720037344491e+00  2.64363155555556381127e-03  1.63931333336477024432e+02  3.07333386667519858904e-01  5.00000000000000027756e-02  5.10180000002303373208e+01  2.29999552003546908763e-01
1.02451388888888885731e+02  5.59999999999999964473e+00  1.00825001438849039914e+03  3.24500303757019565865e+01  6.04626910476074954204e+02  4.49632933322730008513e+06  3.86380391702859010547e+06  4.95010019192086936357e+00  2.62212461111112002388e-03  1.65896666672954069099e+02  3.10666773335039780868e-01  5.00000000000000027756e-02  5.11620000004606794164e+01  2.39999920000121769181e-01
1.02458333333333328596e+02  5.49995203836942625486e+00  1.00824006235011972876e+03  3.18098561151082783738e+01  5.84384689523781844400e+02  4.52478899984094966203e+06  3.76666275054288469255e+06  7.63735339574818272723e+00  2.60501222222219060154e-03  1.67862000005662480362e+02  3.13998944033793581099e-01  5.00000000000000027756e-02  5.13059999989954675925e+01  1.40000191998070649957e-01
1.02465277777777771462e+02  5.68002557953685194292e+00  1.00831001598721047685e+03  3.13600063948842127104e+01  5.94532359365142610841e+02  4.09159266747395182028e+06  3.49729416716864984483e+06  9.09533625393159361749e+00  2.67505851851846830278e-03  1.69042000001886691507e+02  2.91999648011279533399e-01  5.00000000000000027756e-02  5.10966666663319628583e+01  1.60000511995946392840e-01
1.02472222222222228538e+02  6.06993605115787104864e+00  1.00839999040767361294e+03  2.97299264588315530489e+01  5.80019486666703642186e+02  3.65839633252604817972e+06  3.22792558283135015517e+06  7.00748611448688141223e+00  2.74510481481488911870e-03  1.70221999998113290076e+02  2.70000351988720466156e-01  5.00000000000000027756e-02  5.08873333336680317984e+01  1.79999904000760047040e-01
1.02479166666666671404e+02  6.17985611510827848036e+00  1.00830001918465222843e+03  3.08201007194242038167e+01  4.82116518571465007881e+02  3.22519999872472928837e+06  2.95855699900482734665e+06  3.19801780419437653435e+00  2.81504523809529040579e-03  1.71401999994337501221e+02  2.48001055966206418457e-01  5.00000000000000027756e-02  5.06780000010045270642e+01  2.09999712002894051155e-01
1.02486111111111114269e+02  5.88001598721155449567e+00  1.00831001278976918911e+03  3.12999760191826688072e+01  4.93759245396737014744e+02  2.99700924914981937036e+06  2.78048566600321838632e+06  3.00929276772217857427e+00  2.88068015873019353176e-03  1.70810000001893882882e+02  2.63332842658817123382e-01  5.00000000000000027756e-02  5.06660000000383874408e+01  1.00000111999829499609e-01
1.02493055555555557135e+02  6.12003197442004243101e+00  1.00844998721023205235e+03  3.15196546762635421146e+01  4.98144964127004186594e+02  2.76881849957490991801e+06  2.60241433300160896033e+06  3.82370709448451595591e+00  2.94631507936509665774e-03  1.70218000000946943828e+02  2.78666421329408553476e-01  5.00000000000000027756e-02  5.06540000000191952267e+01  3.29998848009120604452e-01
1.02500000000000000000e+02  6.07000000000000028422e+00  1.00838999999999998636e+03  3.15899999999999998579e+01  4.86231800000000021100e+02  2.54062775000000000000e+06  2.42434300000000000000e+06  2.00000000000000000000e+00  3.01194999999999978371e-03  1.69626000000000004775e+02  2.93999999999999983569e-01  5.00000000000000027756e-02  5.06420000000000030127e+01  2.50000000000000000000e-01
1.02506944444444442865e+02  6.40007034372409400191e+00  1.00842993605115987066e+03  2.93304988009526610426e+01  3.77866170793665730798e+02  2.68965816638904204592e+06  2.63222999961273279041e+06  2.00000000000000000000e+00  3.01608359788359649614e-03  1.69196666665979904565e+02  2.72666325327872771656e-01  5.00000000000000027756e-02  5.05199999998048525640e+01  1.60000000000000003331e-01
1.02513888888888885731e+02  5.99999840127884453977e+00  1.00838997282174034353e+03  3.03699536370864926482e+01  3.28322689841254259591e+02  2.83868858277808409184e+06  2.84011699922546604648e+06  2.00000000000000000000e+00  3.02021719576719364225e-03  1.68767333331959832776e+02  2.51332650655745559742e-01  5.00000000000000027756e-02  5.03979999996097092207e+01  2.19999968000048728989e-01
1.02520833333333328596e+02  6.20007194244586123943e+00  1.00816006714628281316e+03  3.17100095923261164899e+01  3.52161500476135302051e+02  2.98771899916712613776e+06  3.04800399883819930255e+06  2.00000000000000000000e+00  3.02435079365079035468e-03  1.68337999997722192802e+02  2.30002623916028076101e-01  5.00000000000000027756e-02  5.02760000008509777558e+01  1.69999856001447041676e-01
1.02527777777777771462e+02  6.72990087929469993355e+00  1.00828994244604200503e+03  3.13499552358105120220e+01  4.32024629206733834508e+02  3.12153116641730023548e+06  3.10208458323255134746e+06  2.00000000000000000000e+00  3.06824089947085182351e-03  1.67863333332574370615e+02  2.84667541305305416000e-01  5.00000000000000027756e-02  5.04533333336168752226e+01  2.39999936000506702838e-01
1.02534722222222228538e+02  6.53985291766310172790e+00  1.00827999360511580562e+03  3.08199808153473604477e+01  6.10339900634646369326e+02  3.25534333358269976452e+06  3.15616516676744865254e+06  2.00000000000000000000e+00  3.11310862433865657636e-03  1.67388666667425610513e+02  3.39332458694694638623e-01  5.00000000000000027756e-02  5.06306666663831279607e+01  1.40000159998733275657e-01
1.02541666666666671404e+02  6.75998561151082721921e+00  1.00831002877697824260e+03  2.94798800959235656194e+01  5.78983587142891451549e+02  3.38915549970107572153e+06  3.21024574904031818733e+06  2.00000000000000000000e+00  3.15797634920636982256e-03  1.66914000002277788326e+02  3.93997376083971950766e-01  5.19999974400060654967e-02  5.08079999991490254274e+01  1.00000911990835494869e-01
1.02548611111111114269e+02  7.40001119104808857685e+00  1.00832997761790386448e+03  2.89800111910480886479e+01  6.30965949047618778422e+02  3.33566741646738350391e+06  3.03852499936021212488e+06  2.00000000000000000000e+00  3.08350061111107784373e-03  1.65317333338441301294e+02  3.14002560040954170617e-01  5.00000000000000027756e-02  5.07913333333866532371e+01  2.19999888000170507052e-01
1.02555555555555557135e+02  7.59991686650788977886e+00  1.00830002557953594078e+03  2.82807418065449844846e+01  6.24483870158673653350e+02  3.28217933323369175196e+06  2.86680424968010606244e+06  2.00000000000000000000e+00  3.00300755555552457282e-03  1.63720666669220634049e+02  2.34001280020477098187e-01  5.00000000000000027756e-02  5.07746666666933279544e+01  2.19999488004053611601e-01
1.02562500000000000000e+02  7.20999999999999996447e+00  1.00815999999999996817e+03  2.71400000000000005684e+01  6.17585000000000036380e+02  3.22869125000000000000e+06  2.69508350000000000000e+06  2.00000000000000000000e+00  2.93077452380953538263e-03  1.62123999999999995225e+02  1.53999999999999998002e-01  5.00000000000000027756e-02  5.07580000000000026716e+01  1.90000000000000002220e-01
1.02569444444444442865e+02  7.29005115907206757697e+00  1.00816997442046397282e+03  2.66299999999999990052e+01  6.52880336190467687629e+02  3.07800141694738250226e+06  2.63525058344479463995e+06  2.00000000000000000000e+00  2.96500402116402390906e-03  1.63266666668494451642e+02  1.47999903998464216182e-01  5.00000000000000027756e-02  5.09093333335754039126e+01  1.30000191998479897038e-01
1.02576388888888885731e+02  7.51002398081733169022e+00  1.00797001918465389281e+03  2.58399760191826679545e+01  6.42234487460440163886e+02  2.92731158389476500452e+06  2.57541766688958881423e+06  2.00000000000000000000e+00  2.99923351851851200181e-03  1.64409333336988879637e+02  1.41999807996928434362e-01  5.00000000000000027756e-02  5.10606666671508051536e+01  1.19999952000073073499e-01
1.02583333333333328596e+02  7.95007194244586123943e+00  1.00794004796163062565e+03  2.58199328537171979292e+01  5.63241038571332978790e+02  2.77662175084214797243e+06  2.51558475033438345417e+06  2.00000000000000000000e+00  3.02958952380954528449e-03  1.65552000001676333341e+02  1.36000383987711442879e-01  5.00000000000000027756e-02  5.12120000003966993063e+01  1.00000383996141264942e-01
1.02590277777777771462e+02  8.11996163069472132179e+00  1.00798000319744210174e+03  2.62700287769789575520e+01  5.73358294920979801645e+02  2.70304658347044466063e+06  2.39471383355858270079e+06  2.00000000000000000000e+00  2.98312126984130341831e-03  1.65901333333891869870e+02  1.44000127995898369315e-01  5.00000000000000027756e-02  5.12946666667988466770e+01  1.59999840001266768752e-01
1.02597222222222228538e+02  8.09995523581050846929e+00  1.00787997442046309970e+03  2.58799904076736808634e+01  5.36992100317583663127e+02  2.62947141652955533937e+06  2.27384291644141729921e+06  2.00000000000000000000e+00  2.93665301587296657601e-03  1.66250666666108116942e+02  1.51999872004101643785e-01  5.00000000000000027756e-02  5.13773333332011574726e+01  2.89999392004813616452e-01
1.02604166666666671404e+02  8.57998081534777057300e+00  1.00777999040767383576e+03  2.46000911270980928691e+01  5.38341250000092600203e+02  2.55589624958232464269e+06  2.15297199916394567117e+06  2.00000000000000000000e+00  2.89217134920637802820e-03  1.66599999998323653472e+02  1.59999616012288570222e-01  5.00000000000000027756e-02  5.14599999996033048433e+01  3.29999184008199830664e-01
1.02611111111111114269e+02  8.33001119104808829263e+00  1.00782998721023079725e+03  2.46600271782596429659e+01  5.68068961746057880191e+02  2.48115941638821642846e+06  2.00337249944263044745e+06  2.00000000000000000000e+00  2.92847756613758523903e-03  1.68403999994228740889e+02  1.34667477346302161267e-01  5.00000000000000027756e-02  5.14613333333290654537e+01  1.59999936000097431332e-01
1.02618055555555557135e+02  8.20010231814413437235e+00  1.00768008313349207583e+03  2.58998401278997860686e+01  5.60294542857144165282e+02  2.40642258319410821423e+06  1.85377299972131522372e+06  2.00000000000000000000e+00  2.96478378306879288354e-03  1.70207999997114370672e+02  1.09333738673151076304e-01  5.00000000000000027756e-02  5.14626666666645320447e+01  5.00010239918928234282e-02
1.02625000000000000000e+02  8.17999999999999971578e+00  1.00776999999999998181e+03  2.44800000000000004263e+01  5.61709299999999984720e+02  2.33168575000000000000e+06  1.70417350000000000000e+06  2.00000000000000000000e+00  3.00109000000000009437e-03  1.72012000000000000455e+02  8.40000000000000052180e-02  7.19999999999999945599e-02  5.14639999999999986358e+01  2.50000000000000000000e-01
1.02631944444444442865e+02  8.40968025579957512150e+00  1.00767999360511589657e+03  2.41200895283761198584e+01  5.48307254603172737006e+02  2.19131870859481906518e+06  1.55503183361116517335e+06  2.00000000000000000000e+00  2.95675468253969427404e-03  1.73292000002047444696e+02  1.19500568009086718946e-01  5.71666642933378113534e-02  5.14193333332618820464e+01  8.00005119959464050527e-02
1.02638888888888885731e+02  8.67997282174035689195e+00  1.00749001119104809732e+03  2.45500111910480889321e+01  5.05989602698491182764e+02  2.05095166718963859603e+06  1.40589016722233057953e+06  2.00000000000000000000e+00  2.91241936507938888740e-03  1.74572000004094917358e+02  1.55001136018173446551e-01  5.00000000000000027756e-02  5.13746666665237725624e+01  1.70000015999975662151e-01
1.02645833333333328596e+02  8.62006714628280334978e+00  1.00746009112709816691e+03  2.46398513189452224026e+01  4.65599025238052377063e+02  1.91058462578445766121e+06  1.25674850083349575289e+06  2.00000000000000000000e+00  2.86808404761908306707e-03  1.75851999987872034126e+02  1.90501047966462416783e-01  5.00000000000000027756e-02  5.13300000007549996894e+01  1.59999904000964698891e-01
1.02652777777777771462e+02  8.90997122302104216374e+00  1.00740000319744206081e+03  2.33800415667473835413e+01  4.56563301269784346914e+02  1.85338195843993360177e+06  1.21538266674375417642e+06  2.00000000000000000000e+00  2.88328021164019386927e-03  1.73324666662625730851e+02  2.12333682655472588685e-01  5.00000000000000027756e-02  5.14873333335848926140e+01  5.00000000000000027756e-02
1.02659722222222228538e+02  8.46993605115787140392e+00  1.00736002238209471216e+03  2.40199680255789331795e+01  4.36250047936495604972e+02  1.79617929156006639823e+06  1.17401683325624582358e+06  2.00000000000000000000e+00  2.89994026455027680694e-03  1.70797333337374283246e+02  2.34166317344527419309e-01  5.00000000000000027756e-02  5.16446666664151052828e+01  1.59999968000253345313e-01
1.02666666666666671404e+02  9.15007673860891834750e+00  1.00731000959232608238e+03  2.36300335731414001827e+01  4.12628733333342324840e+02  1.73897662398583022878e+06  1.13265099961218400858e+06  2.00000000000000000000e+00  2.91660031746032505015e-03  1.68270000012127979971e+02  2.55998952033537563455e-01  5.00000000000000027756e-02  5.18019999992449982074e+01  7.00006239937295549058e-02
1.02673611111111114269e+02  8.73998721023075653136e+00  1.00740997601918263626e+03  2.45000127897692436818e+01  4.12527893650805594916e+02  1.55750604099055356346e+06  1.06325708307478926145e+06  2.00000000000000000000e+00  2.90418092592592330323e-03  1.68557333332414117422e+02  2.35333994677246499672e-01  5.00000000000000027756e-02  5.17926666666965260788e+01  5.00000000000000027756e-02
1.02680555555555557135e+02  8.86000639488400842936e+00  1.00723002557953600444e+03  2.43899744204639681300e+01  3.79556335555537771143e+02  1.37603545799527689815e+06  9.93863166537394630723e+05  7.38373838048891784069e+00  2.89029534391534517757e-03  1.68844666666207075423e+02  2.14666997338623266600e-01  5.00000000000000027756e-02  5.17833333333482599414e+01  1.59999744002026794698e-01
1.02687500000000000000e+02  8.75000000000000000000e+00  1.00730999999999994543e+03  2.38500000000000014211e+01  3.65527600000000006730e+02  1.19456487500000000000e+06  9.24469250000000000000e+05  2.25027676912692733424e+01  2.87640976190476661822e-03  1.69132000000000005002e+02  1.94000000000000005773e-01  5.00000000000000027756e-02  5.17740000000000009095e+01  1.19999999999999995559e-01
1.02694444444444442865e+02  8.91003836930405057615e+00  1.00719011510791222008e+03  2.42097442046396622573e+01  3.42235369523806753023e+02  1.09491445851896936074e+06  8.66231166775156743824e+05  2.99055857128646422893e+01  2.85272233333334294253e-03  1.67450666663977244752e+02  1.87999903998464223953e-01  5.00000000000000027756e-02  5.18093333333898513615e+01  2.40000127998986595435e-01
1.02701388888888885731e+02  9.03998081534613362464e+00  1.00733000159872119639e+03  2.41900271782596441028e+01  3.32511878571458964871e+02  9.95264042037938721478e+05  8.07993083550313604064e+05  3.46094907074661861657e+01  2.82827441666667683470e-03  1.65769333327954484503e+02  1.81999807996928442133e-01  5.00000000000000027756e-02  5.18446666667797018135e+01  1.20000223999658983676e-01
1.02708333333333328596e+02  8.96998561151082896004e+00  1.00724004316546756854e+03  2.40400095923261147846e+01  3.15334957143030180760e+02  8.95613625556908082217e+05  7.49755000325470347889e+05  3.71031455950009885214e+01  2.80363365079366400404e-03  1.64088000015282318600e+02  1.75998880035841659408e-01  5.00000000000000027756e-02  5.18800000002591303883e+01  1.30000143998552974978e-01
1.02715277777777771462e+02  8.67000959232631984719e+00  1.00727997122302099342e+03  2.35000159872105314207e+01  2.59490896190567809754e+02  7.96128125185396638699e+05  6.92729187606270657852e+05  3.25983098631887813212e+01  2.77516804232806309563e-03  1.67272666671758599932e+02  1.52666293345296466555e-01  5.00000000000000027756e-02  5.19340000000863426521e+01  1.39999968000253355305e-01
1.02722222222222228538e+02  8.74000319744210685258e+00  1.00704001598721049504e+03  2.29600319744210672468e+01  2.64996380634889987959e+02  6.96642624814603361301e+05  6.35703374893729342148e+05  2.45611114009709297079e+01  2.74670243386240364031e-03  1.70457333328241389836e+02  1.29333706654703506356e-01  5.00000000000000027756e-02  5.19879999999136614974e+01  1.29999840001266742107e-01
1.02729166666666671404e+02  8.70995203836942621933e+00  1.00689007673860885461e+03  2.28001103117503198803e+01  2.17786115714250939845e+02  5.97157124924825970083e+05  5.78677562468146905303e+05  2.62334027388700441463e+01  2.71820579365077011694e-03  1.73641999984717671168e+02  1.06001119964158313502e-01  5.00000000000000027756e-02  5.20419999997408737613e+01  1.00000287997105946625e-01
1.02736111111111114269e+02  8.60997921662497844864e+00  1.00690002078337499825e+03  2.30600223820961751642e+01  1.61694181587302068692e+02  5.83705854116550646722e+05  5.72977916645431192592e+05  2.27809295896105936663e+01  2.68844719576717986961e-03  1.69692000012636640349e+02  1.00000192003071558533e-01  5.00000000000000027756e-02  5.19006666671188128248e+01  1.09999968000048714556e-01
1.02743055555555557135e+02  8.28003197442004257312e+00  1.00695991047162397081e+03  2.35799808153479730777e+01  1.41387043809507446213e+02  5.70254583308275323361e+05  5.67278270822715596296e+05  1.54439365516970426029e+01  2.65868859788359005597e-03  1.65742000006318306760e+02  9.40000960015357767130e-02  5.00000000000000027756e-02  5.17593333335594110167e+01  1.00000063999493307709e-01
1.02750000000000000000e+02  8.15000000000000035527e+00  1.00683000000000004093e+03  2.38500000000000014211e+01  1.11507300000000000750e+02  5.56803312500000000000e+05  5.61578625000000000000e+05  1.65857502298027981169e+01  2.62892999999999980865e-03  1.61792000000000001592e+02  8.79999999999999948930e-02  5.00000000000000027756e-02  5.16180000000000021032e+01  1.60000000000000003331e-01
1.02756944444444442865e+02  8.09996802557995643213e+00  1.00684002557953601809e+03  2.40200895283761184373e+01  9.79698674920637273544e+01  5.39513885448874672875e+05  5.77164270804299274459e+05  7.02815644580592735480e+00  2.63321902116401976648e-03  1.61337333332606050362e+02  9.40000960015357767130e-02  5.00000000000000027756e-02  5.12759999994529493961e+01  1.49999488004053604939e-01
1.02763888888888885731e+02  7.85000959232693240608e+00  1.00685000479616348912e+03  2.44600207833750218356e+01  8.94207503650803232631e+01  5.22224458397749345750e+05  5.92749916608598548919e+05  4.81287480522467880917e+00  2.63750804232804015800e-03  1.60882666665212127555e+02  1.00000192003071558533e-01  5.00000000000000027756e-02  5.09339999989058895835e+01  1.20000063999902567557e-01
1.02770833333333328596e+02  7.77000479616305739228e+00  1.00690995203836939709e+03  2.45700719424458604578e+01  7.26521851428819331886e+01  5.04935031346624018624e+05  6.08335562412897823378e+05  4.83208418210242296453e+00  2.64179706349206011584e-03  1.60428000009031194395e+02  1.06002175930364733736e-01  5.00000000000000027756e-02  5.05920000013244433035e+01  7.99999520004823494457e-02
1.02777777777777771462e+02  7.61998401278946779769e+00  1.00680999999999994543e+03  2.48300063948842115735e+01  5.12407991746595854465e+01  4.69915177148594753817e+05  5.57222489678585319780e+05  3.15813403619795307620e+00  2.63545465608466334198e-03  1.62310000003009122338e+02  1.51334058643424002044e-01  5.00000000000000027756e-02  5.08680000004412917747e+01  1.29999584003293561230e-01
1.02784722222222228538e+02  7.28996802557893541774e+00  1.00684999360511585564e+03  2.50900671462842375092e+01  3.39755152698241147391e+01  4.34895322851405246183e+05  5.06109416571414680220e+05  4.10647846111665693059e+00  2.62885082010581557291e-03  1.64191999996990887212e+02  1.96665941356576001731e-01  5.00000000000000027756e-02  5.11439999995587086801e+01  5.00000000000000027756e-02
1.02791666666666671404e+02  6.94000000000000039080e+00  1.00691993285371711409e+03  2.54100431654675169568e+01  2.42804958571296758407e+01  3.99875468575620092452e+05  4.54996343660470796749e+05  4.15238852080740361572e+00  2.62224698412698124794e-03  1.66073999990968815155e+02  2.41997824069635270039e-01  5.00000000000000027756e-02  5.14199999986755571513e+01  5.00000000000000027756e-02
1.02798611111111114269e+02  6.88997761790382323710e+00  1.00689000319744229728e+03  2.55700271782596431080e+01  1.55178238095177238876e+01  3.68672781133746728301e+05  4.38976427023647236638e+05  3.39978139621885855348e+00  2.75924608333339305838e-03  1.68003999993825658521e+02  2.73998975983618331398e-01  5.00000000000000027756e-02  5.13853333334442368141e+01  5.00000000000000027756e-02
1.02805555555555557135e+02  6.69001278976801749820e+00  1.00689994244604395135e+03  2.60299232613919002688e+01  7.88299720317308683093e+00  3.37470093691873364151e+05  4.22956510386823618319e+05  2.00844882136220759250e+00  2.90348566666672261438e-03  1.69933999996912831421e+02  3.05999487991809204779e-01  5.00000000000000027756e-02  5.13506666667221196576e+01  1.79999424004560315549e-01
1.02812500000000000000e+02  6.40000000000000035527e+00  1.00691999999999995907e+03  2.67399999999999984368e+01  3.52183199999999985152e+00  3.06267406250000000000e+05  4.06936593750000000000e+05  2.21158205985768230306e+00  3.06023619047629882872e-03  1.71864000000000004320e+02  3.38000000000000022649e-01  7.00000000000000066613e-02  5.13160000000000025011e+01  1.00000000000000005551e-01
1.02819444444444442865e+02  6.22001918465202496833e+00  1.00702997442046398646e+03  2.73901087130281446491e+01  -5.38656517459441985807e-01  2.68192317779262375552e+05  4.05786156252143089660e+05  3.85049258862434218287e+00  3.37823883597885990873e-03  1.71925333333431439087e+02  3.23999775996416494728e-01  5.00000000000000027756e-02  5.15766666670836215758e+01  2.39998976008107184343e-01
1.02826388888888885731e+02  6.01999680255768865322e+00  1.00699000000000000909e+03  2.79999840127884453977e+01  -2.53754529365004088959e+00  2.30117229308524751104e+05  4.04635718754286237527e+05  9.55313799696834387021e+00  3.69624148148142098874e-03  1.71986666666862873853e+02  3.09999551992833022318e-01  5.00000000000000027756e-02  5.18373333341672477559e+01  1.10000207999683352611e-01
1.02833333333333328596e+02  6.03996163069554103942e+00  1.00719003836930448870e+03  2.84800959232611496930e+01  -3.45385873333310255973e+00  1.92042140837787097553e+05  4.03485281256429327186e+05  1.46304925390192472889e+01  3.98608587301599488761e-03  1.72047999992913901224e+02  2.95999264023553088077e-01  5.00000000000000027756e-02  5.20979999999200202865e+01  1.19999760002411706705e-01
1.02840277777777771462e+02  5.71001598721053227337e+00  1.00731996163069482009e+03  2.89399808153473614425e+01  -4.07439087301530378227e+00  2.07871572887167654699e+05  3.89795510442178288940e+05  1.18451265493424333641e+01  3.71745822751342117063e-03  1.70571333330972294107e+02  2.80666421341194793904e-01  5.00000000000000027756e-02  5.20813333333066879050e+01  1.79999456004306945811e-01
1.02847222222222228538e+02  5.70000639488421345646e+00  1.00732998401278950951e+03  2.92700447641894889728e+01  -4.56476910476267772054e+00  2.23701005237832345301e+05  3.76105739557821711060e+05  1.17921123849885098878e+01  3.44883058201029711262e-03  1.69094666669027702710e+02  2.65333578658805135930e-01  5.00000000000000027756e-02  5.20646666666933128909e+01  1.19999936000506693401e-01
1.02854166666666671404e+02  5.50004796163057374514e+00  1.00734005755395673987e+03  2.99899136690649648074e+01  -4.60961957619039885969e+00  2.39530437386662320932e+05  3.62415968618988874368e+05  3.04117185027324765656e+00  3.18602428571426515500e-03  1.67618000007086095593e+02  2.50000735976446897268e-01  5.00000000000000027756e-02  5.20480000000799805093e+01  1.09999568004341088945e-01
1.02861111111111114269e+02  5.45998721023075628267e+00  1.00736001758593272370e+03  3.02500015987211554602e+01  -4.41062273174658070474e+00  2.19250343674441537587e+05  3.38973479079325916246e+05  4.41967413011264209644e+00  3.15995285714284340761e-03  1.69209999994906951315e+02  2.52666581331968176372e-01  5.00000000000000027756e-02  5.20726666665877573337e+01  1.30000000000000004441e-01
1.02868055555555557135e+02  5.40997442046396592730e+00  1.00737996802557995579e+03  3.01601023181441370014e+01  -4.36564994920632276632e+00  1.98970249962220783345e+05  3.15530989539662958123e+05  4.71719440480753871014e+00  3.13388142857142166023e-03  1.70801999997453492597e+02  2.55333290665984091738e-01  5.00000000000000027756e-02  5.20973333332938750573e+01  2.30000127998986614308e-01
1.02875000000000000000e+02  5.32000000000000028422e+00  1.00737000000000000455e+03  3.01700000000000017053e+01  -4.37842500000000001137e+00  1.78690156250000000000e+05  2.92088500000000000000e+05  3.68621803105660639233e+00  3.10780999999999991285e-03  1.72394000000000005457e+02  2.58000000000000007105e-01  5.00000000000000027756e-02  5.21219999999999998863e+01  2.39999999999999991118e-01
1.02881944444444442865e+02  5.24001278976801732057e+00  1.00749993605115992068e+03  3.03700639488400874200e+01  -4.27741730476206161171e+00  1.69323218767449405277e+05  2.88860739589346223511e+05  2.00000000000000000000e+00  3.15043566137565003368e-03  1.70247999996567301650e+02  2.21999423990785316185e-01  5.00000000000000027756e-02  5.22213333334922253925e+01  5.00000000000000027756e-02
1.02888888888888885731e+02  5.27999840127884478846e+00  1.00736000319744232456e+03  3.14899856115095992948e+01  -3.92906370793726100743e+00  1.59956281284898810554e+05  2.85632979178692505229e+05  2.00000000000000000000e+00  3.19306132275130015452e-03  1.68101999993134626266e+02  1.85998847981570625265e-01  5.00000000000000027756e-02  5.23206666669844508988e+01  1.60000079999878225268e-01
1.02895833333333328596e+02  4.97002877697834399839e+00  1.00743997601918476903e+03  3.18400191846522311323e+01  -4.26989592856983790625e+00  1.50589343802348244935e+05  2.82405218768038728740e+05  2.00000000000000000000e+00  3.23568698412694984168e-03  1.65956000009207144785e+02  1.50001919938557104484e-01  5.00000000000000027756e-02  5.24200000002719264103e+01  1.80000767992282512120e-01
1.02902777777777771462e+02  4.89000319744210631967e+00  1.00741999040767359475e+03  3.20000319744210628414e+01  -4.68876361587289380850e+00  1.56380458322541264351e+05  2.90865635400900209788e+05  3.81514011370766503717e+00  3.30091814814807834808e-03  1.67874666669734409652e+02  1.90000639979491764420e-01  5.00000000000000027756e-02  5.24766666667572749816e+01  8.00001279989866059816e-02
1.02909722222222228538e+02  4.73994244604208336824e+00  1.00737003836930523448e+03  3.28400159872105348313e+01  -4.40203694920675658864e+00  1.62171572927458735649e+05  2.99326052099099790212e+05  2.00000000000000000000e+00  3.36670518518523281815e-03  1.69793333330265568293e+02  2.29999360020508247793e-01  5.00000000000000027756e-02  5.25333333332427301343e+01  1.40000319997466510236e-01
1.02916666666666671404e+02  4.55001918465222932042e+00  1.00753997122302166645e+03  3.38299184652280260366e+01  -4.13326566666417782869e+00  1.67962687412583502010e+05  3.07786468744425685145e+05  2.00000000000000000000e+00  3.43249222222225241347e-03  1.71711999990792833160e+02  2.69998080061442879973e-01  5.00000000000000027756e-02  5.25899999997280787056e+01  8.00000000000000016653e-02
1.02923611111111114269e+02  4.25000319744231092045e+00  1.00749000959232694186e+03  3.36400303757019543127e+01  -3.91615375714320324008e+00  1.52320807233389001340e+05  3.06789031246283790097e+05  2.00000000000000000000e+00  3.51704851851853458194e-03  1.70491333337238415879e+02  2.68000064001023885485e-01  5.00000000000000027756e-02  5.23706666673683471913e+01  2.19999984000024351172e-01
1.02930555555555557135e+02  4.38994884092793213881e+00  1.00757007673860812247e+03  3.29098912869718489560e+01  -4.11691447936522614270e+00  1.36678927054194500670e+05  3.05791593748141895048e+05  2.00000000000000000000e+00  3.60255116402115761060e-03  1.69270666668619213624e+02  2.66000032000511921204e-01  5.00000000000000027756e-02  5.21513333336841782284e+01  9.99989760081072265319e-02
1.02937500000000000000e+02  4.05999999999999960920e+00  1.00775999999999999091e+03  3.25000000000000000000e+01  -4.19434899999999988296e+00  1.21037046875000000000e+05  3.04794156250000000000e+05  2.00000000000000000000e+00  3.68805380952378020556e-03  1.68050000000000011369e+02  2.64000000000000012434e-01  5.00000000000000027756e-02  5.19320000000000021600e+01  5.99999999999999977796e-02
1.02944444444444442865e+02  4.13994244604392314102e+00  1.00763004476418802824e+03  3.26499999999999985789e+01  -3.54755089206364404575e+00  1.66696864498274924699e+05  2.92090583356998453382e+05  2.00000000000000000000e+00  3.69866633333333161629e-03  1.67919333333124313867e+02  2.66666709334015927801e-01  5.00000000000000027756e-02  5.17373333330219509207e+01  1.99999360005067017276e-01
1.02951388888888885731e+02  3.90000639488462175208e+00  1.00764001278976923004e+03  3.19299936051153778749e+01  -2.83309216666693108877e+00  2.12356682121549849398e+05  2.79387010463996964972e+05  2.00000000000000000000e+00  3.70346841666666483708e-03  1.67788666666248644788e+02  2.69333418668031843168e-01  5.00000000000000027756e-02  5.15426666660438996814e+01  5.00000000000000027756e-02
1.02958333333333328596e+02  3.84009112709808997366e+00  1.00767994724220636726e+03  3.14699424460433085926e+01  -3.47104289047580527594e+00  2.58016499744824744994e+05  2.66683437570995418355e+05  2.00000000000000000000e+00  3.70842904761904419014e-03  1.67658000028625963296e+02  2.72002079933436891057e-01  5.00000000000000027756e-02  5.13479999988898967445e+01  5.00000000000000027756e-02
1.02965277777777771462e+02  3.72996163069472208562e+00  1.00781997122302107073e+03  3.18999520383684007641e+01  -3.04738797777956849089e+00  2.64560656237804621924e+05  2.48682046908546588384e+05  2.00000000000000000000e+00  3.71653420634920038379e-03  1.73623333342871234208e+02  3.15334026644449427756e-01  5.00000000000000027756e-02  5.11166666662967870138e+01  5.00000000000000027756e-02
1.02972222222222228538e+02  3.50999360511578695210e+00  1.00779000639488413071e+03  3.18998976818525896704e+01  -3.54585935873048452294e+00  2.71104812512195378076e+05  2.30680656216453411616e+05  2.00000000000000000000e+00  3.72463936507937349099e-03  1.79588666657128754878e+02  3.58665973355550615764e-01  5.00000000000000027756e-02  5.08853333337032154304e+01  1.69999680002533515299e-01
1.02979166666666671404e+02  3.39998561151082778764e+00  1.00795993285371719139e+03  3.18800239808152845455e+01  -3.77970115714136900564e+00  2.77648968604964436963e+05  2.12679265567112423014e+05  2.00000000000000000000e+00  3.73480972222229711671e-03  1.85553999971374025790e+02  4.01997920066563152464e-01  5.00000000000000027756e-02  5.06540000011101056998e+01  7.00001439985529771981e-02
1.02986111111111114269e+02  3.22000159872115565562e+00  1.00782002557953853739e+03  3.19300095923269324771e+01  -3.37069530000242112422e+00  2.51697010319976281608e+05  2.02321145794741634745e+05  2.00000000000000000000e+00  3.82896481481486469084e-03  1.86746666662851140472e+02  3.84000576009214722450e-01  5.00000000000000027756e-02  5.03913333341736446869e+01  5.00000000000000027756e-02
1.02993055555555557135e+02  2.95003197442004250206e+00  1.00804998081534790799e+03  3.21199936051159866679e+01  -3.97735260317491778892e+00  2.25745052034988126252e+05  1.91963026022370817373e+05  2.00000000000000000000e+00  3.92311990740743226497e-03  1.87939333331425586948e+02  3.66000288004607321479e-01  5.00000000000000027756e-02  5.01286666670868257256e+01  5.00000000000000027756e-02
1.03000000000000000000e+02  2.97000000000000019540e+00  1.00799000000000000909e+03  3.17800000000000011369e+01  -3.45376700000000003143e+00  1.99793093750000000000e+05  1.81604906250000000000e+05  2.00000000000000000000e+00  4.01727499999999983910e-03  1.89132000000000005002e+02  3.47999999999999976019e-01  5.00000000000000027756e-02  4.98659999999999996589e+01  5.00000000000000027756e-02
