#                     time          SMEAR_TEMP_168.dat             SMEAR_PRESS.dat                SMEAR_RH.dat               SMEAR_SWR.dat                SA_tower.dat               SA_ground.dat                     NH3.dat                SMEAR_CS.dat            SMEAR_GAS_CO.dat           SMEAR_GAS_NO2.dat            SMEAR_GAS_NO.dat            SMEAR_GAS_O3.dat           SMEAR_GAS_SO2.dat
1.11000000000000000000e+02  7.01999999999999957367e+00  9.81080000000000040927e+02  9.07900000000000062528e+01  -7.61990000000000028413e-02  1.19937968750000000000e+05  1.99034218750000000000e+04  2.75969989952297893865e+01  6.03623000000000006771e-03  1.46866000000000013870e+02  2.56000000000000005329e-01  5.00000000000000027756e-02  3.41000000000000014211e+01  5.99999999999999977796e-02
1.11006944444444442865e+02  7.09998081534797442771e+00  9.80680070343724082704e+02  8.79103133493164108359e+01  -1.12461947936522621561e+00  1.08543385437893317430e+05  3.06116770633852211176e+04  2.91584065125404023888e+01  6.12309838624336324336e-03  1.48567333336054758774e+02  2.64000128002047695919e-01  5.00000000000000027756e-02  3.40073333331851088701e+01  5.00000000000000027756e-02
1.11013888888888885731e+02  7.18002078337502069871e+00  9.80559996802557634510e+02  8.77500335731442646647e+01  -9.12997076189865808260e-01  9.71488021257866494125e+04  4.13199322517704422353e+04  2.90660417612805481724e+01  6.20996677248672641902e-03  1.50268666672109475257e+02  2.72000256004095442020e-01  5.00000000000000027756e-02  3.39146666663702163191e+01  7.99999520000730796054e-02
1.11020833333333328596e+02  7.01994244604331107951e+00  9.80419956834532399625e+02  8.88597458033579528092e+01  -1.22866750952147474329e+00  8.57542188136799668428e+04  5.20281874401556560770e+04  2.55956748050495654923e+01  6.29683515873008959468e-03  1.51969999992408418166e+02  2.80002879907835677820e-01  5.00000000000000027756e-02  3.38220000063311161398e+01  5.00000000000000027756e-02
1.11027777777777771462e+02  7.09000959232631888796e+00  9.79980108713031654588e+02  8.79100351718631713993e+01  -1.85911343492035019409e+00  7.68077955895888153464e+04  2.89018620222638382984e+04  2.31924009403700601695e+01  6.28489968253969841228e-03  1.50387999997470558355e+02  3.40000959969237626090e-01  5.00000000000000027756e-02  3.51413333354428090161e+01  5.00000000000000027756e-02
1.11034722222222228538e+02  7.03997442046314780839e+00  9.79639948840926308549e+02  9.04598721023157281707e+01  -8.85002203172975399070e-01  6.78613723791611846536e+04  5.77553641523616533959e+03  2.14922072960102568118e+01  6.27053460317459308848e-03  1.48806000002529430049e+02  3.99999040030762365028e-01  5.00000000000000027756e-02  3.64606666645571948493e+01  1.09999872001013396239e-01
1.11041666666666671404e+02  6.75999520383694196823e+00  9.79469990407673890331e+02  9.16399328537171982134e+01  9.73584619043000587535e-02  5.89149493435891563422e+04  -1.73507889311824183096e+04  2.18203034640654003340e+01  6.25616952380951725499e-03  1.47224000007591570238e+02  4.59997120092164313299e-01  5.00000000000000027756e-02  3.77799999936688877256e+01  5.00000000000000027756e-02
1.11048611111111114269e+02  6.73000000000000042633e+00  9.79130009592326928214e+02  9.23299999999999982947e+01  3.64607088888176722463e-01  8.12530599790594424121e+04  6.14653915004505324760e+03  2.13860989254706836959e+01  6.48397983333343259915e-03  1.48129333330437020777e+02  4.50666965338111347172e-01  5.00000000000000027756e-02  3.71606666686480053841e+01  5.00000000000000027756e-02
1.11055555555555557135e+02  6.73000000000000042633e+00  9.78880051159072081646e+02  9.30497953637117234393e+01  -5.03452015873335545493e-01  1.03591170614529721206e+05  2.96438672312725248048e+04  1.93002494812557863213e+01  6.72400066666675906568e-03  1.49034666665218509252e+02  4.41333482669055643388e-01  5.00000000000000027756e-02  3.65413333343240012141e+01  5.00000000000000027756e-02
1.11062500000000000000e+02  6.63999999999999968026e+00  9.78639999999999986358e+02  9.45400000000000062528e+01  -3.67294999999999982609e-01  1.25929281250000000000e+05  5.31411953125000000000e+04  1.85821781515246868821e+01  6.94067357142854213931e-03  1.49939999999999997726e+02  4.31999999999999995115e-01  5.00000000000000027756e-02  3.59219999999999970441e+01  1.79999999999999993339e-01
1.11069444444444442865e+02  6.44998721023198307023e+00  9.78510095923260109885e+02  9.62899936051159954786e+01  -2.32299507936565591271e-01  1.10107286487807694357e+05  4.33173424662172474200e+04  1.74066433340717736655e+01  6.85641761904761271734e-03  1.45915333326895591881e+02  3.93332714656769388828e-01  5.00000000000000027756e-02  3.51686666654616502115e+01  5.99996160030401987084e-02
1.11076388888888885731e+02  6.37000159872115556681e+00  9.78399982414067267200e+02  9.69899968025576839636e+01  -2.48493841271062027021e-02  9.42852917256153887138e+04  3.34934896199345021159e+04  1.76007648146433197667e+01  6.77216166666668242802e-03  1.41890666653791186036e+02  3.54665429313538838052e-01  5.00000000000000027756e-02  3.44153333309233104842e+01  5.00000000000000027756e-02
1.11083333333333328596e+02  6.37999520383694207482e+00  9.78329956834532481480e+02  9.66400527577936259149e+01  -7.18772285715311987087e-02  7.84632969634230830707e+04  2.36696367736517531739e+04  1.16559754125623680210e+01  6.68970650793652976684e-03  1.37866000011577739315e+02  3.15999456017408808517e-01  5.00000000000000027756e-02  3.36619999971527548155e+01  5.99994240057881086936e-02
1.11090277777777771462e+02  6.26002557953685201397e+00  9.78269980815347366843e+02  9.70499840127894657371e+01  -4.11651838091697697131e-01  5.94361315458748285891e+04  1.34106881701597776555e+04  1.58004047388069466251e+01  6.64296708994712402363e-03  1.40278666670524273741e+02  3.04666485339143977562e-01  5.00000000000000027756e-02  3.30686666657179912931e+01  1.09999584003293557344e-01
1.11097222222222228538e+02  6.02999040767368121863e+00  9.78179958433252522809e+02  9.84000319744210685258e+01  5.09818736505210035048e-01  4.04089661103751714109e+04  3.15173956421522234450e+03  1.21416671772243027760e+01  6.59622767195762287062e-03  1.42691333329475753544e+02  2.93333514660855998457e-01  5.00000000000000027756e-02  3.24753333342820127427e+01  1.49999648002786839518e-01
1.11104166666666671404e+02  5.94000479616305820940e+00  9.77899966426858554769e+02  9.91199664268585962645e+01  8.27768061908354058076e-01  2.13818007440188412147e+04  -7.10720897393710129109e+03  1.12862405515694721458e+01  6.54676976190463489474e-03  1.45103999988422287970e+02  2.82000543982591167502e-01  5.00000000000000027756e-02  3.18820000028472421150e+01  5.00000000000000027756e-02
1.11111111111111114269e+02  5.89000159872115514048e+00  9.77879992006394218151e+02  9.94900015987211503443e+01  9.06646666661376499086e-02  1.47198384761557899765e+04  -5.23950223099713002739e+03  1.12563211597818781939e+01  6.38675984126975664762e-03  1.44734666667848216548e+02  3.75996991951878800631e-01  5.00000000000000027756e-02  3.25879999977414058776e+01  1.09999920000121792496e-01
1.11118055555555557135e+02  5.73001278976801753373e+00  9.77699929656275912748e+02  9.96799744204639779355e+01  1.14113781269862757384e+00  8.05787620829273873824e+03  -3.37179548805715921844e+03  1.13743297582321059025e+01  6.22674992063487840049e-03  1.44365333333924127146e+02  4.69998495975939345470e-01  5.00000000000000027756e-02  3.32939999988707029388e+01  7.99989760081072226461e-02
1.11125000000000000000e+02  5.70000000000000017764e+00  9.77649999999999977263e+02  9.98799999999999954525e+01  8.63442000000000042803e-01  1.39591394042968750000e+03  -1.50408874511718750000e+03  1.14515025541218484761e+01  6.06674000000000015337e-03  1.43996000000000009322e+02  5.63999999999999945821e-01  5.00000000000000027756e-02  3.40000000000000000000e+01  5.00000000000000027756e-02
1.11131944444444442865e+02  5.69999360511599206802e+00  9.77529968025579933055e+02  1.00000000000000000000e+02  8.54893593650788430338e-01  -7.19128912788334309880e+03  3.93212930302406039118e+03  1.14605712404593589326e+01  5.49463021164036356792e-03  1.41341999995754747488e+02  4.51331530637828048924e-01  5.00000000000000027756e-02  3.57533333361379206394e+01  1.19999360005067001733e-01
1.11138888888888885731e+02  5.67000319744231084940e+00  9.77499977617903823557e+02  1.00000000000000000000e+02  1.65338550158809516333e+00  -1.57784921961963736976e+04  9.36834735116530828236e+03  1.10722293237760869289e+01  4.92252042328072698246e-03  1.38687999991509457232e+02  3.38663061275656152027e-01  5.00000000000000027756e-02  3.75066666722758341734e+01  5.00000000000000027756e-02
1.11145833333333328596e+02  5.55998561151082704157e+00  9.77220009592326164238e+02  1.00000000000000000000e+02  1.19666310476362380832e+00  -2.43656952645094061154e+04  1.48045653993065570830e+04  7.43618852281193287723e+00  4.35041063492109039701e-03  1.36033999991573438137e+02  2.25999136027649316638e-01  5.00000000000000027756e-02  3.92600000024569411039e+01  5.00000000000000027756e-02
1.11152777777777771462e+02  5.50999999999999978684e+00  9.77279955235810462000e+02  1.00000000000000000000e+02  1.79617176190183203133e+00  -2.99063155025026571820e+03  3.14939303074401213962e+04  1.02496823387992357368e+01  4.00871301587337261485e-03  1.34277999997192324599e+02  2.07999712009228704401e-01  5.00000000000000027756e-02  3.97720000008186289620e+01  5.00000000000000027756e-02
1.11159722222222228538e+02  5.40001278976842602475e+00  9.77199971223021066180e+02  1.00000000000000000000e+02  1.40951200317619007585e+00  1.83844323315002693562e+04  4.81832952784973749658e+04  8.14538897294823271977e+00  3.67268126984102768334e-03  1.32522000002807658348e+02  1.90000287990771288271e-01  5.00000000000000027756e-02  4.02839999991813684233e+01  5.00000000000000027756e-02
1.11166666666666671404e+02  5.28001438848917281632e+00  9.77189947242206471856e+02  1.00000000000000000000e+02  2.82734014285965740143e+00  3.97594960681777229183e+04  6.48726600713444058783e+04  5.76920545678925655864e+00  3.33664952380937100337e-03  1.30766000008426544809e+02  1.72000863972350703790e-01  5.00000000000000027756e-02  4.07959999975430562813e+01  5.00000000000000027756e-02
1.11173611111111114269e+02  5.21999520383653337063e+00  9.76969990407673094523e+02  1.00000000000000000000e+02  1.94007139841271869507e+00  3.51837174308684843709e+04  4.96800670006879372522e+04  3.35564233454352400798e+00  3.45717796296299024333e-03  1.33361999991695000745e+02  1.23334890691580462141e-01  5.00000000000000027756e-02  4.05440000008061858239e+01  5.00000000000000027756e-02
1.11180555555555557135e+02  5.09000639488400796751e+00  9.76820089528376115595e+02  1.00000000000000000000e+02  2.44680240000020976510e+00  3.06079387935592385475e+04  3.44874739300314686261e+04  5.56336107128815093859e+00  3.60072624338623244883e-03  1.35957999995847501395e+02  7.46674453457902287390e-02  5.00000000000000027756e-02  4.02920000004030924856e+01  1.19999040007600504820e-01
1.11187500000000000000e+02  5.00999999999999978684e+00  9.77019999999999981810e+02  1.00000000000000000000e+02  2.75128400000000006287e+00  2.60321601562500000000e+04  1.92948808593750000000e+04  6.00641978386427055625e+00  3.74427452380947465432e-03  1.38554000000000002046e+02  2.59999999999999988065e-02  5.19999999999999976130e-02  4.00399999999999991473e+01  5.00000000000000027756e-02
1.11194444444444442865e+02  4.92002557953603414376e+00  9.76999859312551848234e+02  1.00000000000000000000e+02  3.30091433015973167997e+00  1.88190504691662717960e+04  2.52697564992862353392e+04  4.35332905274443504595e+00  3.70236166666668836678e-03  1.39510000001529192559e+02  4.60003200051192773223e-02  5.00000000000000027756e-02  4.06160000009213533190e+01  5.00000000000000027756e-02
1.11201388888888885731e+02  4.88000319744231081387e+00  9.76810028776980743714e+02  1.00000000000000000000e+02  3.58012243016172160281e+00  1.16059407820825417730e+04  3.12446321391974706785e+04  2.06389872444980770894e+00  3.64605958333335655047e-03  1.40466000003058383072e+02  6.60006400102385454298e-02  5.00000000000000027756e-02  4.11920000018427074906e+01  1.09999856000219220498e-01
1.11208333333333328596e+02  4.76000479616305760544e+00  9.76830023980815326468e+02  1.00000000000000000000e+02  3.53982135714067647214e+00  4.39283109499881174997e+03  3.72195077791087096557e+04  3.31476135381413028469e+00  3.58848523809527589906e-03  1.41422000007866699889e+02  8.60004799846392775642e-02  5.00000000000000027756e-02  4.17680000029336184753e+01  5.00000000000000027756e-02
1.11215277777777771462e+02  4.68000959232631874585e+00  9.76820028776979029317e+02  1.00000000000000000000e+02  3.45937948253740401583e+00  5.64365396902318934735e+03  2.51470588196981880174e+04  2.00000000000000000000e+00  3.50567769841275819406e-03  1.43061333335954458335e+02  9.60001599948729356093e-02  5.00000000000000027756e-02  4.23793333343107860856e+01  7.00001599987332551178e-02
1.11222222222222228538e+02  4.57000000000000028422e+00  9.76930057553957908567e+02  1.00000000000000000000e+02  5.70844226984875735553e+00  6.89447689035181065265e+03  1.30746097594033708447e+04  2.03926329434099073978e+00  3.42287015873007091984e-03  1.44700666664045542120e+02  1.05999840005127063391e-01  5.00000000000000027756e-02  4.29906666656892113565e+01  5.00000000000000027756e-02
1.11229166666666671404e+02  4.52000479616305739228e+00  9.76990023980815294635e+02  1.00000000000000000000e+02  8.06887245715106260491e+00  8.14529983179315240704e+03  1.00216077498678077973e+03  2.10291381593965986951e+00  3.33623182539663238472e-03  1.46339999992133300566e+02  1.15999520015360721437e-01  5.00000000000000027756e-02  4.36019999970663789668e+01  5.00000000000000027756e-02
1.11236111111111114269e+02  4.48000159872115588655e+00  9.77079995203836574547e+02  9.98999952038365393037e+01  1.20268205555534031248e+01  1.29954531430704337254e+04  2.50257088775160354999e+03  2.11537349245862804636e+00  3.09380788359775492705e-03  1.46168666667214779409e+02  7.40013440215009643541e-02  5.00000000000000027756e-02  4.36406666665429625596e+01  5.00000000000000027756e-02
1.11243055555555557135e+02  4.36999360511599199697e+00  9.77120006394884057954e+02  9.95700319744200328387e+01  1.32265812380960969818e+01  1.78456064543477186817e+04  4.00298100051642677499e+03  2.12406965660094337878e+00  2.85138394179887746938e-03  1.45997333333607400618e+02  3.20006720107504777362e-02  5.00000000000000027756e-02  4.36793333332714865946e+01  5.00000000000000027756e-02
1.11250000000000000000e+02  4.32000000000000028422e+00  9.77149999999999977263e+02  9.92000000000000028422e+01  1.29824500000000000455e+01  2.26957597656250000000e+04  5.50339111328125000000e+03  2.08437635718306379928e+00  2.60896000000000001171e-03  1.45825999999999993406e+02  -1.00000000000000002082e-02  7.39999999999999963363e-02  4.37180000000000035243e+01  5.00000000000000027756e-02
1.11256944444444442865e+02  4.24998721023198289259e+00  9.77139993605115932951e+02  9.87099360511599144274e+01  2.17413244761837525232e+01  3.09983814949499428621e+04  6.75266610556680461741e+02  2.05387433669491281663e+00  2.85855325396818784819e-03  1.43281333329262963616e+02  5.33343466828776965882e-02  7.46666667733331262946e-02  4.23026666644027358188e+01  5.00000000000000027756e-02
1.11263888888888885731e+02  4.27000319744231049413e+00  9.77319985611509650880e+02  9.82799936051153792960e+01  2.93909082539545885027e+01  3.93010032242748857243e+04  -4.15285789216788907652e+03  2.15234497550451564507e+00  3.10814650793637568468e-03  1.40736666658525905405e+02  1.16668693365755402058e-01  7.53333335466662562530e-02  4.08873333288054752188e+01  5.00000000000000027756e-02
1.11270833333333328596e+02  4.33000000000000007105e+00  9.77349937649880303070e+02  9.87100287769783335534e+01  3.15454188571416764830e+01  4.76036249535998213105e+04  -8.98098239489245861478e+03  2.00627768023999664138e+00  3.35773976190456352117e-03  1.38192000000751818334e+02  1.80003231896571136428e-01  7.59999897600242557694e-02  3.94719999994625467821e+01  5.00000000000000027756e-02
1.11277777777777771462e+02  4.32000319744210692363e+00  9.77260028776978970200e+02  9.91199904076736828529e+01  3.73978848253736231300e+01  4.04729121226634742925e+04  -4.36926530807335348072e+03  2.00526480807580842480e+00  3.50687989417973857223e-03  1.38348666666917154089e+02  2.47334410632144452435e-01  5.46666632533559654350e-02  3.93599999998209284513e+01  6.00000319997466488586e-02
1.11284722222222228538e+02  4.34000639488421313672e+00  9.77310003197442028977e+02  9.94600095923263154418e+01  5.53276600952622317209e+01  3.33421992054615257075e+04  2.42451831510854390217e+02  2.00614269587294469233e+00  3.65354986772497333097e-03  1.38505333333082859326e+02  3.14665589367855547120e-01  5.00000000000000027756e-02  3.92480000001790756414e+01  5.00000000000000027756e-02
1.11291666666666671404e+02  4.35998561151082775211e+00  9.77370038369304438675e+02  9.97099904076738852154e+01  7.09504897144033463974e+01  2.62114863679463414883e+04  4.85416902716804816009e+03  2.19210271555287716794e+00  3.80021984126990798256e-03  1.38661999999248195081e+02  3.81996768103428863128e-01  5.00000000000000027756e-02  3.91360000005374573107e+01  5.00000000000000027756e-02
1.11298611111111114269e+02  4.45000479616346655831e+00  9.77410011191048056389e+02  9.98599999999999994316e+01  7.89611846508700949698e+01  3.33369232036308967508e+04  1.95010020076953660464e+04  2.00000000000000000000e+00  3.64138391666659439957e-03  1.40452666660938064069e+02  3.63333930676222660594e-01  5.00000000000000027756e-02  3.93499999993153863898e+01  5.00000000000000027756e-02
1.11305555555555557135e+02  4.50999999999999978684e+00  9.77450025579536031728e+02  9.99299936051159960471e+01  1.07855637777788373910e+02  4.04623600393154483754e+04  3.41478349882226830232e+04  2.00000000000000000000e+00  3.46714433333326606593e-03  1.42243333330469027942e+02  3.44666965338111364048e-01  5.00000000000000027756e-02  3.95639999996576889885e+01  5.00000000000000027756e-02
1.11312500000000000000e+02  4.66999999999999992895e+00  9.77470000000000027285e+02  9.99099999999999965894e+01  1.24307800000000000296e+02  4.75877968750000000000e+04  4.87946679687500000000e+04  2.00000000000000000000e+00  3.30475571428571123986e-03  1.44033999999999991815e+02  3.26000000000000011990e-01  5.00000000000000027756e-02  3.97779999999999986926e+01  5.00000000000000027756e-02
1.11319444444444442865e+02  4.63999360511599157064e+00  9.77590038369304124899e+02  9.99099936051159858152e+01  8.95076386666938503822e+01  3.50297441640190518228e+04  4.37085989678080295562e+04  2.00000000000000000000e+00  3.29511285714285647244e-03  1.41879999996554516883e+02  3.48000352005631230501e-01  5.00000000000000027756e-02  4.00253333337289589622e+01  5.00000000000000027756e-02
1.11326388888888885731e+02  4.58999360511537801699e+00  9.77510025579538478269e+02  9.99000015987211611446e+01  8.17358359365602495927e+01  2.24716914530381036457e+04  3.86225299668660591124e+04  2.00000000000000000000e+00  3.28547000000000170503e-03  1.39725999993109041952e+02  3.70000704011262393500e-01  5.00000000000000027756e-02  4.02726666674579263372e+01  5.00000000000000027756e-02
1.11333333333333328596e+02  4.58000000000000007105e+00  9.77490062350119728762e+02  9.99300000000000068212e+01  8.78928722379608160509e+01  9.91363874205715546850e+03  3.35364609659240959445e+04  2.00000000000000000000e+00  3.27127698412703164788e-03  1.37572000005412974133e+02  3.91998144059394815208e-01  5.00000000000000027756e-02  4.05200000019930755002e+01  5.00000000000000027756e-02
1.11340277777777771462e+02  4.69997442046314795050e+00  9.77620019184652619515e+02  9.98600031974421114001e+01  8.46427688253801733254e+01  1.75426406107829388930e+04  3.63667747343088922207e+04  2.00000000000000000000e+00  3.16683915343922862268e-03  1.38700000001803545047e+02  3.53332714686491300426e-01  5.00000000000000027756e-02  4.09353333339974057026e+01  5.00000000000000027756e-02
1.11347222222222228538e+02  4.72999680255789378691e+00  9.77750015987210531421e+02  9.97299936051157942529e+01  5.92283922540144445179e+01  2.51716425923420611070e+04  3.91970885469411150552e+04  2.00000000000000000000e+00  3.06240132275121222649e-03  1.39827999998196446541e+02  3.14667285313508737765e-01  5.00000000000000027756e-02  4.13506666660025956617e+01  5.00000000000000027756e-02
1.11354166666666671404e+02  4.74999040767388525097e+00  9.77869971223021707374e+02  9.93900191846522318428e+01  7.34244941428559201313e+01  3.28006445422822289402e+04  4.20274024393807849265e+04  2.00000000000000000000e+00  2.95797269841261561973e-03  1.40955999994587017454e+02  2.76001855940605222983e-01  5.00000000000000027756e-02  4.17659999980069258640e+01  5.00000000000000027756e-02
1.11361111111111114269e+02  4.74001119104808843474e+00  9.77659992006394190867e+02  9.90499968025576862374e+01  1.53101651587380956698e+02  3.47746979240214859601e+04  5.91391094387538614683e+04  2.00000000000000000000e+00  2.85391846560841076080e-03  1.39306666671943133906e+02  2.85333034661888695904e-01  5.00000000000000027756e-02  4.21033333322541523103e+01  5.00000000000000027756e-02
1.11368055555555557135e+02  4.91000000000000014211e+00  9.77809999999999945430e+02  9.88699808153479722250e+01  1.91572055555559217055e+02  3.67487513057607429801e+04  7.62508164381269307341e+04  2.00000000000000000000e+00  2.74986423280420546819e-03  1.37657333335971571842e+02  2.94666517330944344177e-01  5.00000000000000027756e-02  4.24406666661270790541e+01  5.00001279989866070919e-02
1.11375000000000000000e+02  4.98000000000000042633e+00  9.77679999999999949978e+02  9.88100000000000022737e+01  1.93203300000000012915e+02  3.87228046875000000000e+04  9.33625234375000000000e+04  2.00000000000000000000e+00  2.64581000000000017558e-03  1.36008000000000009777e+02  3.03999999999999992450e-01  5.00000000000000027756e-02  4.27779999999999986926e+01  5.00000000000000027756e-02
1.11381944444444442865e+02  5.08998081534797464087e+00  9.77720031974420066945e+02  9.86999488409279308598e+01  2.56288709206447208544e+02  3.48879974029770892230e+04  8.16714440321956644766e+04  2.00000000000000000000e+00  2.55187812169314692454e-03  1.35310666665551224241e+02  2.56665909321217688976e-01  5.33333348266638446189e-02  4.25219999995905055812e+01  5.00000000000000027756e-02
1.11388888888888885731e+02  4.87000799360577740771e+00  9.77890006394884608198e+02  9.82200047961634652438e+01  1.74265814920779348540e+02  3.10531901184541820840e+04  6.99803646268913144013e+04  2.00000000000000000000e+00  2.45794624338629323981e-03  1.34613333331102467127e+02  2.09331818642435441014e-01  6.26666696533276917913e-02  4.22659999991810195752e+01  5.00000000000000027756e-02
1.11395833333333328596e+02  4.88998561151082711262e+00  9.78019966426858559316e+02  9.76399760191847150281e+01  2.01819363333424831808e+02  2.72183828339312713069e+04  5.82892852215869716019e+04  2.00000000000000000000e+00  2.36401436507943998877e-03  1.33916000005217796343e+02  1.61999072029697405162e-01  7.19999993600015097961e-02  4.20099999984420122701e+01  5.00000000000000027756e-02
1.11402777777777771462e+02  5.04000000000000003553e+00  9.78000009592326364327e+02  9.76499968025578937159e+01  2.67264161904291540850e+02  5.28274088064428506186e+04  7.35679036173607892124e+04  2.00000000000000000000e+00  2.33190550264553500548e-03  1.35003333335071857846e+02  1.42666357343245647771e-01  7.06666664533347477217e-02  4.16853333328142241498e+01  5.00000000000000027756e-02
1.11409722222222228538e+02  5.20001918465263912594e+00  9.78199958433252618306e+02  9.79100159872105280101e+01  2.07565073333440977876e+02  7.84364349435571493814e+04  8.88465221638892107876e+04  2.00000000000000000000e+00  2.30131687830685636303e-03  1.36090666664928136242e+02  1.23333642656754338685e-01  6.93333335466652517232e-02  4.13606666671857752249e+01  5.00000000000000027756e-02
1.11416666666666671404e+02  5.52997122302165600161e+00  9.78040062350119683288e+02  9.72700575539566898442e+01  2.12568887618956523511e+02  1.04045461114655787242e+05  1.04125140754749823827e+05  2.00000000000000000000e+00  2.27072825396824017063e-03  1.37177999994782197746e+02  1.04000927970302609049e-01  6.80000006399984896488e-02  4.10360000015579871047e+01  5.00000000000000027756e-02
1.11423611111111114269e+02  5.79000319744231095598e+00  9.78299996802557643605e+02  9.62499600319711134944e+01  3.43148720317098707255e+02  1.35744854284770524828e+05  1.27341942794833215885e+05  2.00000000000000000000e+00  2.37670629629631747354e-03  1.39027999994081568502e+02  1.53998399974403621382e-01  5.00000000000000027756e-02  4.14799999985795793123e+01  8.99998080002922945519e-02
1.11430555555555557135e+02  5.86000000000000031974e+00  9.78399968025579937603e+02  9.59899296562759047902e+01  3.27647054920742220929e+02  1.67444247454885276966e+05  1.50558744834916607942e+05  2.00000000000000000000e+00  2.48957005291004437875e-03  1.40877999997040802782e+02  2.03999199987201840223e-01  5.00000000000000027756e-02  4.19239999992897907077e+01  5.00000000000000027756e-02
1.11437500000000000000e+02  5.87999999999999989342e+00  9.78610000000000013642e+02  9.54399999999999977263e+01  3.21674399999999991451e+02  1.99143640625000000000e+05  1.73775546875000000000e+05  2.00000000000000000000e+00  2.60243380952377128396e-03  1.42728000000000008640e+02  2.54000000000000003553e-01  5.00000000000000027756e-02  4.23680000000000021032e+01  8.00000000000000016653e-02
1.11444444444444442865e+02  6.17005115907206747039e+00  9.78660051159072054361e+02  9.24201918465202538755e+01  5.01492410158975133072e+02  2.41144281171758164419e+05  2.19909854080724326195e+05  2.00000000000000000000e+00  2.83699844444435010996e-03  1.41200666664223575708e+02  2.45333194664448306366e-01  5.00000000000000027756e-02  4.19046666659255322429e+01  9.99990400076005148122e-02
1.11451388888888885731e+02  5.82000319744231120467e+00  9.78919988808951870851e+02  9.35999824140672842532e+01  4.37269058728591176077e+02  2.83144921718516328838e+05  2.66044161286448652390e+05  2.00000000000000000000e+00  3.08100538888878743363e-03  1.39673333328447171198e+02  2.36666389328896636934e-01  5.00000000000000027756e-02  4.14413333318510623826e+01  5.00000000000000027756e-02
1.11458333333333328596e+02  6.00000479616305781860e+00  9.78920057553956667107e+02  9.29298705035974563771e+01  2.37220433332973499319e+02  3.25145562265274464153e+05  3.12178468492173007689e+05  2.00000000000000000000e+00  3.31174952380953839526e-03  1.38146000009757386806e+02  2.27999648011264544056e-01  5.00000000000000027756e-02  4.09780000034294857869e+01  5.00000000000000027756e-02
1.11465277777777771462e+02  6.12998721023157422394e+00  9.79030009592326337042e+02  9.27101566746632101967e+01  2.33068175557808444864e+02  3.94581312370602681767e+05  3.53996145755403791554e+05  2.00000000000000000000e+00  3.27944793650795972731e-03  1.40179333336584420522e+02  2.20666549337093176320e-01  5.00000000000000027756e-02  4.16926666678093411633e+01  5.00000000000000027756e-02
1.11472222222222228538e+02  6.43000959232631874585e+00  9.79170035171863105461e+02  8.98900767386105599144e+01  3.05803687940527595401e+02  4.64017062629397318233e+05  3.95813822994596208446e+05  2.00000000000000000000e+00  3.24714634920631513987e-03  1.42212666663415575385e+02  2.13333450662906820572e-01  5.00000000000000027756e-02  4.24073333321906602578e+01  5.00000000000000027756e-02
1.11479166666666671404e+02  6.89994244604331186110e+00  9.79310009592326082384e+02  8.76206282973605254938e+01  4.38258139523508361890e+02  5.33452812318551936187e+05  4.37631499825525155757e+05  2.00000000000000000000e+00  3.21329626984119282734e-03  1.44245999990242609101e+02  2.06000351988735452835e-01  5.00000000000000027756e-02  4.31219999965705156342e+01  1.19999712002894054486e-01
1.11486111111111114269e+02  7.14002717825964250409e+00  9.79240000000000009095e+02  8.58000895283847029305e+01  3.75767088412045552559e+02  5.00985385295701329596e+05  4.06411822800350084435e+05  2.00000000000000000000e+00  3.11647417989412882713e-03  1.43973333334205648271e+02  1.73334378683389633835e-01  5.00000000000000027756e-02  4.32826666661526715529e+01  1.09999936000097428557e-01
1.11493055555555557135e+02  7.30989768185586363813e+00  9.79399916866507851410e+02  8.55698273381317591202e+01  3.32328405079112826570e+02  4.68517958272850664798e+05  3.75192145775175071321e+05  2.00000000000000000000e+00  3.01965208994706439324e-03  1.43700666667102808560e+02  1.40667189341694809368e-01  5.00000000000000027756e-02  4.34433333330763318259e+01  5.99997440020267891470e-02
1.11500000000000000000e+02  7.36000000000000031974e+00  9.79379999999999995453e+02  8.15499999999999971578e+01  6.45294300000000021100e+02  4.36050531250000000000e+05  3.43972468750000000000e+05  2.00000000000000000000e+00  2.92282999999999995935e-03  1.43427999999999997272e+02  1.07999999999999998779e-01  5.00000000000000027756e-02  4.36039999999999992042e+01  5.00000000000000027756e-02
1.11506944444444442865e+02  7.95999999999999996447e+00  9.79389961630695893291e+02  8.02293669064831647120e+01  2.80967433650808686707e+02  4.33725593754331057426e+05  3.17905020881893695332e+05  2.00000000000000000000e+00  2.82904693121695596791e-03  1.42239333331431964780e+02  1.05999967999488076131e-01  5.00000000000000027756e-02  4.41940000009437454764e+01  5.00000000000000027756e-02
1.11513888888888885731e+02  7.86999200639422280545e+00  9.79460014388490435522e+02  7.97899776179038298096e+01  3.72854883492376018239e+02  4.31400656258662114851e+05  2.91837573013787332457e+05  2.00000000000000000000e+00  2.73526386243391197647e-03  1.41050666662863932288e+02  1.03999935998976139606e-01  5.00000000000000027756e-02  4.47840000018874988541e+01  5.00000000000000027756e-02
1.11520833333333328596e+02  8.00997601918471247018e+00  9.79549980815347680618e+02  7.64297266187057289244e+01  1.92492260475757348104e+02  4.29075718762993172277e+05  2.65770125145680969581e+05  2.00000000000000000000e+00  2.64148079365086798503e-03  1.39861999998649963572e+02  1.01998336053250496236e-01  5.00000000000000027756e-02  4.53740000019866727143e+01  5.00000000000000027756e-02
1.11527777777777771462e+02  8.83998401278946666082e+00  9.79520015987210513231e+02  7.57998752997578435497e+01  3.46652050164321053671e+02  4.31055447912977309898e+05  2.58138729180888185510e+05  2.00000000000000000000e+00  2.56205693121701501280e-03  1.39580666666216842486e+02  6.73327786844404863054e-02  5.00000000000000027756e-02  4.57880000006619454211e+01  5.00000000000000027756e-02
1.11534722222222228538e+02  8.49000959232632013141e+00  9.79669984012789427652e+02  7.44696930455577756902e+01  3.68306435555397683856e+02  4.33035177087022690102e+05  2.50507333319111814490e+05  2.00000000000000000000e+00  2.48298616402110698675e-03  1.39299333333783152966e+02  3.26672213155595192458e-02  5.00000000000000027756e-02  4.62019999993380565684e+01  5.00000000000000027756e-02
1.11541666666666671404e+02  8.52999999999999936051e+00  9.79739966426858586601e+02  7.12801918465222996701e+01  4.38395192378100773567e+02  4.35014906266774458345e+05  2.42875937586673389887e+05  2.00000000000000000000e+00  2.40391539682536072367e-03  1.39018000001350031880e+02  -1.99833605325049068480e-03  5.00000000000000027756e-02  4.66159999980133292752e+01  1.49999376006270446204e-01
1.11548611111111114269e+02  9.32996482813457994610e+00  9.79799966426855689861e+02  6.75402014388655942412e+01  2.69290136983437889739e+02  4.38016447927849658299e+05  2.58384854224448936293e+05  2.00000000000000000000e+00  2.27165288888883263804e-03  1.40027999996768869551e+02  1.11329706608648243416e-01  5.00000000000000027756e-02  4.65646666668308881754e+01  5.00000000000000027756e-02
1.11555555555555557135e+02  8.65002557953603457008e+00  9.79929923261391877531e+02  7.00100191846520374384e+01  5.18308736825778055390e+02  4.41017989588924800046e+05  2.73893770862224453595e+05  2.00000000000000000000e+00  2.13670844444439206322e-03  1.41037999998384435685e+02  2.24664853304324146910e-01  5.00000000000000027756e-02  4.65133333334154457361e+01  9.99993600050670117252e-02
1.11562500000000000000e+02  9.53999999999999914735e+00  9.79850000000000022737e+02  6.37599999999999980105e+01  6.50908000000000015461e+02  4.44019531250000000000e+05  2.89402687500000000000e+05  2.00000000000000000000e+00  2.01441642857144243353e-03  1.42048000000000001819e+02  3.38000000000000022649e-01  5.00000000000000027756e-02  4.64620000000000032969e+01  1.00000000000000005551e-01
1.11569444444444442865e+02  9.51008313349210965271e+00  9.79960051159072122573e+02  6.63104284572285678223e+01  4.33061073968401728962e+02  4.13786000056321208831e+05  2.97120249985623173416e+05  2.00000000000000000000e+00  2.05520015873016190927e-03  1.43371333335450117374e+02  2.45331850642947379981e-01  5.00000000000000027756e-02  4.59359999991586249735e+01  5.00000000000000027756e-02
1.11576388888888885731e+02  8.46000799360577815378e+00  9.80220006394884649126e+02  6.91599392485960891008e+01  2.99259477618986409198e+02  3.83552468862642417662e+05  3.04837812471246346831e+05  2.00000000000000000000e+00  2.09598388888888095133e-03  1.44694666670900204508e+02  1.52663701285894737314e-01  5.00000000000000027756e-02  4.54099999983172466500e+01  5.00000000000000027756e-02
1.11583333333333328596e+02  8.49998081534777050194e+00  9.80199995203837033841e+02  6.96102685851312088516e+01  3.13515222380212435382e+02  3.53318937668963626493e+05  3.12555374956869520247e+05  2.00000000000000000000e+00  2.13020444444448828203e-03  1.46017999979797394872e+02  6.00011199641583142794e-02  5.00000000000000027756e-02  4.48840000005310599818e+01  5.00000000000000027756e-02
1.11590277777777771462e+02  8.72002238209474533903e+00  9.80150025579536873011e+02  7.01098848920841675181e+01  2.13019776508683179372e+02  4.06326145734551479109e+05  3.43479635359037609305e+05  2.00000000000000000000e+00  2.03425537037043961675e-03  1.41807999993268680328e+02  8.33337066547035210107e-02  5.00000000000000027756e-02  4.49946666668436137115e+01  5.00000000000000027756e-02
1.11597222222222228538e+02  7.57995203836840314437e+00  9.80260051159073668714e+02  7.68300127897684177469e+01  1.86608558412592145714e+02  4.59333354265448520891e+05  3.74403895890962390695e+05  2.00000000000000000000e+00  1.93830629629619449403e-03  1.37598000006731325584e+02  1.06666293345296481210e-01  5.00000000000000027756e-02  4.51053333331563877096e+01  5.00000000000000027756e-02
1.11604166666666671404e+02  7.49996642685859793431e+00  9.80470000000000027285e+02  7.83191318944866026186e+01  4.65447204286597127521e+02  5.12340562547224049922e+05  4.05328156298198213335e+05  2.00000000000000000000e+00  1.84494452380953312919e-03  1.33388000020202611040e+02  1.29998880035841701819e-01  5.19999929600166790888e-02  4.52159999994689414393e+01  5.00000000000000027756e-02
1.11611111111111114269e+02  8.28999840127884368712e+00  9.80469992006394249984e+02  7.24799840127884493768e+01  4.13030509046309930454e+02  5.20790604198149347212e+05  4.13952510448798828293e+05  2.00000000000000000000e+00  1.85679968253968873636e-03  1.35404666660215042384e+02  1.55332522653697846504e-01  5.00000000000000027756e-02  4.53113333330283509781e+01  1.59999792000316665153e-01
1.11618055555555557135e+02  8.14996163069594992123e+00  9.80530038369304065782e+02  7.27600127897680266642e+01  3.22418883809531450879e+02  5.29240645849074702710e+05  4.22576864599399385042e+05  2.00000000000000000000e+00  1.86865484126984434353e-03  1.37421333330107529491e+02  1.80666261326848931468e-01  5.00000000000000027756e-02  4.54066666665141767112e+01  5.00000000000000027756e-02
1.11625000000000000000e+02  8.21000000000000085265e+00  9.80590000000000031832e+02  7.15799999999999982947e+01  1.91817399999999992133e+02  5.37690687500000000000e+05  4.31201218750000000000e+05  2.00000000000000000000e+00  1.88050999999999995070e-03  1.39437999999999988177e+02  2.05999999999999988676e-01  5.00000000000000027756e-02  4.55020000000000024443e+01  5.00000000000000027756e-02
1.11631944444444442865e+02  8.10996802557995621896e+00  9.80659929656275835441e+02  7.27792965627590717759e+01  1.40846764444450400333e+02  5.81853895751062897034e+05  4.43411239560587622691e+05  2.00000000000000000000e+00  1.94972296296294471396e-03  1.40743333335421311858e+02  1.99999903998464206856e-01  5.00000000000000027756e-02  4.49466666657783733285e+01  5.00000000000000027756e-02
1.11638888888888885731e+02  7.84999360511537780383e+00  9.80669969624298005328e+02  7.29399584332499557604e+01  1.76687831269706094872e+02  6.26017104002125794068e+05  4.55621260371175245382e+05  2.00000000000000000000e+00  2.01893592592588926038e-03  1.42048666670842635540e+02  1.93999807996928425036e-01  5.00000000000000027756e-02  4.43913333315567371073e+01  5.00000000000000027756e-02
1.11645833333333328596e+02  8.08999999999999985789e+00  9.80699947242206462761e+02  7.07293333333350346948e+01  2.78199216189781395769e+02  6.70180312253188691102e+05  4.67831281181762868073e+05  2.00000000000000000000e+00  2.08814888888883380680e-03  1.43353999990949631638e+02  1.87998880035841670066e-01  5.00000000000000027756e-02  4.38360000031447611946e+01  1.49999232007717475668e-01
1.11652777777777771462e+02  8.70999360511578757382e+00  9.80729993605115851096e+02  6.71900063948842074524e+01  2.03685501269115434297e+02  5.81786708498059655540e+05  4.35038791727777279448e+05  2.00000000000000000000e+00  2.05443645502649367696e-03  1.41467999996984502786e+02  1.64666293345296477213e-01  5.00000000000000027756e-02  4.44913333343811387977e+01  8.99998080015201040727e-02
1.11659722222222228538e+02  8.76004796163159760169e+00  9.80660051159073645977e+02  6.70799008792946978019e+01  2.64811941269557053147e+02  4.93393104001940344460e+05  4.02246302022222720552e+05  2.00000000000000000000e+00  2.01819306878304278660e-03  1.39582000003015508582e+02  1.41333706654703517014e-01  5.00000000000000027756e-02  4.51466666656188593265e+01  5.00000000000000027756e-02
1.11666666666666671404e+02  9.20002877697834442472e+00  9.80860033573141436136e+02  6.37903021582726168504e+01  2.72419076665592854170e+02  4.04999499753963085823e+05  3.69453812315377464984e+05  2.00000000000000000000e+00  1.98194968253966605568e-03  1.37696000009050379731e+02  1.18001119964158310283e-01  5.00000000000000027756e-02  4.58019999968552369296e+01  6.99996160038587472707e-02
1.11673611111111114269e+02  8.24998561150960085797e+00  9.81119990407673071786e+02  6.77300527577981341665e+01  9.38824386347934165542e+01  3.60974854002642037813e+05  3.36418354043584957253e+05  2.00000000000000000000e+00  2.03940148148149327789e-03  1.38606666663753316016e+02  1.49998975983618332286e-01  5.00000000000000027756e-02  4.48733333363042774522e+01  5.00000000000000027756e-02
1.11680555555555557135e+02  6.95000000000000017764e+00  9.81279910471623907142e+02  7.76297505995236605258e+01  2.10422424127058803833e+02  3.16950208251321048010e+05  3.03382895771792507730e+05  3.71684539205233832604e+00  2.10157740740740282478e-03  1.39517333331876642433e+02  1.81999487991809150156e-01  5.00000000000000027756e-02  4.39446666681521378450e+01  5.00000000000000027756e-02
1.11687500000000000000e+02  7.15000000000000035527e+00  9.81360000000000013642e+02  7.85600000000000022737e+01  1.31524200000000007549e+02  2.72925562500000000000e+05  2.70347437500000000000e+05  2.00000000000000000000e+00  2.16375333333331237168e-03  1.40427999999999997272e+02  2.13999999999999995781e-01  5.00000000000000027756e-02  4.30159999999999982379e+01  5.00000000000000027756e-02
1.11694444444444442865e+02  7.00001278976801710741e+00  9.81509936051159911585e+02  7.94998912869718594720e+01  7.36811251111010250270e+01  2.37285614649726019707e+05  2.31038156323228176916e+05  2.81102137839624077742e+00  2.27080944444440178953e-03  1.39515999998541190052e+02  2.39333738673151080745e-01  5.00000000000000027756e-02  4.22479999987715260090e+01  5.99997440020267960858e-02
1.11701388888888885731e+02  6.92999680255768879533e+00  9.81569984012788495420e+02  8.18799760191826635491e+01  1.32607901745831725293e+02  2.01645666799452039413e+05  1.91728875146456353832e+05  2.00000000000000000000e+00  2.38134763888884310942e-03  1.38603999997082382833e+02  2.64667477346302137953e-01  5.00000000000000027756e-02  4.14799999975430537802e+01  5.00000000000000027756e-02
1.11708333333333328596e+02  6.58995683453248304318e+00  9.81719918465228033710e+02  8.57604556354904588034e+01  3.60945743808339258862e+01  1.66005718949178059120e+05  1.52419593969684559852e+05  2.88878122171933382489e+00  2.48540666666667792520e-03  1.37692000008058670346e+02  2.89996256119813611285e-01  5.00000000000000027756e-02  4.07119999999456183559e+01  5.00000000000000027756e-02
1.11715277777777771462e+02  6.11000639488421359857e+00  9.81560022382094643945e+02  8.93097250199788419422e+01  1.03997106666805649411e+02  1.47640356805058196187e+05  1.38677002629776747199e+05  2.00000000000000000000e+00  2.46096222222223987366e-03  1.39371333336018409454e+02  2.11998752039991078533e-01  5.00000000000000027756e-02  4.07006666666485443784e+01  5.00000000000000027756e-02
1.11722222222222228538e+02  6.14002557953685190739e+00  9.81789974420463067872e+02  8.88395523581050952089e+01  1.04594603492152160129e+02  1.29274994757441803813e+05  1.24934411432723267353e+05  2.00000000000000000000e+00  2.43651777777775194883e-03  1.41050666663981587590e+02  1.34001247960008923465e-01  5.00000000000000027756e-02  4.06893333333514561900e+01  5.00000000000000027756e-02
1.11729166666666671404e+02  6.14000479616305749886e+00  9.81750028776978297174e+02  9.01498273381299384255e+01  6.74305412856569006408e+01  1.10909632903642239398e+05  1.11191820277821825584e+05  2.00000000000000000000e+00  2.40988888888879699071e-03  1.42729999991941326698e+02  5.60037438801863907134e-02  5.00000000000000027756e-02  4.06780000000543822125e+01  5.00000000000000027756e-02
1.11736111111111114269e+02  6.07999680255768915060e+00  9.81780014388490371857e+02  9.13900447641923534547e+01  1.96185241745759491039e+01  1.27218182352428164450e+05  1.04986677060214555240e+05  3.08456423098632237512e+00  2.29442592592586473710e-03  1.40679333339893702259e+02  4.60003200051192773223e-02  5.00000000000000027756e-02  4.11319999985475845961e+01  5.00000000000000027756e-02
1.11743055555555557135e+02  5.73008313349211029220e+00  9.82070108713028162128e+02  8.78715027977419964600e+01  1.16027072444487497904e+01  1.43526731801214074949e+05  9.87815338426072703442e+04  2.00000000000000000000e+00  2.17896296296293204980e-03  1.38628666669946852608e+02  3.60001600025596363297e-02  5.00000000000000027756e-02  4.15859999992737954244e+01  5.00000000000000027756e-02
1.11750000000000000000e+02  5.20000000000000017764e+00  9.82070000000000050022e+02  9.25699999999999931788e+01  4.33255600000000029581e+01  1.59835281250000000000e+05  9.25763906250000000000e+04  2.00000000000000000000e+00  2.06349999999999979619e-03  1.36578000000000002956e+02  2.59999999999999988065e-02  5.00000000000000027756e-02  4.20399999999999991473e+01  8.00000000000000016653e-02
1.11756944444444442865e+02  5.16003836930405146433e+00  9.82119948840927918354e+02  9.19098784972038345131e+01  9.85349604444542421788e+01  1.56085598965318524279e+05  8.77351276131853228435e+04  2.00000000000000000000e+00  2.16239880952378334816e-03  1.37576000001596383981e+02  8.40009280148458908899e-02  5.00000000000000027756e-02  4.14299999990242611148e+01  5.00000000000000027756e-02
1.11763888888888885731e+02  5.20000159872115563786e+00  9.82050030375701908270e+02  9.15899200639422303993e+01  5.00602396666441435968e+01  1.52335916680637019454e+05  8.28938646013706456870e+04  2.00000000000000000000e+00  2.26129761904756646645e-03  1.38574000003192765007e+02  1.42001856029691786443e-01  5.00000000000000027756e-02  4.08199999980485230822e+01  5.00000000000000027756e-02
1.11770833333333328596e+02  5.28999040767388528650e+00  9.82279899280575818921e+02  8.98804844124687889462e+01  5.10116044762097473608e+01  1.48586234395955543732e+05  7.80526015895559685305e+04  2.00000000000000000000e+00  2.36019642857135001843e-03  1.39572000006446273801e+02  1.99999200025601203690e-01  5.00000000000000027756e-02  4.02099999985603844266e+01  8.00001439985529722021e-02
1.11777777777777771462e+02  5.28000000000000024869e+00  9.82170019184652574040e+02  8.79299392485999788960e+01  4.98759933968493101020e+01  1.39132835955116926925e+05  6.08872200840719597181e+04  2.00000000000000000000e+00  2.47394502645490550405e-03  1.40915333335481193444e+02  1.83333066675211764363e-01  5.00000000000000027756e-02  3.99099999995203305048e+01  5.00000000000000027756e-02
1.11784722222222228538e+02  5.29001278976842570501e+00  9.82239984012789477674e+02  8.88199904076736714842e+01  4.03246826032847494048e+01  1.29679437482383073075e+05  4.37218385096780402819e+04  2.00000000000000000000e+00  2.58805878306886524495e-03  1.42258666664518813150e+02  1.66666933324788241189e-01  5.00000000000000027756e-02  3.96100000004796726216e+01  5.00000000000000027756e-02
1.11791666666666671404e+02  5.34997122302165539764e+00  9.82220052757793609999e+02  8.94603693045554138052e+01  4.61278127619014597371e+01  1.20226039021501157549e+05  2.65564570900830585742e+04  2.00000000000000000000e+00  2.70217253968259123187e-03  1.43601999993553732793e+02  1.50000799974398801861e-01  5.00000000000000027756e-02  3.93100000014396186998e+01  1.29999952000482338343e-01
1.11798611111111114269e+02  5.23000000000000042633e+00  9.82389993605115364517e+02  9.11499024780095226106e+01  3.10513628730068447226e+01  1.12889906222667443217e+05  3.70837578517220390495e+04  2.00000000000000000000e+00  2.76561952777780277468e-03  1.41218000007626756087e+02  1.61999615993856871388e-01  5.00000000000000027756e-02  3.88900000013436439872e+01  5.00000000000000027756e-02
1.11805555555555557135e+02  5.36000000000000031974e+00  9.82410038369304061234e+02  8.84402110311722822189e+01  2.02756597460367906649e+01  1.05553773423833714332e+05  4.76110586133610195247e+04  2.00000000000000000000e+00  2.82651188888891242990e-03  1.38834000003813372359e+02  1.73999807996928435028e-01  5.00000000000000027756e-02  3.84700000006718170198e+01  6.99998080015201140647e-02
1.11812500000000000000e+02  5.33000000000000007105e+00  9.82580000000000040927e+02  8.86800000000000068212e+01  1.79024000000000000909e+01  9.82176406250000000000e+04  5.81383593750000000000e+04  2.00000000000000000000e+00  2.88634571428573018584e-03  1.36449999999999988631e+02  1.85999999999999998668e-01  5.00000000000000027756e-02  3.80499999999999971578e+01  5.00000000000000027756e-02
1.11819444444444442865e+02  5.32998721023198296365e+00  9.82560083133492071283e+02  8.95593285371791125726e+01  1.50226474603235864436e+01  8.84060651224443863612e+04  5.25504492291595670395e+04  2.00000000000000000000e+00  2.93253619047619418919e-03  1.39862666672125470768e+02  1.60666261326848913704e-01  5.00000000000000027756e-02  3.83673333338409321414e+01  5.00000000000000027756e-02
1.11826388888888885731e+02  5.29000479616346641620e+00  9.82700004796163511855e+02  8.91698209432305901601e+01  9.79796398571311755177e+00  7.85944896198887581704e+04  4.69625390833191268030e+04  2.00000000000000000000e+00  2.97872666666665819254e-03  1.43275333344250952905e+02  1.35332522653697828741e-01  5.00000000000000027756e-02  3.86846666676818671249e+01  6.00001439997807778370e-02
1.11833333333333328596e+02  5.14999040767388560624e+00  9.82750076738608868254e+02  8.87401870503592391515e+01  9.85536909534354910178e-01  6.87829141173331445316e+04  4.13746289374786938424e+04  2.00000000000000000000e+00  3.01284253968263316878e-03  1.46688000001772309133e+02  1.10000799974398794090e-01  5.00000000000000027756e-02  3.90020000009373504213e+01  5.00000000000000027756e-02
1.11840277777777771462e+02  4.99000639488421349199e+00  9.83129936051157869770e+02  9.03698049560315155304e+01  -1.38650372381176212322e+00  7.63047109234827221371e+04  5.06803437326582934475e+04  2.00000000000000000000e+00  2.80747878306893084918e-03  1.47057333333923850205e+02  1.26666933324788233417e-01  5.00000000000000027756e-02  3.91973333336456519760e+01  5.00000000000000027756e-02
1.11847222222222228538e+02  4.68002238209474530350e+00  9.83100025579536918485e+02  9.10699328537157555274e+01  -6.01408187293611340429e-01  8.38265078265172778629e+04  5.99860586110917065525e+04  2.00000000000000000000e+00  2.60211502645480829282e-03  1.47426666666076130241e+02  1.43333066675211784347e-01  5.00000000000000027756e-02  3.93926666663543514346e+01  5.00000000000000027756e-02
1.11854166666666671404e+02  4.54000479616305785413e+00  9.83160028776978265341e+02  9.19600335731414020302e+01  -1.37337972857119772208e+00  9.13483046319676795974e+04  6.92917733582632645266e+04  2.00000000000000000000e+00  2.40007547619042280879e-03  1.47795999998227671313e+02  1.59999200025601195918e-01  5.00000000000000027756e-02  3.95879999990626529893e+01  5.00000000000000027756e-02
1.11861111111111114269e+02  4.45000000000000017764e+00  9.83230009592326950951e+02  9.38999680255768964798e+01  -1.28801074762108225258e+00  8.14116223588117863983e+04  5.51135390096755145350e+04  2.00000000000000000000e+00  2.33322031746028201935e-03  1.48906666663113469440e+02  1.62666581331968207458e-01  5.00000000000000027756e-02  3.90353333351013986885e+01  5.00000000000000027756e-02
1.11868055555555557135e+02  4.40000000000000035527e+00  9.83200076738608117921e+02  9.37798273381317670783e+01  -1.78180702222233744436e+00  7.14749400856558931991e+04  4.09353046610877572675e+04  2.00000000000000000000e+00  2.26636515873014079622e-03  1.50017333331556727671e+02  1.65333290665984095069e-01  5.00000000000000027756e-02  3.84826666675506956494e+01  5.00000000000000027756e-02
1.11875000000000000000e+02  4.40000000000000035527e+00  9.83269999999999981810e+02  9.33299999999999982947e+01  -1.46532499999999998863e+00  6.15382578125000000000e+04  2.67570703125000000000e+04  2.00000000000000000000e+00  2.19951000000000000678e-03  1.51127999999999985903e+02  1.68000000000000010436e-01  5.00000000000000027756e-02  3.79299999999999997158e+01  5.00000000000000027756e-02
1.11881944444444442865e+02  4.31997442046396606941e+00  9.83369961630695911481e+02  9.25800831334921099369e+01  -1.63682979682529183840e+00  7.77398905948184255976e+04  2.43887981814951235719e+04  2.00000000000000000000e+00  2.23018460317459497888e-03  1.51389333333751352484e+02  1.53333098662912531429e-01  5.00000000000000027756e-02  3.76606666662358477993e+01  5.00000000000000027756e-02
1.11888888888888885731e+02  4.20001119104808839921e+00  9.83300020783374975508e+02  9.35600047961634686544e+01  -1.60450296190506702665e+00  9.39415233771368511952e+04  2.20205260504902435059e+04  2.00000000000000000000e+00  2.26085920634918995098e-03  1.51650666667502719065e+02  1.38666197325825080178e-01  5.00000000000000027756e-02  3.73913333324716958828e+01  5.00000000000000027756e-02
1.11895833333333328596e+02  4.17999999999999971578e+00  9.83330038369304475054e+02  9.25401247002395024310e+01  -7.86825190476164837428e-01  1.10143156159455276793e+05  1.96522539194853670779e+04  2.00000000000000000000e+00  2.29153380952378492308e-03  1.51911999983914682844e+02  1.23998528047106204575e-01  5.00000000000000027756e-02  3.71220000009277555364e+01  5.00000000000000027756e-02
1.11902777777777771462e+02  4.22997761790525483860e+00  9.83320015987210581443e+02  9.14899584332526103481e+01  -6.34975104762677933223e-01  9.50253958615061128512e+04  2.91065130032148044847e+04  2.00000000000000000000e+00  2.27790756613758171509e-03  1.48559999994640520526e+02  9.33328426823896578624e-02  5.00000000000000027756e-02  3.73153333336424495315e+01  5.00000000000000027756e-02
1.11909722222222228538e+02  4.31997761790525469650e+00  9.83259984012789459484e+02  9.12000767386105621881e+01  -1.29681819047456264871e-01  7.99076353884938871488e+04  3.85607721530351991532e+04  2.00000000000000000000e+00  2.26319195767194728669e-03  1.45208000005359480156e+02  6.26671573176103557934e-02  5.00000000000000027756e-02  3.75086666663575485359e+01  5.00000000000000027756e-02
1.11916666666666671404e+02  4.13002877697834414050e+00  9.83369985611510855961e+02  9.11299520383694243719e+01  -2.30542428570838453528e-01  6.47898749968644697219e+04  4.80150312875978343072e+04  2.00000000000000000000e+00  2.24847634920634278227e-03  1.41856000016085317839e+02  3.20014719528937952031e-02  5.00000000000000027756e-02  3.77019999990722425309e+01  7.99996160038587422747e-02
1.11923611111111114269e+02  4.03999680255768911508e+00  9.83330011191048129149e+02  9.08800351718654155775e+01  -5.23038774600142919446e-01  6.42288190083263179986e+04  5.47426041917318871128e+04  2.00000000000000000000e+00  2.21828129629629035302e-03  1.44805999990562497715e+02  5.13327146567694042600e-02  5.00000000000000027756e-02  3.78739999994497438252e+01  5.00000000000000027756e-02
1.11930555555555557135e+02  3.99000639488400876687e+00  9.83300108713028066632e+02  9.05199872102319744727e+01  2.74114946031195627629e-01  6.36677630197881589993e+04  6.14701770958659471944e+04  2.00000000000000000000e+00  2.18730576719576965197e-03  1.47755999995281257497e+02  7.06663573283846935258e-02  5.00000000000000027756e-02  3.80459999997248772274e+01  8.99992320060804124049e-02
1.11937500000000000000e+02  4.00000000000000000000e+00  9.83389999999999986358e+02  9.07199999999999988631e+01  1.36989999999999993718e-02  6.31067070312500000000e+04  6.81977500000000000000e+04  2.00000000000000000000e+00  2.15633023809524851724e-03  1.50705999999999988859e+02  8.99999999999999966693e-02  5.00000000000000027756e-02  3.82180000000000035243e+01  1.30000000000000004441e-01
1.11944444444444442865e+02  4.04000000000000003553e+00  9.83310095923260064410e+02  9.12499552358119387918e+01  5.20975999999999994650e-01  5.95458138087168263155e+04  7.08369348909168620594e+04  2.00000000000000000000e+00  2.20441822222220123323e-03  1.49200666664258761784e+02  1.02666869336575539151e-01  5.00000000000000027756e-02  3.80546666664054029638e+01  1.19999488004053592172e-01
1.11951388888888885731e+02  4.01000319744231070729e+00  9.83390009592326919119e+02  9.07100239808173256506e+01  3.21846652380525066750e-01  5.59849205861836453550e+04  7.34761197818337386707e+04  2.00000000000000000000e+00  2.25864044444442193041e-03  1.47695333328517534710e+02  1.15333738673151081633e-01  5.00000000000000027756e-02  3.78913333328108095088e+01  5.00000000000000027756e-02
1.11958333333333328596e+02  3.96999520383694282089e+00  9.83519990407673844857e+02  9.11702973621095651424e+01  -6.36413904754720427537e-02  5.24240273636504716706e+04  7.61153046727506007301e+04  2.00000000000000000000e+00  2.31486238095233737982e-03  1.46190000012975730215e+02  1.27999424018432866879e-01  5.00000000000000027756e-02  3.77279999969448169850e+01  5.00000000000000027756e-02
1.11965277777777771462e+02  3.87000639488421294132e+00  9.83570035171863196410e+02  9.18399072741789126439e+01  1.07863409523728137618e-01  6.03426848810764786322e+04  6.15713561468951083953e+04  2.00000000000000000000e+00  2.41074531746024835546e-03  1.48894000004323402209e+02  1.15999808006152477224e-01  5.00000000000000027756e-02  3.70913333323153722176e+01  1.49999968000253336431e-01
1.11972222222222228538e+02  3.81999999999999984013e+00  9.83540031974421026462e+02  9.18799680255789326111e+01  2.80883073013675543805e-01  6.82613424626735213678e+04  4.70274075249798916047e+04  2.00000000000000000000e+00  2.50662825396835578853e-03  1.51597999995676588014e+02  1.04000191993847523886e-01  5.00000000000000027756e-02  3.64546666676846271571e+01  9.99994560043069580235e-02
1.11979166666666671404e+02  3.79999040767388507334e+00  9.83659928057554111547e+02  9.20700959232611353400e+01  -9.76323333335822107770e-01  7.61800000263830734184e+04  3.24834590549672320776e+04  2.00000000000000000000e+00  2.59785047619039794961e-03  1.54301999987024260008e+02  9.20005759815671342317e-02  5.00000000000000027756e-02  3.58180000030551823897e+01  5.00000000000000027756e-02
1.11986111111111114269e+02  3.75999999999999978684e+00  9.83649992006394199962e+02  9.28899664268557359037e+01  -2.10732431744159842690e-01  8.09008593925887253135e+04  4.51148893699781547184e+04  2.00000000000000000000e+00  2.49953698412693197523e-03  1.52369333339516202841e+02  9.26666453329920425386e-02  5.00000000000000027756e-02  3.60706666658583472440e+01  7.99998880001705076070e-02
1.11993055555555557135e+02  3.81999360511599128643e+00  9.83769974420463995557e+02  9.23800255795360243383e+01  -8.43254215872711876401e-01  8.56217187587943626568e+04  5.77463196849890809972e+04  2.00000000000000000000e+00  2.40122349206346600084e-03  1.50436666669758096759e+02  9.33333226664960213803e-02  5.00000000000000027756e-02  3.63233333329291738778e+01  5.00000000000000027756e-02
1.12000000000000000000e+02  3.77000000000000001776e+00  9.83740000000000009095e+02  9.33400000000000034106e+01  -1.31848999999999993982e-01  9.03425781250000000000e+04  7.03777500000000000000e+04  2.00000000000000000000e+00  2.30291000000000002645e-03  1.48503999999999990678e+02  9.40000000000000002220e-02  5.00000000000000027756e-02  3.65760000000000005116e+01  5.00000000000000027756e-02
