#                     time          SMEAR_TEMP_168.dat             SMEAR_PRESS.dat                SMEAR_RH.dat               SMEAR_SWR.dat                SA_tower.dat               SA_ground.dat                     NH3.dat                SMEAR_CS.dat            SMEAR_GAS_CO.dat           SMEAR_GAS_NO2.dat            SMEAR_GAS_NO.dat            SMEAR_GAS_O3.dat           SMEAR_GAS_SO2.dat
9.50000000000000000000e+01  1.97999999999999998224e+00  9.82480000000000018190e+02  1.00000000000000000000e+02  2.96532499999999998863e+00  6.89476806640625000000e+03  -3.22114003906250000000e+04  2.00000000000000000000e+00  6.27588500000000014400e-03  1.88354000000000013415e+02  1.04600000000000004086e+00  5.00000000000000027756e-02  3.93359999999999985221e+01  5.00000000000000027756e-02
9.50069444444444428655e+01  2.05999360511599149959e+00  9.82549955235811921739e+02  1.00000000000000000000e+02  2.79012456507924433424e+00  1.09094762295002765313e+04  -2.21279192082373629091e+04  4.49612194281241439597e+00  6.17476892857145472082e-03  1.89668000002101848622e+02  1.02399964799436871132e+00  5.00000000000000027756e-02  3.88619999992418030388e+01  2.09998592011147400260e-01
9.50138888888888857309e+01  2.09000479616346623857e+00  9.82430012789769193660e+02  1.00000000000000000000e+02  2.91170967777714695401e+00  1.49241843925943030627e+04  -1.20444380258497294562e+04  2.47656986359501019024e+00  6.07365285714291103236e-03  1.90982000004203683829e+02  1.00199929598873760384e+00  5.00000000000000027756e-02  3.83879999984836075555e+01  6.99999200001217986022e-02
9.50208333333333285964e+01  2.07002398081528671270e+00  9.82429971223021652804e+02  1.00000000000000000000e+02  2.82396627142880207728e+00  1.89388925556883295940e+04  -1.96095684346209236537e+03  9.32180147592042551707e+00  5.97253678571436560918e-03  1.92296000020509723072e+02  9.80003967873018022594e-01  5.00000000000000027756e-02  3.79139999983108495485e+01  5.00000000000000027756e-02
9.50277777777777714618e+01  2.09999040767368061466e+00  9.82499987210231552126e+02  1.00000000000000000000e+02  2.74715248888978402775e+00  1.19253603646326009766e+04  -2.92481363752671677503e+03  4.14483807469638954046e+00  6.02747582010575762984e-03  1.96570000006833652151e+02  1.06266798929094963277e+00  5.00000000000000027756e-02  3.75619999994371909224e+01  5.00000000000000027756e-02
9.50347222222222285382e+01  2.08999040767368038374e+00  9.82379980815347380485e+02  1.00000000000000000000e+02  2.82208107936605623323e+00  4.91182811192989902338e+03  -3.88867049333265822497e+03  4.12554111849505389387e+00  6.08625227513231743109e-03  2.00843999993166335116e+02  1.14533201070905032992e+00  5.00000000000000027756e-02  3.72100000005628075428e+01  5.00000000000000027756e-02
9.50416666666666714036e+01  2.05001918465222932042e+00  9.82529942446043264681e+02  1.00000000000000000000e+02  3.00988668571526041262e+00  -2.10170408394011610653e+03  -4.85252730192040871771e+03  5.83896523873176320762e+00  6.14502873015875666907e-03  2.05117999979490264195e+02  1.22799603212698182908e+00  5.00000000000000027756e-02  3.68580000016891489167e+01  7.99989440106115556883e-02
9.50486111111111142691e+01  2.14999040767306714983e+00  9.82529996802557661795e+02  1.00000000000000000000e+02  3.19639147301528270262e+00  1.05155941930033941389e+03  2.63225588726139449136e+03  9.74023058223120941079e+00  6.18995616666668472400e-03  2.04559333335120584252e+02  1.26333220264857848392e+00  5.00000000000000027756e-02  3.62380000019834653813e+01  5.00000319999512887748e-02
9.50555555555555571345e+01  2.12999999999999989342e+00  9.82499980815347953467e+02  1.00000000000000000000e+02  3.12021600952433386666e+00  4.20482292254079493432e+03  1.01170390764431977004e+04  3.80232720820376268733e+00  6.23418533333335023183e-03  2.04000666667560295764e+02  1.29866610132428927926e+00  5.00000000000000027756e-02  3.56180000009917350212e+01  5.00000000000000027756e-02
9.50625000000000000000e+01  2.16999999999999992895e+00  9.82529999999999972715e+02  1.00000000000000000000e+02  2.88184899999999988296e+00  7.35808642578125000000e+03  1.76018222656250000000e+04  2.69139159901115698759e+00  6.28530190476195207289e-03  2.03442000000000007276e+02  1.33400000000000007461e+00  5.00000000000000027756e-02  3.49979999999999975557e+01  5.00000000000000027756e-02
9.50694444444444428655e+01  2.24999360511599144630e+00  9.82360076738608086089e+02  1.00000000000000000000e+02  3.13084367301560018149e+00  -6.98501612595770893677e+02  9.49563998905911648762e+03  6.21543332163686912395e+00  6.42518947089948128798e-03  2.02017999997722199623e+02  1.30999961599385694733e+00  5.00000000000000027756e-02  3.46186666660598945100e+01  5.00000000000000027756e-02
9.50763888888888857309e+01  2.26999840127884455754e+00  9.82479992006394240889e+02  1.00000000000000000000e+02  3.41424122380610528538e+00  -8.75508965097279178735e+03  1.38945771249323479424e+03  8.68514101313745889854e+00  6.56507703703701050307e-03  2.00593999995444420392e+02  1.28599923198771382005e+00  5.00000000000000027756e-02  3.42393333321197914643e+01  5.00000000000000027756e-02
9.50833333333333285964e+01  2.28001438848917192814e+00  9.82539995203836951987e+02  1.00000000000000000000e+02  3.15184677142780156345e+00  -1.68116776893498135905e+04  -6.71672456407264689915e+03  5.92588832380245111864e+00  6.69934999999999020864e-03  1.99170000007892298299e+02  1.26200083197337487029e+00  5.00000000000000027756e-02  3.38599999986115705042e+01  5.00000000000000027756e-02
9.50902777777777714618e+01  2.36998721023157399301e+00  9.82789984012789432199e+02  1.00000000000000000000e+02  3.13473736190667473522e+00  -4.63708726227134684450e+03  -3.49209847606135008391e+03  4.55051675661097299042e+00  6.72226666666665001459e-03  2.00814666669296315149e+02  1.27933361065777972954e+00  5.00000000000000027756e-02  3.35706666662040547067e+01  5.00000000000000027756e-02
9.50972222222222285382e+01  2.33000959232631954521e+00  9.82600041566747449906e+02  1.00000000000000000000e+02  3.01882920317456227011e+00  7.53750327789635048248e+03  -2.67472324719899006595e+02  3.67352181682110945360e+00  6.74518333333335752544e-03  2.02459333330703685760e+02  1.29666638934222033797e+00  5.00000000000000027756e-02  3.32813333337959420533e+01  5.00000000000000027756e-02
9.51041666666666714036e+01  2.43998081534777044865e+00  9.82629999999999995453e+02  1.00000000000000000000e+02  2.90175512380790756595e+00  1.97120937350339336263e+04  2.95715378719715181433e+03  6.08288168441478838133e+00  6.76772166666667236712e-03  2.04103999992107702610e+02  1.31399916802662541926e+00  5.00000000000000027756e-02  3.29920000013884262557e+01  5.00000000000000027756e-02
9.51111111111111142691e+01  2.43000159872115562010e+00  9.82640007993605763659e+02  1.00000000000000000000e+02  2.86474638412710636004e+00  1.70341389874184569635e+04  -8.71449233014398942032e+02  4.34307654772436357860e+00  6.77487444444444756458e-03  2.03209333336195498987e+02  1.34933220264857856030e+00  5.00000000000000027756e-02  3.27506666674387290072e+01  1.49999920000121772512e-01
9.51180555555555571345e+01  2.40000639488400846489e+00  9.82879884892087829940e+02  1.00000000000000000000e+02  2.57354846349209509526e+00  1.43561842398029766628e+04  -4.70005225322595015314e+03  6.09325602640165175927e+00  6.78202722222222362941e-03  2.02314666668097743241e+02  1.38466610132428935565e+00  5.00000000000000027756e-02  3.25093333337193612920e+01  1.39999296005573703461e-01
9.51250000000000000000e+01  2.37000000000000010658e+00  9.82940000000000054570e+02  1.00000000000000000000e+02  2.11986300000000005284e+00  1.16782294921875000000e+04  -8.52865527343750000000e+03  3.88933975043912605329e+00  6.78917999999999969424e-03  2.01419999999999987494e+02  1.41999999999999992895e+00  5.00000000000000027756e-02  3.22680000000000006821e+01  8.99999999999999966693e-02
9.51319444444444428655e+01  2.37003197442004243101e+00  9.82850044764188055524e+02  1.00000000000000000000e+02  1.87209141904741982465e+00  1.17221552733556727617e+04  -1.26482630131590303790e+04  9.13670870033897486451e+00  6.72348555555557243074e-03  2.02761333335478894924e+02  1.43000016000255958382e+00  5.00000000000000027756e-02  3.18273333326284557643e+01  5.00000000000000027756e-02
9.51388888888888857309e+01  2.40999680255768922166e+00  9.83009984012788436303e+02  1.00000000000000000000e+02  1.79258045079485128781e+00  1.17660810545238437044e+04  -1.67678707528805607581e+04  7.02619607134948864768e+00  6.65779111111114603461e-03  2.04102666670957773931e+02  1.44000032000511923869e+00  5.00000000000000027756e-02  3.13866666652569108464e+01  5.00000000000000027756e-02
9.51458333333333285964e+01  2.41999040767388517992e+00  9.83020095923261123971e+02  1.00000000000000000000e+02  2.03657046190429991128e+00  1.18100068356920164661e+04  -2.08874784926020874991e+04  1.11435226701859217968e+01  6.59209666666671877111e-03  2.05443999991128748661e+02  1.44999888003584165297e+00  5.00000000000000027756e-02  3.09459999985060001393e+01  5.00000000000000027756e-02
9.51527777777777714618e+01  2.32999680255789343164e+00  9.83220022382094725799e+02  1.00000000000000000000e+02  2.07734718095413084527e+00  4.41961459710573308257e+03  -6.83952867201245499018e+03  8.97064512163260374678e+00  6.53858931216936851288e-03  2.03595333330377513903e+02  1.42666629334529648787e+00  5.00000000000000027756e-02  3.06346666661688793454e+01  5.00000000000000027756e-02
9.51597222222222285382e+01  2.29001278976842614910e+00  9.83359961630694783707e+02  1.00000000000000000000e+02  1.79064769524053701844e+00  -2.97077768304323399207e+03  7.20842125013745680917e+03  5.67306398266835465449e+00  6.48538164021160174616e-03  2.01746666669622470636e+02  1.40333370665470336114e+00  5.00000000000000027756e-02  3.03233333338311226157e+01  7.99998080015201090687e-02
9.51666666666666714036e+01  2.26997601918471314519e+00  9.83190043165467614017e+02  1.00000000000000000000e+02  1.75879650476023718930e+00  -1.03611699018933577463e+04  2.12563710348246131616e+04  4.32697474188355002411e+00  6.43217396825394339965e-03  1.99898000008871235877e+02  1.38000111996415819604e+00  5.00000000000000027756e-02  3.00120000014940018218e+01  5.00000000000000027756e-02
9.51736111111111142691e+01  2.20000479616346655831e+00  9.83090014388490430974e+02  1.00000000000000000000e+02  1.47117870476107048816e+00  -6.78575230601484327053e+03  1.07125494398830742284e+04  6.41193241538998215390e+00  6.37523574074072996859e-03  2.00700666664098832825e+02  1.39399955199283298590e+00  5.00000000000000027756e-02  2.96440000011772859523e+01  7.99998880001705076070e-02
9.51805555555555571345e+01  2.22001918465202585651e+00  9.83090147082332237005e+02  1.00000000000000000000e+02  1.13437706666701254576e+00  -3.21033471013632788527e+03  1.68727844941535295220e+02  1.02398452981940728534e+01  6.31810941798942229258e-03  2.01503333332049408000e+02  1.40799977599641645831e+00  5.00000000000000027756e-02  2.92760000005886453778e+01  5.00000000000000027756e-02
9.51875000000000000000e+01  2.16999999999999992895e+00  9.83309999999999945430e+02  1.00000000000000000000e+02  9.44776999999999977931e-01  3.65082885742187500000e+02  -1.03750937500000000000e+04  5.43657628096568057430e+00  6.26098309523811461658e-03  2.02306000000000011596e+02  1.42199999999999993072e+00  5.00000000000000027756e-02  2.89080000000000012506e+01  5.00000000000000027756e-02
9.51944444444444428655e+01  2.14001918465202578545e+00  9.83420031974419998733e+02  1.00000000000000000000e+02  9.15946349206737120419e-01  6.46415745934132610273e+03  -3.67998065516943825060e+02  5.34720649893967081567e+00  6.22541466666667962088e-03  2.02059333332938791727e+02  1.47200080001279820507e+00  5.00000000000000027756e-02  2.90333333335338146242e+01  5.00000000000000027756e-02
9.52013888888888857309e+01  2.15000159872115537141e+00  9.83270015987211536412e+02  1.00000000000000000000e+02  4.71655266666117345409e-01  1.25632320329404647055e+04  9.63909761896611234988e+03  4.93498253599471947695e+00  6.19151883333334766141e-03  2.01812666665877543437e+02  1.52200160002559647943e+00  5.00000000000000027756e-02  2.91586666670676279978e+01  1.19999872000194851562e-01
9.52083333333333285964e+01  2.09997122302165584173e+00  9.83379990407673858499e+02  1.00000000000000000000e+02  5.40606928570504963183e-01  1.86623066065396051272e+04  1.96461933034491703438e+04  9.13358685542582016126e+00  6.14342444444459460234e-03  2.01565999991650215861e+02  1.57202499120021865764e+00  5.00000000000000027756e-02  2.92840000009341494547e+01  7.99993760062704534208e-02
9.52152777777777714618e+01  2.07999040767368059690e+00  9.83360000000000013642e+02  1.00000000000000000000e+02  4.76339568255840173361e-01  1.85808346355684952869e+04  1.69272265675669441407e+04  5.87821207204405293822e+00  5.81372537037060793663e-03  1.99825999997217934379e+02  2.09267499706638426815e+00  5.60000012799915097839e-02  2.94786666669779151562e+01  8.99993920048136608614e-02
9.52222222222222285382e+01  2.06999680255789320071e+00  9.83510035171863137293e+02  1.00000000000000000000e+02  1.40954597777956824878e+00  1.84993626300565047131e+04  1.42082597605580558593e+04  6.91390661752130597506e+00  5.48402629629594646349e-03  1.98086000002782071761e+02  2.61332500293361569277e+00  6.39999987200084857752e-02  2.96733333330220823143e+01  5.00000000000000027756e-02
9.52291666666666714036e+01  2.05998561151082792975e+00  9.83570038369304484149e+02  1.00000000000000000000e+02  1.78818112857661160042e+00  1.84178906273814791348e+04  1.14892929820048611873e+04  6.90681913389822010885e+00  5.15770301587286598283e-03  1.96346000008349790278e+02  3.13397500879978130328e+00  7.19999961600090998548e-02  2.98679999990658480158e+01  5.00000000000000027756e-02
9.52361111111111142691e+01  1.99998880895191200047e+00  9.83350009592326955499e+02  1.00000000000000000000e+02  3.10223046031697213820e+00  1.88440208349209860899e+04  1.38610533942532420042e+04  2.48002940712151342950e+00  4.96866201058191077344e-03  1.95533333335933178887e+02  2.56535153095778278853e+00  5.93333373866590102486e-02  3.01646666657175863691e+01  5.00000000000000027756e-02
9.52430555555555571345e+01  1.94999999999999995559e+00  9.83530057553955998628e+02  1.00000000000000000000e+02  4.43749951111210183541e+00  1.92701510424604930449e+04  1.62328138065016210021e+04  1.19473440017474352715e+01  4.77962100529095556406e-03  1.94720666667966582963e+02  1.99667576547889136229e+00  5.00000000000000027756e-02  3.04613333328587927440e+01  7.00003199974665035743e-02
9.52500000000000000000e+01  1.94999999999999995559e+00  9.83549999999999954525e+02  1.00000000000000000000e+02  6.71746599999999993713e+00  1.96962812500000000000e+04  1.86045742187500000000e+04  1.75984925587971865468e+01  4.59058000000000035468e-03  1.93907999999999987040e+02  1.42799999999999993605e+00  5.00000000000000027756e-02  3.07579999999999991189e+01  1.49999999999999994449e-01
9.52569444444444428655e+01  1.90998721023198303470e+00  9.83490038369304102162e+02  1.00000000000000000000e+02  1.02460687746041116952e+01  7.97980405828463699436e+03  1.92822682279042091977e+04  3.65451288440580981387e+01  4.42808330687835018102e-03  1.92616666664601069670e+02  1.31533153063782815018e+00  5.00000000000000027756e-02  3.12206666674067356837e+01  6.99995520035469054321e-02
9.52638888888888857309e+01  1.81000319744231097374e+00  9.83620001598721160008e+02  1.00000000000000000000e+02  1.35354168412550883716e+01  -3.73667313343072601128e+03  1.99599622370584183955e+04  3.74749834404491224404e+01  4.26558661375670000737e-03  1.91325333329202152299e+02  1.20266306127565614226e+00  5.00000000000000027756e-02  3.16833333348134722485e+01  1.49999744000389734211e-01
9.52708333333333285964e+01  1.86001438848917222124e+00  9.83809952038369374350e+02  1.00000000000000000000e+02  1.47672970952284856594e+01  -1.54531503251460890169e+04  2.06376562462126275932e+04  3.36759246716617397510e+01  4.10308992063504983372e-03  1.90034000009050373592e+02  1.09000236792422056098e+00  5.00000000000000027756e-02  3.21459999983012565394e+01  1.00000431995658917161e-01
9.52777777777777714618e+01  1.84000319744210649731e+00  9.83800003197442038072e+02  1.00000000000000000000e+02  1.89443319365180684599e+01  -1.33446468138251439086e+04  3.02663150862231341307e+04  2.62081515273672565058e+01  4.05716132275136826674e-03  1.91920000003015502443e+02  1.13933412264137312597e+00  5.00000000000000027756e-02  3.17919999994339939065e+01  5.00000000000000027756e-02
9.52847222222222285382e+01  1.75999040767368053473e+00  9.84129987210231547579e+02  1.00000000000000000000e+02  2.34928013015826380183e+01  -1.12361432252373560914e+04  3.98949739762768658693e+04  2.46490460968340450165e+01  4.01409915343912179070e-03  1.93805999996984496647e+02  1.18866587735862694331e+00  5.00000000000000027756e-02  3.14380000005660065199e+01  5.00000000000000027756e-02
9.52916666666666714036e+01  1.75999520383694263437e+00  9.84200009592326182428e+02  1.00000000000000000000e+02  2.69861297142877560873e+01  -9.12763963442557906092e+03  4.95236328800126866554e+04  2.56744866324583504991e+01  3.97103698412696378556e-03  1.95691999990949625499e+02  1.23799763207577950830e+00  5.00000000000000027756e-02  3.10840000016987474396e+01  1.19999280007235142875e-01
9.52986111111111142691e+01  1.77999680255768910619e+00  9.84619992006394227246e+02  1.00000000000000000000e+02  3.01766459841401974984e+01  -6.62041486696080301044e+03  6.16040234825084553449e+04  2.00795477355175151501e+01  3.94920277777776902034e-03  1.95450000000774195996e+02  1.11267067739749481170e+00  5.00000000000000027756e-02  3.15106666653016951329e+01  7.00000639999025786597e-02
9.53055555555555571345e+01  1.75001278976801688536e+00  9.84180006394884003385e+02  1.00000000000000000000e+02  3.50300552698422222875e+01  -4.11319009949602695997e+03  7.36844140850042313104e+04  4.07864033919974673381e+01  3.92843888888888114613e-03  1.95208000000387102091e+02  9.87335338698747455588e-01  5.00000000000000027756e-02  3.19373333326508479502e+01  5.00000000000000027756e-02
9.53125000000000000000e+01  1.84000000000000007994e+00  9.84149999999999977263e+02  1.00000000000000000000e+02  4.55363899999999972579e+01  -1.60596533203125000000e+03  8.57648046875000000000e+04  5.26440334661502262747e+01  3.90417166666664301397e-03  1.94966000000000008185e+02  8.61999999999999988454e-01  5.00000000000000027756e-02  3.23639999999999972147e+01  5.00000000000000027756e-02
9.53194444444444428655e+01  1.70992965627590653988e+00  9.84010057553956016818e+02  1.00000000000000000000e+02  6.14302281904679290392e+01  -2.51336376784088224667e+03  8.16285781327052682173e+04  3.76096366991024027016e+01  3.83475037037036507043e-03  1.94222666665477646575e+02  8.05332426652161981195e-01  5.00000000000000027756e-02  3.19279999993025853655e+01  6.99994240045603149936e-02
9.53263888888888857309e+01  1.73999520383653361044e+00  9.84069993605115428181e+02  1.00000000000000000000e+02  5.35903592063583644745e+01  -3.42076220365051449335e+03  7.74923515779105218826e+04  4.71440556507539980657e+01  3.76532907407408712688e-03  1.93479333330955284964e+02  7.48664853304324084959e-01  5.00000000000000027756e-02  3.14919999986051699636e+01  1.29999808000292288446e-01
9.53333333333333285964e+01  1.66000479616305729458e+00  9.84059995203836933797e+02  1.00000000000000000000e+02  4.61848435238065206931e+01  -4.32816063946014764952e+03  7.33561250231157900998e+04  5.80371803693143419878e+01  3.69714571428573406456e-03  1.92735999997773376435e+02  6.92003839877114224066e-01  7.60000003199992335556e-02  3.10560000003806990776e+01  9.99995680043410939408e-02
9.53402777777777714618e+01  1.78000000000000002665e+00  9.84160003197442051714e+02  1.00000000000000000000e+02  6.20348628253966580814e+01  -8.58616112487748250715e+03  8.92559791370364255272e+04  6.25172580009125624656e+01  3.65351476190479322950e-03  1.92271999999258099479e+02  7.72001279958983488427e-01  7.66666667733326284706e-02  3.11353333334601778404e+01  5.00000000000000027756e-02
9.53472222222222285382e+01  1.69001278976842583823e+00  9.84439964828136908181e+02  1.00000000000000000000e+02  6.34477031429105835514e+01  -1.28441616290287656739e+04  1.05155833362963574473e+05  5.25097652699950074862e+01  3.60988380952376305619e-03  1.91808000000741884605e+02  8.51998720041016510685e-01  7.73333332266673695310e-02  3.12146666665398235807e+01  5.00000000000000027756e-02
9.53541666666666714036e+01  1.83000000000000007105e+00  9.84280014388489121302e+02  1.00000000000000000000e+02  7.44052840952346059566e+01  -1.71021620620432331634e+04  1.21055687430854028207e+05  4.76803155577361792439e+01  3.56692817460316224931e-03  1.91344000002226607648e+02  9.31996160122885775046e-01  7.79999996800007644460e-02  3.12939999996193023435e+01  5.00000000000000027756e-02
9.53611111111111142691e+01  1.81000159872115551352e+00  9.84339990407673099071e+02  1.00000000000000000000e+02  7.34184496825537564746e+01  -8.63284632261215665494e+03  1.08683044224736018805e+05  4.83786652083549242320e+01  3.55143544973544151785e-03  1.93817333325420776191e+02  1.12866037323265433479e+00  8.66666638933385746757e-02  3.11980000003071182846e+01  5.00000000000000027756e-02
9.53680555555555571345e+01  1.73998081534797455205e+00  9.84239942446043983182e+02  1.00000000000000000000e+02  9.14875001269831784612e+01  -1.63530583181080146460e+02  9.63104010186180094024e+04  5.00962644583705838386e+01  3.53594272486772078640e-03  1.96290666662710378887e+02  1.32533018661632717716e+00  9.53333319466692780120e-02  3.11020000001535592560e+01  5.00000000000000027756e-02
9.53750000000000000000e+01  1.76000000000000000888e+00  9.84169999999999959073e+02  1.00000000000000000000e+02  8.87343800000000015871e+01  8.30578515625000000000e+03  8.39377578125000000000e+04  5.13953416934051574572e+01  3.52045000000000005494e-03  1.98764000000000010004e+02  1.52200000000000001954e+00  1.03999999999999995226e-01  3.10060000000000002274e+01  5.00000000000000027756e-02
9.53819444444444428655e+01  1.84994884092793210328e+00  9.84199846522783786895e+02  1.00000000000000000000e+02  1.06808219999996865113e+02  4.63598202181033320812e+03  7.83804323020192532567e+04  5.50939659521962568078e+01  3.70944801587296587447e-03  1.98871333333505020846e+02  1.66333559470284297888e+00  9.33333316266698881369e-02  3.10353333333802545724e+01  1.39999168006587126900e-01
9.53888888888888857309e+01  1.80999200639422275216e+00  9.84049980815346089003e+02  1.00000000000000000000e+02  1.10951713809569412206e+02  9.66178887370666416246e+02  7.28231067915385065135e+04  5.14762978220098119664e+01  3.89844603174593169401e-03  1.98978666667010060110e+02  1.80467118940568571617e+00  8.26666632533397671700e-02  3.10646666667605089174e+01  5.00000000000000027756e-02
9.53958333333333285964e+01  1.84004796163057382508e+00  9.83940052757793637284e+02  1.00000000000000000000e+02  1.08258749523785226643e+02  -2.70362424706899946614e+03  6.72657812810577743221e+04  5.74029425067391585458e+01  4.08744404761889751354e-03  1.99086000001142110705e+02  1.94598473648847081208e+00  7.20000019199954488514e-02  3.10940000032535337482e+01  5.00000000000000027756e-02
9.54027777777777714618e+01  1.91000319744210633743e+00  9.84049932853715745296e+02  1.00000000000000000000e+02  1.13842148571430669790e+02  2.21613166400884892937e+03  6.56182460968202649383e+04  4.69841285369960033336e+01  4.19392423280412224990e-03  1.99324000000380550546e+02  1.62799491216304037522e+00  7.60000006399957489522e-02  3.17720000010840486482e+01  6.99996480027868517304e-02
9.54097222222222285382e+01  1.93002238209474530350e+00  9.84140025579536882105e+02  1.00000000000000000000e+02  1.07063338095227550184e+02  7.13588762310052516114e+03  6.39707109344297277858e+04  5.05424371341493099408e+01  4.29837529100536575033e-03  1.99561999999619473556e+02  1.31000508783695934767e+00  7.99999993600042508257e-02  3.24499999989159491065e+01  5.00000000000000027756e-02
9.54166666666666714036e+01  2.03998561151082791199e+00  9.84090009592326168786e+02  1.00000000000000000000e+02  1.07023690952414455069e+02  1.20556435226142311876e+04  6.23231758187539671781e+04  4.33137350663853908372e+01  4.40282634920639674714e-03  1.99799999998857913397e+02  9.92015263511529021834e-01  8.39999980800045509266e-02  3.31279999967464675592e+01  5.00000000000000027756e-02
9.54236111111111142691e+01  2.07001758593270990261e+00  9.84179996802557639057e+02  1.00000000000000000000e+02  1.29166239841213183581e+02  6.31660919085740442824e+03  6.90339531500026496360e+04  4.37685381869280334399e+01  4.40038518518518374095e-03  2.00207333332030231077e+02  1.00266632532787269838e+00  9.46666632533397917060e-02  3.30700000001855514142e+01  1.69999776000341024096e-01
9.54305555555555571345e+01  2.05999360511599149959e+00  9.84299897681855782139e+02  1.00000000000000000000e+02  1.23968780317456918283e+02  5.77574859100577668869e+02  7.57447304812513175420e+04  4.01729246827914963092e+01  4.39255449735449776671e-03  2.00614666666015097007e+02  1.01333316266393635985e+00  1.05333331626669898795e-01  3.30120000000927760198e+01  5.00000000000000027756e-02
9.54375000000000000000e+01  2.08999999999999985789e+00  9.84100000000000022737e+02  1.00000000000000000000e+02  1.28942000000000007276e+02  -5.16145947265625000000e+03  8.24555078125000000000e+04  3.68086267112789826683e+01  4.38472380952381179248e-03  2.01021999999999991360e+02  1.02400000000000002132e+00  1.16000000000000005884e-01  3.29540000000000006253e+01  5.00000000000000027756e-02
9.54444444444444428655e+01  2.23002557953603375296e+00  9.84000127897680158640e+02  1.00000000000000000000e+02  1.25772229841268440964e+02  2.92594390881459730736e+02  6.38836321960553686949e+04  2.68227750150675809948e+01  4.56545188888881313394e-03  2.04232000005134608500e+02  1.04200028800460731127e+00  8.86666622933415943253e-02  3.29773333333706588633e+01  5.00000000000000027756e-02
9.54513888888888857309e+01  2.31999999999999984013e+00  9.84110014388490412784e+02  1.00000000000000000000e+02  1.39147972698376008793e+02  5.74664825441916946147e+03  4.53117565796107373899e+04  2.66653037223214006701e+01  4.76080952777769694090e-03  2.07442000010269254062e+02  1.06000057600921482326e+00  6.13333245866831897053e-02  3.30006666667413171012e+01  5.00000000000000027756e-02
9.54583333333333285964e+01  2.29000000000000003553e+00  9.84220043165467586732e+02  1.00000000000000000000e+02  1.30035137619070155779e+02  1.12007021179568782827e+04  2.67398809631661060848e+04  3.53228560059579805852e+01  4.95113857142853025506e-03  2.10651999980379628141e+02  1.07799388819559327501e+00  5.00000000000000027756e-02  3.30240000005566542995e+01  1.19999616003858736168e-01
9.54652777777777714618e+01  2.36998081534736115827e+00  9.84289945643484202265e+02  1.00000000000000000000e+02  1.36860591746059242269e+02  9.57810709937796127633e+03  3.20207656151587834756e+04  3.09374943723407618279e+01  5.04173380952374454445e-03  2.06563333326795998346e+02  9.50664629398617955225e-01  5.00000000000000027756e-02  3.31400000001854735387e+01  7.99996480027868606122e-02
9.54722222222222285382e+01  2.38999680255789348493e+00  9.84110031974421076484e+02  1.00000000000000000000e+02  1.38208786984017308441e+02  7.95551204124703872367e+03  3.73016504004662128864e+04  2.77657558443462804121e+01  5.13232904761914358188e-03  2.02474666673203984146e+02  8.23335370601382066091e-01  6.46666642133496005762e-02  3.32559999998145272571e+01  5.99996800025335008666e-02
9.54791666666666714036e+01  2.46002877697834421156e+00  9.84160052757793550882e+02  1.00000000000000000000e+02  1.34077727142858606157e+02  6.33291697531468344096e+03  4.25825351116058154730e+04  3.23753316463369458234e+01  5.21982952380949279114e-03  1.98386000019620382773e+02  6.96006111804406746302e-01  7.99999926400174338204e-02  3.33719999994433464963e+01  5.00000000000000027756e-02
9.54861111111111142691e+01  2.66999200639422262782e+00  9.84369987210230760866e+02  1.00000000000000000000e+02  1.38489179523796224203e+02  3.31377741388166396064e+03  3.45941217150288721314e+04  2.69289164605597441948e+01  5.18147634920632874783e-03  2.00495999993249796489e+02  6.76000640010238518229e-01  6.66666709333252754943e-02  3.36226666658647488362e+01  5.00000000000000027756e-02
9.54930555555555571345e+01  2.63997442046396635362e+00  9.84289999999999963620e+02  1.00000000000000000000e+02  1.25728746349205792399e+02  2.94637852448644480319e+02  2.66057083184519360657e+04  3.91195185983615161263e+01  5.14312317460316383716e-03  2.02605999996624916548e+02  6.56000320005119208489e-01  5.33333354666626346940e-02  3.38733333329323755834e+01  9.00004479964530978986e-02
9.55000000000000000000e+01  2.68000000000000015987e+00  9.84259999999999990905e+02  1.00000000000000000000e+02  1.28620100000000007867e+02  -2.72450170898437500000e+03  1.86172949218750000000e+04  3.75086293710678617686e+01  5.10476999999999979385e-03  2.04716000000000008185e+02  6.36000000000000009770e-01  5.00000000000000027756e-02  3.41240000000000023306e+01  5.00000000000000027756e-02
9.55069444444444428655e+01  2.67001278976801703635e+00  9.84190012789768047696e+02  1.00000000000000000000e+02  1.24307915238099170097e+02  -7.80738394235415489675e+03  2.30490963459107879316e+04  2.91824543645060003882e+01  5.19258084656082277014e-03  2.01443999994766215877e+02  8.16669557379577470968e-01  5.00000000000000027756e-02  3.40066666664789849506e+01  6.99996800025335097484e-02
9.55138888888888857309e+01  2.70001278976924385944e+00  9.83830028776980839211e+02  1.00000000000000000000e+02  1.36027247936468711487e+02  -1.28902661757239347935e+04  2.74808977699465722253e+04  2.56485282344400822296e+01  5.28039169312164661380e-03  1.98171999989532395148e+02  9.97339114759154821144e-01  5.00000000000000027756e-02  3.38893333329579675706e+01  5.00000000000000027756e-02
9.55208333333333285964e+01  2.78001918465222930266e+00  9.83590038369304465959e+02  1.00000000000000000000e+02  1.43646719523812492980e+02  -1.79731484090937155997e+04  3.19126991939823565190e+04  2.28855196517893624275e+01  5.36820253968246959009e-03  1.94899999998755532715e+02  1.17799683210138073086e+00  5.00000000000000027756e-02  3.37719999999424160819e+01  5.00000000000000027756e-02
9.55277777777777714618e+01  2.95000000000000017764e+00  9.83669984012789427652e+02  1.00000000000000000000e+02  1.49375291746140106852e+02  -7.87827833912484129542e+03  3.60833372318111214554e+04  2.04817976140724873346e+01  5.28438714285723622199e-03  1.94640666666252030836e+02  1.11199894403383847674e+00  5.00000000000000027756e-02  3.37599999999808133566e+01  5.00000000000000027756e-02
9.55347222222222285382e+01  2.99000639488421304790e+00  9.83420019184652574040e+02  1.00000000000000000000e+02  1.69329399365051216364e+02  2.21659181568734129542e+03  4.02539752681888785446e+04  1.83990479307491661132e+01  5.19635142857136512334e-03  1.94381333333747988945e+02  1.04600105596616144155e+00  5.13333309866822323775e-02  3.37480000000191822096e+01  6.99994240045603149936e-02
9.55416666666666714036e+01  3.05997601918471318072e+00  9.83419952038369387992e+02  1.00000000000000000000e+02  1.57299023809371220750e+02  1.23114618986395489628e+04  4.44246132995993830264e+04  1.82715398785364975254e+01  5.10831571428567443593e-03  1.94122000001244487066e+02  9.80003167898619187426e-01  6.59999929600166845844e-02  3.37360000000575794843e+01  5.00000000000000027756e-02
9.55486111111111142691e+01  2.93000159872115562010e+00  9.83239996802557698174e+02  1.00000000000000000000e+02  1.41393776666781491258e+02  9.55175422148886718787e+03  4.77079622518162577762e+04  1.61394054062764666924e+01  5.04472883333330780059e-03  1.94469333332222163335e+02  9.16002048032763305230e-01  6.73333329066674729502e-02  3.34193333343463976348e+01  8.00001279998051456621e-02
9.55555555555555571345e+01  3.01998081534797435665e+00  9.83099987210232029611e+02  1.00000000000000000000e+02  1.82969541587241508296e+02  6.79204654433818268444e+03  5.09913112040331252501e+04  8.33618809251577097541e+00  4.98237466666664238074e-03  1.94816666666111075301e+02  8.52001024016381669490e-01  6.86666664533337467446e-02  3.31026666671731959468e+01  5.00000000000000027756e-02
9.55625000000000000000e+01  2.91999999999999992895e+00  9.83070000000000050022e+02  1.00000000000000000000e+02  1.38823800000000005639e+02  4.03233886718750000000e+03  5.42746601562500000000e+04  5.69187810338452049308e+00  4.93525595238100342477e-03  1.95163999999999987267e+02  7.88000000000000033751e-01  7.00000000000000066613e-02  3.27860000000000013642e+01  5.00000000000000027756e-02
9.55694444444444428655e+01  2.92999360511599160617e+00  9.82970070343724160011e+02  1.00000000000000000000e+02  1.58540992063496958053e+02  3.54061352630664669050e+03  4.88514948017693313886e+04  8.13639168507893018045e+00  5.08450529100530190102e-03  1.94750666666005514571e+02  8.85334890691580556066e-01  6.13333319466692894473e-02  3.25993333330347496712e+01  7.99987840096273022938e-02
9.55763888888888857309e+01  3.00000319744231092045e+00  9.82910014388490367310e+02  1.00000000000000000000e+02  1.46997955396882645118e+02  3.04888818542579338100e+03  4.34283294472886627773e+04  9.64890891060632505116e+00  5.23375462962960124463e-03  1.94337333332011013454e+02  9.82669781383160967358e-01  5.26666638933385722332e-02  3.24126666660694908728e+01  5.00000000000000027756e-02
9.55833333333333285964e+01  3.02997601918471293203e+00  9.83009947242206408191e+02  1.00000000000000000000e+02  1.34880875238153180362e+02  2.55716284454493961675e+03  3.80051640928080014419e+04  1.13720334771278466235e+01  5.37902269841266777312e-03  1.93924000007255671107e+02  1.07999804806246690880e+00  5.00000000000000027756e-02  3.22259999995745118895e+01  5.00000000000000027756e-02
9.55902777777777714618e+01  3.05000319744210646178e+00  9.82859971223021034348e+02  1.00000000000000000000e+02  1.43476808571439391926e+02  -6.66985301014870310610e+03  3.42444563872166181682e+04  7.15065682424016557661e+00  5.44532891534386769006e-03  1.95436000002417529231e+02  1.03933268268751666241e+00  5.00000000000000027756e-02  3.21373333331915631561e+01  1.59999520003800244083e-01
9.55972222222222285382e+01  3.14000319744210676376e+00  9.82600067146284231967e+02  1.00000000000000000000e+02  1.52677934920523711071e+02  -1.58968689136794237129e+04  3.04837486909083818318e+04  7.66631226338411764232e+00  5.51163513227520204807e-03  1.96947999997582485321e+02  9.98667317312483260316e-01  5.33333325866716181918e-02  3.20486666668084367871e+01  5.00000000000000027756e-02
9.56041666666666714036e+01  3.21998081534777069734e+00  9.82560047961630516511e+02  1.00000000000000000000e+02  7.81542950951239419055e+01  -2.51238847061516062240e+04  2.67230410353331317310e+04  7.60683711040096532940e+00  5.57864777777785422058e-03  1.98459999992744343444e+02  9.58001951937533013925e-01  5.79999977600053062687e-02  3.19600000004254880537e+01  1.19999568004341083949e-01
9.56111111111111142691e+01  3.15000639488462175208e+00  9.82479987210230774508e+02  1.00000000000000000000e+02  9.46855751270392573815e+01  -1.44820054942052374827e+04  3.02495182423054211540e+04  4.96441457890146509158e+00  5.67438851851856905506e-03  1.99658666662831961958e+02  1.01733143463629227554e+00  5.00000000000000027756e-02  3.19999999998720348060e+01  5.00000000000000027756e-02
9.56180555555555571345e+01  3.26997442046396624704e+00  9.82210051159072122573e+02  1.00000000000000000000e+02  1.94642102539670872829e+02  -3.84012628225886874134e+03  3.37759954492777105770e+04  5.41337494567593768835e+00  5.77012925925928475690e-03  2.00857333331415986777e+02  1.07666571731814597612e+00  5.00000000000000027756e-02  3.20399999999360147740e+01  5.00000000000000027756e-02
9.56250000000000000000e+01  3.37000000000000010658e+00  9.82080000000000040927e+02  1.00000000000000000000e+02  1.02552700000000001523e+02  6.80175292968750000000e+03  3.73024726562500000000e+04  3.27025151704951344556e+00  5.86586999999999959138e-03  2.02056000000000011596e+02  1.13599999999999989875e+00  5.00000000000000027756e-02  3.20799999999999982947e+01  7.00000000000000066613e-02
9.56319444444444428655e+01  3.41000639488400869581e+00  9.81909948840927881974e+02  1.00000000000000000000e+02  1.20304290158761062912e+02  9.02086848544940403372e+03  1.94068587572955802898e+04  2.86888752382574363509e+00  6.14192158730151368390e-03  2.02133333333457045455e+02  1.21533460268697313111e+00  5.00000000000000027756e-02  3.27386666677202526898e+01  5.00000000000000027756e-02
9.56388888888888857309e+01  3.39999999999999991118e+00  9.81809990407673012669e+02  1.00000000000000000000e+02  1.17026380793641095579e+02  1.12399840412113080674e+04  1.51124485834116057958e+03  4.85071690834184199304e+00  6.41797317460302777642e-03  2.02210666666914079315e+02  1.29466920537394636348e+00  6.20000076799854873966e-02  3.33973333354404999795e+01  5.00000000000000027756e-02
9.56458333333333285964e+01  3.48999520383694283865e+00  9.81799947242206371811e+02  1.00000000000000000000e+02  1.31571215238236675305e+02  1.34590995969732121011e+04  -1.63843690406132518547e+04  6.40455281990316827034e+00  6.69402476190454186894e-03  2.02288000004395627229e+02  1.37399958401331279134e+00  8.59999955200105997699e-02  3.40560000005438539006e+01  5.00000000000000027756e-02
9.56527777777777714618e+01  3.47000319744210683481e+00  9.81640041566747413526e+02  1.00000000000000000000e+02  1.05869552698502843668e+02  5.13204005458043138788e+03  -3.80847919010252371663e+03  7.97612349743102910793e+00  6.95131158730131516743e-03  2.03204000001464578418e+02  1.36533319467111025070e+00  7.66666651733432374938e-02  3.41693333335145368324e+01  1.39999328005320361479e-01
9.56597222222222285382e+01  3.45000000000000017764e+00  9.81439964828136908181e+02  1.00000000000000000000e+02  1.00712501269730481113e+02  -3.19501954676792956889e+03  8.76741083072752735461e+03  1.00170952615662685048e+01  7.20813698412716905017e-03  2.04119999998535433861e+02  1.35666680532888994648e+00  6.73333348266567655038e-02  3.42826666664854613487e+01  5.00000000000000027756e-02
9.56666666666666714036e+01  3.41998561151082780540e+00  9.81240014388489157682e+02  1.00000000000000000000e+02  1.56526220000205626093e+02  -1.15220790946959168650e+04  2.13433007245214939758e+04  1.12774324555840781414e+01  7.46496238095249817907e-03  2.05035999995604385049e+02  1.34800041598668740583e+00  5.80000044799893893499e-02  3.43959999994561442804e+01  1.09999472005305784506e-01
9.56736111111111142691e+01  3.40999680255768922166e+00  9.81140001598721141818e+02  1.00000000000000000000e+02  8.20643099047124877643e+01  -1.02934060826618606370e+04  1.11925780871809947712e+04  7.07994593284028006508e+00  7.57302518518520456636e-03  2.04055333336470624772e+02  1.39999833597337985935e+00  5.00000000000000027756e-02  3.41220000008765680377e+01  5.99998880001705037213e-02
9.56805555555555571345e+01  3.33999360511599130419e+00  9.80860115107912179155e+02  1.00000000000000000000e+02  7.07909286666790364961e+01  -9.06473307062780440901e+03  1.04185544984049556660e+03  5.29155065971859972507e+00  7.67358735449734721823e-03  2.03074666668235323641e+02  1.45199916798668993145e+00  5.00000000000000027756e-02  3.38480000004382830525e+01  8.99989760081072176501e-02
9.56875000000000000000e+01  3.27999999999999980460e+00  9.80889999999999986358e+02  1.00000000000000000000e+02  5.34890800000000012915e+01  -7.83606005859375000000e+03  -9.10886718750000000000e+03  5.33253834313766628128e+00  7.77414952380948987010e-03  2.02093999999999994088e+02  1.50400000000000000355e+00  5.00000000000000027756e-02  3.35739999999999980673e+01  5.00000000000000027756e-02
9.56944444444444428655e+01  3.25999999999999978684e+00  9.80560051159072031624e+02  1.00000000000000000000e+02  5.34425174603182497890e+01  -3.99005982161773363259e+03  2.00963524323638921487e+02  2.72889522776218296229e+00  8.02502866666656572425e-03  2.05408000005300976909e+02  1.54400064001023862303e+00  5.00000000000000027756e-02  3.32406666661334710966e+01  5.00000000000000027756e-02
9.57013888888888857309e+01  3.29999360511537798146e+00  9.80560004796163411811e+02  1.00000000000000000000e+02  5.52976179523930966297e+01  -1.44059584641717265185e+02  9.51079423614727784297e+03  7.29002721257213615047e+00  8.28757033333322491730e-03  2.08722000010601959730e+02  1.58400128002047724252e+00  5.00000000000000027756e-02  3.29073333322669512313e+01  5.00000000000000027756e-02
9.57083333333333285964e+01  3.28000479616305717911e+00  9.80420076738608827327e+02  1.00000000000000000000e+02  6.30138909999806671181e+01  3.70194065233429864747e+03  1.88206249479709149455e+04  3.08102642996436459910e+00  8.55893936507916112955e-03  2.12035999977042905584e+02  1.62401427154327460123e+00  9.19999910400212256301e-02  3.25739999979653376272e+01  5.00000000000000027756e-02
9.57152777777777714618e+01  3.27999040767368033045e+00  9.80450019184652660442e+02  1.00000000000000000000e+02  4.34234005080379645847e+01  -2.82963556725513353740e+03  2.11261900998701203207e+04  5.12449021437383134270e+00  9.00538447089914949328e-03  2.07251999992350903312e+02  1.92133809051422210779e+00  7.33333303466864733222e-02  3.21499999993220697547e+01  5.00000000000000027756e-02
9.57222222222222285382e+01  3.28000319744210644402e+00  9.80320015987210581443e+02  1.00000000000000000000e+02  4.97907891745910760051e+01  -9.36121184485424055310e+03  2.34317552126298796793e+04  7.85803584176859537536e+00  9.45182957672005032157e-03  2.02468000007649095551e+02  2.21866190948577823860e+00  5.46666696533135224034e-02  3.17260000006779279147e+01  5.00000000000000027756e-02
9.57291666666666714036e+01  3.33998561151082773435e+00  9.80190028776978351743e+02  1.00000000000000000000e+02  5.02681525238047868243e+01  -1.58927880011079487304e+04  2.57373202890210559417e+04  6.50805223798539955737e+00  9.88506928571420383223e-03  1.97684000022957093279e+02  2.51598572845672574516e+00  5.00000000000000027756e-02  3.13020000020346564895e+01  5.00000000000000027756e-02
9.57361111111111142691e+01  3.37000639488462194748e+00  9.80130014388490394595e+02  1.00000000000000000000e+02  5.09213019682005594291e+01  -7.13801375738630667911e+02  2.15361122890348706278e+04  5.69900786135934378507e+00  9.78128952380946832534e-03  2.05052666643093203902e+02  2.54266581331968177793e+00  5.00000000000000027756e-02  3.13586666664853801478e+01  5.00000000000000027756e-02
9.57430555555555571345e+01  3.43996802557995762228e+00  9.80080063948840120247e+02  1.00000000000000000000e+02  4.33355311111071799246e+01  1.44651852496306855755e+04  1.73349042890486853139e+04  2.67546043159145519041e+00  9.67750976190473455318e-03  2.12421333321546597972e+02  2.56933290665984115364e+00  5.00000000000000027756e-02  3.14153333332426925040e+01  6.99998720010134023450e-02
9.57500000000000000000e+01  3.39000000000000012434e+00  9.79870000000000004547e+02  1.00000000000000000000e+02  4.16678100000000029013e+01  2.96441718750000000000e+04  1.31336962890625000000e+04  6.46181824332698617752e+00  9.57373000000000078102e-03  2.19789999999999992042e+02  2.59600000000000008527e+00  5.00000000000000027756e-02  3.14720000000000013074e+01  1.70000000000000012212e-01
9.57569444444444428655e+01  3.43001918465202582098e+00  9.79750025579535986253e+02  1.00000000000000000000e+02  3.19994855555556725335e+01  1.94582660508760891389e+04  7.22640870241077391256e+03  7.17856258696032600852e+00  9.85106134920627624085e-03  2.18909333331924642607e+02  2.87667115740517376210e+00  5.00000000000000027756e-02  3.09433333324876933546e+01  5.00000000000000027756e-02
9.57638888888888857309e+01  3.41000319744231106256e+00  9.79590003197442342753e+02  1.00000000000000000000e+02  2.80984996507990381076e+01  9.27236022675217463984e+03  1.31912111575904782512e+03  6.40101449997556493088e+00  1.01283926984125517007e-02  2.18028666663849264751e+02  3.15734231481034788303e+00  5.00000000000000027756e-02  3.04146666649753854017e+01  5.00000000000000027756e-02
9.57708333333333285964e+01  3.39000959232611487337e+00  9.79689966426858632076e+02  1.00000000000000000000e+02  2.15026077619186644085e+01  -9.13545597371739859227e+02  -4.58816647089267644333e+03  5.39282634515219871929e+00  1.04057240476188271605e-02  2.17148000007201289918e+02  3.43799446417716048074e+00  5.00000000000000027756e-02  2.98859999997088756629e+01  6.99988480115762284894e-02
9.57777777777777714618e+01  3.39999999999999991118e+00  9.79490025579536904843e+02  1.00000000000000000000e+02  1.45269721269879727998e+01  8.46262644737074151635e+03  7.53691762063341047906e+03  5.94092676284433807155e+00  1.07262298412695005617e-02  2.18648666669066074064e+02  3.32266482139246566163e+00  5.00000000000000027756e-02  2.98253333332363332886e+01  5.00000000000000027756e-02
9.57847222222222285382e+01  3.41999680255789328953e+00  9.79409968025578905326e+02  1.00000000000000000000e+02  1.13766096507814928884e+01  1.78387986014573871216e+04  1.96620018129603413399e+04  6.48902718053759919314e+00  1.10477973015875342855e-02  2.20149333330933927755e+02  3.20733517860753458706e+00  5.00000000000000027756e-02  2.97646666667636665693e+01  5.00000000000000027756e-02
9.57916666666666714036e+01  3.36000959232611462468e+00  9.79160023980815253708e+02  1.00000000000000000000e+02  7.30720130951936841512e+00  2.72149707120601233328e+04  3.17870858994308000547e+04  5.71786786394566881597e+00  1.13693647619049088143e-02  2.21649999992798711901e+02  3.09200553582283976795e+00  5.39999929600166808652e-02  2.97040000002911241950e+01  5.00000000000000027756e-02
9.57986111111111142691e+01  3.35999999999999987566e+00  9.79030017585932682778e+02  1.00000000000000000000e+02  4.83987993174336672553e+00  2.88137780007484143425e+04  2.49751689199330357951e+04  3.81928621224314923666e+00  1.10634074444443050722e-02  2.19494000006897351795e+02  3.14533162663936405323e+00  5.00000000000000027756e-02  2.94993333339880940969e+01  5.00000000000000027756e-02
9.58055555555555571345e+01  3.27003836930405089589e+00  9.79040031974420003280e+02  1.00000000000000000000e+02  3.54346702857133921682e+00  3.04125852894367089903e+04  1.81632519404352678976e+04  4.80616910176452982739e+00  1.07258102222220919747e-02  2.17338000003448684083e+02  3.19866581331968191648e+00  5.00000000000000027756e-02  2.92946666669940469774e+01  5.00000000000000027756e-02
9.58125000000000000000e+01  3.37999999999999989342e+00  9.78909999999999968168e+02  1.00000000000000000000e+02  2.87542799999999987293e+00  3.20113925781250000000e+04  1.13513349609375000000e+04  6.30795281647756134191e+00  1.04053830952380611807e-02  2.15181999999999987949e+02  3.25199999999999977973e+00  5.00000000000000027756e-02  2.90899999999999998579e+01  5.00000000000000027756e-02
9.58194444444444428655e+01  3.31000000000000005329e+00  9.78660063948840047487e+02  1.00000000000000000000e+02  2.54704167936460246224e+00  2.71432845142769983795e+04  2.04023873529307093122e+04  8.97516520966919628677e+00  1.03062594179894103513e-02  2.14565333332346909856e+02  3.09066408529203773270e+00  5.00000000000000027756e-02  2.89886666665045780178e+01  5.00001919984799023111e-02
9.58263888888888857309e+01  3.27000799360577731889e+00  9.78649987210230733581e+02  1.00000000000000000000e+02  2.47939084603138004681e+00  2.22751764504289967590e+04  2.94534397449239222624e+04  6.68361147267190602861e+00  1.02071357407407595219e-02  2.13948666664693860184e+02  2.92932817058407568567e+00  5.00000000000000027756e-02  2.88873333330091526250e+01  5.00000000000000027756e-02
9.58333333333333285964e+01  3.31999520383694246561e+00  9.78399995203836965629e+02  1.00000000000000000000e+02  2.42647200476057056662e+00  1.74070683865809951385e+04  3.85044921369171352126e+04  6.80870216827498619949e+00  1.01128071428571424811e-02  2.13332000010928283018e+02  2.76798915234715225964e+00  5.00000000000000027756e-02  2.87860000005150631353e+01  5.00000000000000027756e-02
9.58402777777777714618e+01  3.30000959232631929652e+00  9.78340041566747459001e+02  1.00000000000000000000e+02  2.56284646031697205260e+00  2.07662161395733783138e+04  3.61105807336278521689e+04  4.76890340412684210492e+00  1.01135809523809523658e-02  2.15609333336974543727e+02  2.54199638411587125475e+00  5.00000000000000027756e-02  2.88933333335049482571e+01  5.00000000000000027756e-02
9.58472222222222285382e+01  3.40000319744210655060e+00  9.78349980815347407770e+02  1.00000000000000000000e+02  2.56459914920354137280e+00  2.41253639385516216862e+04  3.37166692663721478311e+04  2.12353408523023201582e+00  1.01143547619047622504e-02  2.17886666663025437174e+02  2.31600361588412839708e+00  5.00000000000000027756e-02  2.90006666664950536472e+01  1.19999712002280142786e-01
9.58541666666666714036e+01  3.40999040767388539308e+00  9.78190071942445911191e+02  1.00000000000000000000e+02  2.23771849999966621070e+00  2.74845116834548898623e+04  3.13227577509412258223e+04  4.91737314596244079468e+00  1.01333287301593345103e-02  2.20163999989071697883e+02  2.09001084765284739220e+00  5.00000000000000027756e-02  2.91079999994849387690e+01  5.00000000000000027756e-02
9.58611111111111142691e+01  3.37000319744231102703e+00  9.78079984012788486325e+02  1.00000000000000000000e+02  2.59522086190588119337e+00  2.11689768644907599082e+04  2.03077306718514446402e+04  6.50244580899184931866e+00  1.08924424867728898009e-02  2.22011333327423415085e+02  2.03666837336063588637e+00  5.00000000000000027756e-02  2.94259999989826717126e+01  5.00000000000000027756e-02
9.58680555555555571345e+01  3.49998081534797433889e+00  9.77800025579535940778e+02  1.00000000000000000000e+02  2.94981199365099788778e+00  1.48534420455266299541e+04  9.29270359276165982010e+03  4.60273265161548650326e+00  1.16515562433864450914e-02  2.23858666663711716183e+02  1.98333418668031802312e+00  5.00000000000000027756e-02  2.97439999994913364390e+01  5.00005119959463922852e-02
9.58750000000000000000e+01  3.54999999999999982236e+00  9.77830000000000040927e+02  1.00000000000000000000e+02  2.69349300000000013711e+00  8.53790722656250000000e+03  -1.72232348632812500000e+03  5.71918127598494141495e+00  1.24106700000000003820e-02  2.25705999999999988859e+02  1.92999999999999993783e+00  5.00000000000000027756e-02  3.00620000000000011653e+01  1.60000000000000003331e-01
9.58819444444444428655e+01  3.83001278976801717846e+00  9.77710070343724169106e+02  1.00000000000000000000e+02  2.88757791428598187267e+00  7.53628857608463749784e+03  -8.85607632134614323149e+03  6.59498701533894760018e+00  1.30860965873014073457e-02  2.25188666665839150482e+02  1.94133351466956760589e+00  5.00000000000000027756e-02  3.02293333336009943935e+01  1.39999872001013409006e-01
9.58888888888888857309e+01  3.95000159872115563786e+00  9.77810001598721100891e+02  1.00000000000000000000e+02  2.55869456507965020720e+00  6.53466992560677499569e+03  -1.59898291563641632820e+04  6.28015064143347245817e+00  1.37615231746028160442e-02  2.24671333331678312106e+02  1.95266702933913505191e+00  5.00000000000000027756e-02  3.03966666672019911744e+01  5.00000000000000027756e-02
9.58958333333333285964e+01  4.07999520383694225245e+00  9.77859966426858591149e+02  1.00000000000000000000e+02  2.93727576666723111387e+00  5.53305127512891340302e+03  -2.31235819913821833325e+04  5.44244054293136425571e+00  1.44369497619042247427e-02  2.24153999974905872250e+02  1.96400425586380156240e+00  5.00000000000000027756e-02  3.05639999999808047448e+01  1.40000527994694257128e-01
9.59027777777777714618e+01  4.09999680255789300531e+00  9.77740038369305239030e+02  1.00000000000000000000e+02  3.25150127618665063522e+00  -3.94243129744608631881e+03  -1.47498780266725643742e+04  2.82812572943610263110e+00  1.42530832275134453080e-02  2.18924666658305540068e+02  2.05266808528787336741e+00  5.00000000000000027756e-02  3.05599999999936038364e+01  1.10000159998733249012e-01
9.59097222222222285382e+01  4.08000000000000007105e+00  9.77580051159073718736e+02  1.00000000000000000000e+02  3.23486751111021586524e+00  -1.34179139173976618622e+04  -6.37617397528056244482e+03  5.14316733753009724950e+00  1.40480865343913866039e-02  2.13695333341694464480e+02  2.14133191471212658286e+00  5.00000000000000027756e-02  3.05560000000063958225e+01  2.79999776001773503786e-01
9.59166666666666714036e+01  4.14999520383694253667e+00  9.77849928057554166116e+02  1.00000000000000000000e+02  3.33392446666553787793e+00  -2.28933963915904605528e+04  1.99753005084392134449e+03  7.51815754342617736938e+00  1.38430898412697477029e-02  2.08466000025094132297e+02  2.22999574413619860991e+00  5.00000000000000027756e-02  3.05520000000191949141e+01  5.00000000000000027756e-02
9.59236111111111142691e+01  4.04000000000000003553e+00  9.77660001598721123628e+02  1.00000000000000000000e+02  3.01034874444489197742e+00  -6.29098301106030703522e+03  5.85305356254178150266e+03  8.02502273366436291724e+00  1.36898361111110825061e-02  2.10393333327167511015e+02  2.20666741334527838347e+00  5.00000000000000027756e-02  3.07273333327724174069e+01  1.09999872000194856558e-01
9.59305555555555571345e+01  4.00005115907206754144e+00  9.77649942446043951350e+02  1.00000000000000000000e+02  3.53430807301601435100e+00  1.03114303694698464824e+04  9.70857707423964166082e+03  9.09104623148887114326e+00  1.35391912698412802962e-02  2.12320666663583750733e+02  2.18333370667263926279e+00  5.00000000000000027756e-02  3.09026666663862066287e+01  5.00000000000000027756e-02
9.59375000000000000000e+01  4.15000000000000035527e+00  9.77490000000000009095e+02  1.00000000000000000000e+02  3.46404099999999992576e+00  2.69138437500000000000e+04  1.35641005859375000000e+04  8.91764455382031329123e+00  1.33885464285714798210e-02  2.14247999999999990450e+02  2.16000000000000014211e+00  5.00000000000000027756e-02  3.10779999999999994031e+01  5.00000000000000027756e-02
9.59444444444444428655e+01  4.13998721023198257285e+00  9.77440038369304147636e+02  1.00000000000000000000e+02  3.55637797777766229146e+00  9.62295250616905832430e+03  5.19345346611428067263e+03  7.13993051103120546230e+00  1.30271673333334780942e-02  2.11021333328172033816e+02  2.15599993599897610252e+00  5.00000000000000027756e-02  3.12866666670004427431e+01  5.00000000000000027756e-02
9.59513888888888857309e+01  4.25999360511537794594e+00  9.77290006394884585461e+02  1.00000000000000000000e+02  3.30158743809653998369e+00  -7.66793873766188335139e+03  -3.17719365370893865474e+03  7.19731581814543464048e+00  1.26494381666668233993e-02  2.07794666656344077182e+02  2.15199987199795250703e+00  5.00000000000000027756e-02  3.14953333340008896357e+01  6.99999360000974346629e-02
9.59583333333333285964e+01  4.27997601918471293203e+00  9.77379908872901864925e+02  1.00000000000000000000e+02  3.57547450476157102628e+00  -2.49588299814928250271e+04  -1.15478407735321561631e+04  9.29349599895202160837e+00  1.22750688888890284456e-02  2.04568000011110655123e+02  2.14799529615053508280e+00  5.00000000000000027756e-02  3.17040000022809920210e+01  1.19999999999999995559e-01
9.59652777777777714618e+01  4.31000639488421288803e+00  9.77080031974421103769e+02  1.00000000000000000000e+02  3.52378273968139987815e+00  -8.63477542104576787096e+03  -1.68881998598396166926e+04  7.69447526588539787440e+00  1.19673374074076282331e-02  2.06883333337035310251e+02  2.04999843205024534498e+00  5.00000000000000027756e-02  3.21793333340933429554e+01  5.00000000000000027756e-02
9.59722222222222285382e+01  4.36999680255789346717e+00  9.76800044764189465241e+02  1.00000000000000000000e+02  3.52598389523732214101e+00  7.68927932729576787096e+03  -2.22285589292228833074e+04  4.01909221517747550223e+00  1.16596059259255983159e-02  2.09198666662964711804e+02  1.95200156794975487884e+00  5.00000000000000027756e-02  3.26546666659066602278e+01  5.00000000000000027756e-02
9.59791666666666714036e+01  4.38001438848917246105e+00  9.76830043165467600375e+02  1.00000000000000000000e+02  3.74273327142746792262e+00  2.40133339449341729051e+04  -2.75689179706401846488e+04  3.99433018661837202501e+00  1.13531108333331295229e-02  2.11513999988889366932e+02  1.85400470384946514102e+00  5.00000000000000027756e-02  3.31299999977190111622e+01  5.99995680043410861693e-02
9.59861111111111142691e+01  4.39999520383653397460e+00  9.76909977617903791725e+02  1.00000000000000000000e+02  3.63340240000160763501e+00  1.69559845928467402700e+04  -2.79071386731351230992e+04  4.54177590404264197588e+00  1.10968955555554183584e-02  2.04868666687926065606e+02  1.74600345605528817217e+00  5.00000000000000027756e-02  3.39386666640796264005e+01  1.10000063999902572554e-01
9.59930555555555571345e+01  4.40001278976801746268e+00  9.76859929656275880916e+02  1.00000000000000000000e+02  4.32778853015910769386e+00  9.89863524075930763502e+03  -2.82453593756300615496e+04  5.72969083107533005972e+00  1.08406802777777089286e-02  1.98223333343963048492e+02  1.63800172802764421043e+00  5.00000000000000027756e-02  3.47473333320398083401e+01  5.00000000000000027756e-02
9.60000000000000000000e+01  4.49000000000000021316e+00  9.76710000000000036380e+02  1.00000000000000000000e+02  4.10402399999999989433e+00  2.84128588867187500000e+03  -2.85835800781250000000e+04  7.54957067081896493477e+00  1.05844649999999994988e-02  1.91578000000000002956e+02  1.53000000000000002665e+00  5.00000000000000027756e-02  3.55559999999999973852e+01  8.00000000000000016653e-02
