      9.500000000000e+01      6.921200295177e-01      9.540642535308e-02      3.631106915502e-01      5.741718465550e-01      1.003621947981e+00      3.510509516342e-01      5.044764922688e-02      2.756714847003e-02      1.241156296357e-01      1.576302683700e-01      3.573447716500e-02      5.319707803849e-02      9.217165000412e-02      4.035725666113e-02
      9.500694444444e+01      6.832862599056e-01      9.446308703023e-02      3.603175919800e-01      5.757411112301e-01      9.990047859260e-01      3.504017742443e-01      5.065889205243e-02      2.765272801063e-02      1.227019160927e-01      1.588172125838e-01      3.617063493230e-02      5.301600457937e-02      9.301367120957e-02      4.103400087060e-02
      9.501388888889e+01      6.744524902934e-01      9.351974870738e-02      3.575244924098e-01      5.773103759051e-01      9.943876238715e-01      3.497525968544e-01      5.087013487799e-02      2.773830755123e-02      1.212882025498e-01      1.600041567977e-01      3.660679269959e-02      5.283493112025e-02      9.385569241502e-02      4.171074508007e-02
      9.502083333333e+01      6.656187206812e-01      9.257641038453e-02      3.547313928395e-01      5.788796405802e-01      9.897704618170e-01      3.491034194644e-01      5.108137770354e-02      2.782388709183e-02      1.198744890068e-01      1.611911010115e-01      3.704295046689e-02      5.265385766113e-02      9.469771362047e-02      4.238748928954e-02
      9.502777777778e+01      6.567849510691e-01      9.163307206168e-02      3.519382932693e-01      5.804489052552e-01      9.851532997625e-01      3.484542420745e-01      5.129262052909e-02      2.790946663243e-02      1.184607754638e-01      1.623780452253e-01      3.747910823418e-02      5.247278420201e-02      9.553973482592e-02      4.306423349900e-02
      9.503472222222e+01      6.479511814569e-01      9.068973373883e-02      3.491451936991e-01      5.820181699303e-01      9.805361377080e-01      3.478050646846e-01      5.150386335464e-02      2.799504617302e-02      1.170470619208e-01      1.635649894392e-01      3.791526600148e-02      5.229171074289e-02      9.638175603137e-02      4.374097770847e-02
      9.504166666667e+01      6.391174118447e-01      8.974639541597e-02      3.463520941288e-01      5.835874346053e-01      9.759189756535e-01      3.471558872946e-01      5.171510618020e-02      2.808062571362e-02      1.156333483779e-01      1.647519336530e-01      3.835142376877e-02      5.211063728377e-02      9.722377723682e-02      4.441772191794e-02
      9.504861111111e+01      6.302836422326e-01      8.880305709312e-02      3.435589945586e-01      5.851566992804e-01      9.713018135990e-01      3.465067099047e-01      5.192634900575e-02      2.816620525422e-02      1.142196348349e-01      1.659388778669e-01      3.878758153607e-02      5.192956382465e-02      9.806579844227e-02      4.509446612741e-02
      9.505555555556e+01      6.214498726204e-01      8.785971877027e-02      3.407658949884e-01      5.867259639555e-01      9.666846515444e-01      3.458575325147e-01      5.213759183130e-02      2.825178479482e-02      1.128059212919e-01      1.671258220807e-01      3.922373930336e-02      5.174849036553e-02      9.890781964773e-02      4.577121033688e-02
      9.506250000000e+01      6.126161030083e-01      8.691638044742e-02      3.379727954181e-01      5.882952286305e-01      9.620674894899e-01      3.452083551248e-01      5.234883465685e-02      2.833736433542e-02      1.113922077489e-01      1.683127662945e-01      3.965989707066e-02      5.156741690642e-02      9.974984085318e-02      4.644795454635e-02
      9.506944444444e+01      6.037823333961e-01      8.597304212457e-02      3.351796958479e-01      5.898644933056e-01      9.574503274354e-01      3.445591777349e-01      5.256007748241e-02      2.842294387601e-02      1.099784942060e-01      1.694997105084e-01      4.009605483796e-02      5.138634344730e-02      1.005918620586e-01      4.712469875582e-02
      9.507638888889e+01      5.949485637840e-01      8.502970380172e-02      3.323865962777e-01      5.914337579806e-01      9.528331653809e-01      3.439100003449e-01      5.277132030796e-02      2.850852341661e-02      1.085647806630e-01      1.706866547222e-01      4.053221260525e-02      5.120526998818e-02      1.014338832641e-01      4.780144296529e-02
      9.508333333333e+01      5.861147941718e-01      8.408636547887e-02      3.295934967075e-01      5.930030226557e-01      9.482160033264e-01      3.432608229550e-01      5.298256313351e-02      2.859410295721e-02      1.071510671200e-01      1.718735989360e-01      4.096837037255e-02      5.102419652906e-02      1.022759044695e-01      4.847818717476e-02
      9.509027777778e+01      5.772810245596e-01      8.314302715602e-02      3.268003971372e-01      5.945722873307e-01      9.435988412719e-01      3.426116455651e-01      5.319380595906e-02      2.867968249781e-02      1.057373535770e-01      1.730605431499e-01      4.140452813984e-02      5.084312306994e-02      1.031179256750e-01      4.915493138422e-02
      9.509722222222e+01      5.684472549475e-01      8.219968883317e-02      3.240072975670e-01      5.961415520058e-01      9.389816792174e-01      3.419624681751e-01      5.340504878462e-02      2.876526203841e-02      1.043236400340e-01      1.742474873637e-01      4.184068590714e-02      5.066204961082e-02      1.039599468804e-01      4.983167559369e-02
      9.510416666667e+01      5.596134853353e-01      8.125635051031e-02      3.212141979968e-01      5.977108166808e-01      9.343645171629e-01      3.413132907852e-01      5.361629161017e-02      2.885084157901e-02      1.029099264911e-01      1.754344315775e-01      4.227684367443e-02      5.048097615170e-02      1.048019680859e-01      5.050841980316e-02
      9.511111111111e+01      5.507797157232e-01      8.031301218746e-02      3.184210984265e-01      5.992800813559e-01      9.297473551084e-01      3.406641133953e-01      5.382753443572e-02      2.893642111960e-02      1.014962129481e-01      1.766213757914e-01      4.271300144173e-02      5.029990269258e-02      1.056439892913e-01      5.118516401263e-02
      9.511805555556e+01      5.419459461110e-01      7.936967386461e-02      3.156279988563e-01      6.008493460309e-01      9.251301930539e-01      3.400149360053e-01      5.403877726127e-02      2.902200066020e-02      1.000824994051e-01      1.778083200052e-01      4.314915920903e-02      5.011882923346e-02      1.064860104968e-01      5.186190822210e-02
      9.512500000000e+01      5.379439346190e-01      7.896298672570e-02      3.134339454564e-01      5.989520305421e-01      9.201634482246e-01      3.387187453089e-01      5.414554231037e-02      2.899893469300e-02      9.925981950742e-02      1.779909666755e-01      4.323819437755e-02      5.000485301884e-02      1.067818785951e-01      5.233867092100e-02
      9.513194444444e+01      5.372857286619e-01      7.892768763118e-02      3.116544603875e-01      5.946556773425e-01      9.149547755529e-01      3.369747907505e-01      5.418000378828e-02      2.890068088706e-02      9.884616289387e-02      1.774785918646e-01      4.308700426198e-02      4.993731127631e-02      1.066997828681e-01      5.267703693998e-02
      9.513888888889e+01      5.366275227048e-01      7.889238853666e-02      3.098749753187e-01      5.903593241429e-01      9.097461028811e-01      3.352308361922e-01      5.421446526619e-02      2.880242708112e-02      9.843250628031e-02      1.769662170538e-01      4.293581414641e-02      4.986976953378e-02      1.066176871411e-01      5.301540295897e-02
      9.514583333333e+01      5.359693167478e-01      7.885708944214e-02      3.080954902498e-01      5.860629709433e-01      9.045374302094e-01      3.334868816339e-01      5.424892674409e-02      2.870417327519e-02      9.801884966675e-02      1.764538422429e-01      4.278462403084e-02      4.980222779125e-02      1.065355914141e-01      5.335376897796e-02
      9.515277777778e+01      5.353111107907e-01      7.882179034762e-02      3.063160051809e-01      5.817666177438e-01      8.993287575376e-01      3.317429270756e-01      5.428338822200e-02      2.860591946925e-02      9.760519305319e-02      1.759414674321e-01      4.263343391527e-02      4.973468604872e-02      1.064534956871e-01      5.369213499695e-02
      9.515972222222e+01      5.346529048336e-01      7.878649125310e-02      3.045365201121e-01      5.774702645442e-01      8.941200848659e-01      3.299989725173e-01      5.431784969991e-02      2.850766566331e-02      9.719153643963e-02      1.754290926212e-01      4.248224379970e-02      4.966714430619e-02      1.063713999600e-01      5.403050101593e-02
      9.516666666667e+01      5.339946988765e-01      7.875119215858e-02      3.027570350432e-01      5.731739113446e-01      8.889114121942e-01      3.282550179589e-01      5.435231117782e-02      2.840941185737e-02      9.677787982607e-02      1.749167178104e-01      4.233105368413e-02      4.959960256366e-02      1.062893042330e-01      5.436886703492e-02
      9.517361111111e+01      5.333364929194e-01      7.871589306405e-02      3.009775499743e-01      5.688775581450e-01      8.837027395224e-01      3.265110634006e-01      5.438677265573e-02      2.831115805143e-02      9.636422321251e-02      1.744043429995e-01      4.217986356856e-02      4.953206082113e-02      1.062072085060e-01      5.470723305391e-02
      9.518055555556e+01      5.326782869624e-01      7.868059396953e-02      2.991980649055e-01      5.645812049454e-01      8.784940668507e-01      3.247671088423e-01      5.442123413364e-02      2.821290424550e-02      9.595056659895e-02      1.738919681887e-01      4.202867345299e-02      4.946451907860e-02      1.061251127790e-01      5.504559907290e-02
      9.518750000000e+01      5.320200810053e-01      7.864529487501e-02      2.974185798366e-01      5.602848517459e-01      8.732853941789e-01      3.230231542840e-01      5.445569561155e-02      2.811465043956e-02      9.553690998540e-02      1.733795933778e-01      4.187748333742e-02      4.939697733607e-02      1.060430170519e-01      5.538396509189e-02
      9.519444444444e+01      5.313618750482e-01      7.860999578049e-02      2.956390947677e-01      5.559884985463e-01      8.680767215072e-01      3.212791997256e-01      5.449015708946e-02      2.801639663362e-02      9.512325337184e-02      1.728672185670e-01      4.172629322185e-02      4.932943559353e-02      1.059609213249e-01      5.572233111087e-02
      9.520138888889e+01      5.307036690911e-01      7.857469668597e-02      2.938596096989e-01      5.516921453467e-01      8.628680488355e-01      3.195352451673e-01      5.452461856737e-02      2.791814282768e-02      9.470959675828e-02      1.723548437561e-01      4.157510310628e-02      4.926189385100e-02      1.058788255979e-01      5.606069712986e-02
      9.520833333333e+01      5.300454631341e-01      7.853939759145e-02      2.920801246300e-01      5.473957921471e-01      8.576593761637e-01      3.177912906090e-01      5.455908004528e-02      2.781988902174e-02      9.429594014472e-02      1.718424689453e-01      4.142391299071e-02      4.919435210847e-02      1.057967298709e-01      5.639906314885e-02
      9.521527777778e+01      5.293872571770e-01      7.850409849693e-02      2.903006395612e-01      5.430994389475e-01      8.524507034920e-01      3.160473360507e-01      5.459354152318e-02      2.772163521581e-02      9.388228353116e-02      1.713300941344e-01      4.127272287514e-02      4.912681036594e-02      1.057146341439e-01      5.673742916784e-02
      9.522222222222e+01      5.287290512199e-01      7.846879940241e-02      2.885211544923e-01      5.388030857480e-01      8.472420308202e-01      3.143033814924e-01      5.462800300109e-02      2.762338140987e-02      9.346862691760e-02      1.708177193236e-01      4.112153275957e-02      4.905926862341e-02      1.056325384168e-01      5.707579518682e-02
      9.522916666667e+01      5.280708452628e-01      7.843350030788e-02      2.867416694234e-01      5.345067325484e-01      8.420333581485e-01      3.125594269340e-01      5.466246447900e-02      2.752512760393e-02      9.305497030404e-02      1.703053445127e-01      4.097034264400e-02      4.899172688088e-02      1.055504426898e-01      5.741416120581e-02
      9.523611111111e+01      5.274126393057e-01      7.839820121336e-02      2.849621843546e-01      5.302103793488e-01      8.368246854768e-01      3.108154723757e-01      5.469692595691e-02      2.742687379799e-02      9.264131369048e-02      1.697929697019e-01      4.081915252843e-02      4.892418513835e-02      1.054683469628e-01      5.775252722480e-02
      9.524305555556e+01      5.267544333487e-01      7.836290211884e-02      2.831826992857e-01      5.259140261492e-01      8.316160128050e-01      3.090715178174e-01      5.473138743482e-02      2.732861999206e-02      9.222765707693e-02      1.692805948910e-01      4.066796241286e-02      4.885664339582e-02      1.053862512358e-01      5.809089324379e-02
      9.525000000000e+01      5.247742358910e-01      7.830491148197e-02      2.819636939982e-01      5.232024941280e-01      8.272231194661e-01      3.078572448059e-01      5.429948001781e-02      2.714971406468e-02      9.184403853092e-02      1.686947969963e-01      4.054183885973e-02      4.843514540176e-02      1.050325246105e-01      5.754040483717e-02
      9.525694444444e+01      5.218917032363e-01      7.823143256297e-02      2.811272483819e-01      5.215726936683e-01      8.233870424189e-01      3.070045099000e-01      5.354924901968e-02      2.691575842793e-02      9.148092269283e-02      1.680588836260e-01      4.043282467647e-02      4.777205191803e-02      1.044933942817e-01      5.638322218718e-02
      9.526388888889e+01      5.190091705816e-01      7.815795364398e-02      2.802908027656e-01      5.199428932086e-01      8.195509653717e-01      3.061517749942e-01      5.279901802155e-02      2.668180279119e-02      9.111780685475e-02      1.674229702556e-01      4.032381049321e-02      4.710895843429e-02      1.039542639529e-01      5.522603953718e-02
      9.527083333333e+01      5.161266379269e-01      7.808447472498e-02      2.794543571493e-01      5.183130927488e-01      8.157148883244e-01      3.052990400884e-01      5.204878702343e-02      2.644784715445e-02      9.075469101666e-02      1.667870568853e-01      4.021479630995e-02      4.644586495056e-02      1.034151336242e-01      5.406885688718e-02
      9.527777777778e+01      5.132441052723e-01      7.801099580598e-02      2.786179115330e-01      5.166832922891e-01      8.118788112772e-01      3.044463051825e-01      5.129855602530e-02      2.621389151770e-02      9.039157517857e-02      1.661511435150e-01      4.010578212670e-02      4.578277146682e-02      1.028760032954e-01      5.291167423718e-02
      9.528472222222e+01      5.103615726176e-01      7.793751688698e-02      2.777814659167e-01      5.150534918294e-01      8.080427342300e-01      3.035935702767e-01      5.054832502718e-02      2.597993588096e-02      9.002845934049e-02      1.655152301446e-01      3.999676794344e-02      4.511967798308e-02      1.023368729666e-01      5.175449158718e-02
      9.529166666667e+01      5.074790399629e-01      7.786403796798e-02      2.769450203004e-01      5.134236913696e-01      8.042066571828e-01      3.027408353709e-01      4.979809402905e-02      2.574598024422e-02      8.966534350240e-02      1.648793167743e-01      3.988775376018e-02      4.445658449934e-02      1.017977426379e-01      5.059730893718e-02
      9.529861111111e+01      5.045965073082e-01      7.779055904898e-02      2.761085746841e-01      5.117938909099e-01      8.003705801355e-01      3.018881004650e-01      4.904786303092e-02      2.551202460747e-02      8.930222766431e-02      1.642434034039e-01      3.977873957692e-02      4.379349101561e-02      1.012586123091e-01      4.944012628718e-02
      9.530555555556e+01      5.017139746535e-01      7.771708012999e-02      2.752721290678e-01      5.101640904502e-01      7.965345030883e-01      3.010353655592e-01      4.829763203280e-02      2.527806897073e-02      8.893911182622e-02      1.636074900336e-01      3.966972539367e-02      4.313039753187e-02      1.007194819803e-01      4.828294363718e-02
      9.531250000000e+01      4.988314419989e-01      7.764360121099e-02      2.744356834515e-01      5.085342899904e-01      7.926984260411e-01      3.001826306534e-01      4.754740103467e-02      2.504411333399e-02      8.857599598814e-02      1.629715766633e-01      3.956071121041e-02      4.246730404814e-02      1.001803516516e-01      4.712576098718e-02
      9.531944444444e+01      4.959489093442e-01      7.757012229199e-02      2.735992378352e-01      5.069044895307e-01      7.888623489939e-01      2.993298957475e-01      4.679717003655e-02      2.481015769725e-02      8.821288015005e-02      1.623356632929e-01      3.945169702715e-02      4.180421056440e-02      9.964122132280e-02      4.596857833718e-02
      9.532638888889e+01      4.930663766895e-01      7.749664337299e-02      2.727627922190e-01      5.052746890710e-01      7.850262719466e-01      2.984771608417e-01      4.604693903842e-02      2.457620206050e-02      8.784976431196e-02      1.616997499226e-01      3.934268284389e-02      4.114111708066e-02      9.910209099404e-02      4.481139568718e-02
      9.533333333333e+01      4.901838440348e-01      7.742316445399e-02      2.719263466027e-01      5.036448886112e-01      7.811901948994e-01      2.976244259359e-01      4.529670804029e-02      2.434224642376e-02      8.748664847387e-02      1.610638365522e-01      3.923366866064e-02      4.047802359693e-02      9.856296066527e-02      4.365421303718e-02
      9.534027777778e+01      4.873013113801e-01      7.734968553500e-02      2.710899009864e-01      5.020150881515e-01      7.773541178522e-01      2.967716910300e-01      4.454647704217e-02      2.410829078702e-02      8.712353263579e-02      1.604279231819e-01      3.912465447738e-02      3.981493011319e-02      9.802383033651e-02      4.249703038718e-02
      9.534722222222e+01      4.844187787255e-01      7.727620661600e-02      2.702534553701e-01      5.003852876918e-01      7.735180408049e-01      2.959189561242e-01      4.379624604404e-02      2.387433515027e-02      8.676041679770e-02      1.597920098116e-01      3.901564029412e-02      3.915183662945e-02      9.748470000774e-02      4.133984773718e-02
      9.535416666667e+01      4.815362460708e-01      7.720272769700e-02      2.694170097538e-01      4.987554872320e-01      7.696819637577e-01      2.950662212183e-01      4.304601504591e-02      2.364037951353e-02      8.639730095961e-02      1.591560964412e-01      3.890662611086e-02      3.848874314572e-02      9.694556967898e-02      4.018266508718e-02
      9.536111111111e+01      4.786537134161e-01      7.712924877800e-02      2.685805641375e-01      4.971256867723e-01      7.658458867105e-01      2.942134863125e-01      4.229578404779e-02      2.340642387679e-02      8.603418512153e-02      1.585201830709e-01      3.879761192761e-02      3.782564966198e-02      9.640643935021e-02      3.902548243718e-02
      9.536805555556e+01      4.757711807614e-01      7.705576985900e-02      2.677441185212e-01      4.954958863126e-01      7.620098096633e-01      2.933607514067e-01      4.154555304966e-02      2.317246824004e-02      8.567106928344e-02      1.578842697005e-01      3.868859774435e-02      3.716255617824e-02      9.586730902145e-02      3.786829978718e-02
      9.537500000000e+01      4.825700513445e-01      7.701959090604e-02      2.671169344514e-01      4.978121737939e-01      7.624530181433e-01      2.939629527292e-01      4.101452726038e-02      2.342381060187e-02      8.581277710570e-02      1.581451848594e-01      4.132929477887e-02      3.729046433630e-02      9.574741200019e-02      4.332334959159e-02
      9.538194444444e+01      4.960689116470e-01      7.700922529676e-02      2.666345692859e-01      5.028593410855e-01      7.658576949493e-01      2.955720388528e-01      4.063520186096e-02      2.401100217084e-02      8.630384681812e-02      1.590267478497e-01      4.587292225006e-02      3.796578310603e-02      9.591764428989e-02      5.335437752435e-02
      9.538888888889e+01      5.095677719496e-01      7.699885968748e-02      2.661522041205e-01      5.079065083772e-01      7.692623717552e-01      2.971811249763e-01      4.025587646155e-02      2.459819373980e-02      8.679491653054e-02      1.599083108401e-01      5.041654972126e-02      3.864110187575e-02      9.608787657959e-02      6.338540545710e-02
      9.539583333333e+01      5.230666322522e-01      7.698849407819e-02      2.656698389550e-01      5.129536756688e-01      7.726670485612e-01      2.987902110999e-01      3.987655106214e-02      2.518538530877e-02      8.728598624296e-02      1.607898738304e-01      5.496017719245e-02      3.931642064547e-02      9.625810886928e-02      7.341643338986e-02
      9.540277777778e+01      5.365654925547e-01      7.697812846891e-02      2.651874737895e-01      5.180008429604e-01      7.760717253672e-01      3.003992972235e-01      3.949722566273e-02      2.577257687773e-02      8.777705595538e-02      1.616714368208e-01      5.950380466365e-02      3.999173941519e-02      9.642834115898e-02      8.344746132261e-02
      9.540972222222e+01      5.500643528573e-01      7.696776285962e-02      2.647051086241e-01      5.230480102521e-01      7.794764021732e-01      3.020083833470e-01      3.911790026331e-02      2.635976844670e-02      8.826812566780e-02      1.625529998111e-01      6.404743213485e-02      4.066705818492e-02      9.659857344868e-02      9.347848925539e-02
      9.541666666667e+01      5.635632131599e-01      7.695739725034e-02      2.642227434586e-01      5.280951775437e-01      7.828810789791e-01      3.036174694706e-01      3.873857486390e-02      2.694696001566e-02      8.875919538022e-02      1.634345628015e-01      6.859105960604e-02      4.134237695464e-02      9.676880573838e-02      1.035095171881e-01
      9.542361111111e+01      5.770620734625e-01      7.694703164105e-02      2.637403782932e-01      5.331423448353e-01      7.862857557851e-01      3.052265555942e-01      3.835924946449e-02      2.753415158463e-02      8.925026509264e-02      1.643161257918e-01      7.313468707724e-02      4.201769572437e-02      9.693903802807e-02      1.135405451209e-01
      9.543055555556e+01      5.905609337651e-01      7.693666603177e-02      2.632580131277e-01      5.381895121270e-01      7.896904325911e-01      3.068356417177e-01      3.797992406508e-02      2.812134315359e-02      8.974133480507e-02      1.651976887822e-01      7.767831454843e-02      4.269301449409e-02      9.710927031777e-02      1.235715730537e-01
      9.543750000000e+01      6.040597940676e-01      7.692630042248e-02      2.627756479623e-01      5.432366794186e-01      7.930951093971e-01      3.084447278413e-01      3.760059866566e-02      2.870853472256e-02      9.023240451749e-02      1.660792517725e-01      8.222194201962e-02      4.336833326381e-02      9.727950260747e-02      1.336026009864e-01
      9.544444444444e+01      6.175586543702e-01      7.691593481320e-02      2.622932827968e-01      5.482838467102e-01      7.964997862030e-01      3.100538139649e-01      3.722127326625e-02      2.929572629152e-02      9.072347422991e-02      1.669608147629e-01      8.676556949082e-02      4.404365203353e-02      9.744973489716e-02      1.436336289192e-01
      9.545138888889e+01      6.310575146728e-01      7.690556920391e-02      2.618109176313e-01      5.533310140019e-01      7.999044630090e-01      3.116629000884e-01      3.684194786684e-02      2.988291786049e-02      9.121454394233e-02      1.678423777532e-01      9.130919696201e-02      4.471897080326e-02      9.761996718686e-02      1.536646568519e-01
      9.545833333333e+01      6.445563749753e-01      7.689520359463e-02      2.613285524659e-01      5.583781812935e-01      8.033091398150e-01      3.132719862120e-01      3.646262246743e-02      3.047010942945e-02      9.170561365475e-02      1.687239407436e-01      9.585282443320e-02      4.539428957298e-02      9.779019947656e-02      1.636956847847e-01
      9.546527777778e+01      6.580552352779e-01      7.688483798534e-02      2.608461873004e-01      5.634253485852e-01      8.067138166210e-01      3.148810723356e-01      3.608329706801e-02      3.105730099842e-02      9.219668336717e-02      1.696055037339e-01      1.003964519044e-01      4.606960834270e-02      9.796043176626e-02      1.737267127174e-01
      9.547222222222e+01      6.715540955805e-01      7.687447237606e-02      2.603638221350e-01      5.684725158768e-01      8.101184934270e-01      3.164901584591e-01      3.570397166860e-02      3.164449256738e-02      9.268775307959e-02      1.704870667243e-01      1.049400793756e-01      4.674492711243e-02      9.813066405595e-02      1.837577406502e-01
      9.547916666667e+01      6.850529558831e-01      7.686410676677e-02      2.598814569695e-01      5.735196831684e-01      8.135231702329e-01      3.180992445827e-01      3.532464626919e-02      3.223168413635e-02      9.317882279201e-02      1.713686297146e-01      1.094837068468e-01      4.742024588215e-02      9.830089634565e-02      1.937887685830e-01
      9.548611111111e+01      6.985518161856e-01      7.685374115749e-02      2.593990918041e-01      5.785668504601e-01      8.169278470389e-01      3.197083307063e-01      3.494532086977e-02      3.281887570531e-02      9.366989250443e-02      1.722501927050e-01      1.140273343180e-01      4.809556465187e-02      9.847112863535e-02      2.038197965157e-01
      9.549305555556e+01      7.120506764882e-01      7.684337554820e-02      2.589167266386e-01      5.836140177517e-01      8.203325238449e-01      3.213174168298e-01      3.456599547036e-02      3.340606727428e-02      9.416096221685e-02      1.731317556953e-01      1.185709617892e-01      4.877088342160e-02      9.864136092505e-02      2.138508244485e-01
      9.550000000000e+01      7.146268367963e-01      7.674385922152e-02      2.597272402465e-01      5.855031541892e-01      8.233110601959e-01      3.224697015542e-01      3.454845851021e-02      3.354165995242e-02      9.408250676046e-02      1.732544256889e-01      1.184999926236e-01      4.894905923430e-02      9.899688102248e-02      2.137010403303e-01
      9.550694444444e+01      7.097476264406e-01      7.658349240518e-02      2.614202179413e-01      5.852367530218e-01      8.259987311888e-01      3.233101930634e-01      3.477786295812e-02      3.336901042635e-02      9.361531763585e-02      1.728591075855e-01      1.152792959722e-01      4.878790639940e-02      9.947887070040e-02      2.066022667192e-01
      9.551388888889e+01      7.048684160850e-01      7.642312558883e-02      2.631131956362e-01      5.849703518544e-01      8.286864021817e-01      3.241506845726e-01      3.500726740603e-02      3.319636090027e-02      9.314812851123e-02      1.724637894820e-01      1.120585993209e-01      4.862675356450e-02      9.996086037832e-02      1.995034931081e-01
      9.552083333333e+01      6.999892057294e-01      7.626275877249e-02      2.648061733311e-01      5.847039506870e-01      8.313740731745e-01      3.249911760818e-01      3.523667185394e-02      3.302371137420e-02      9.268093938662e-02      1.720684713786e-01      1.088379026695e-01      4.846560072959e-02      1.004428500562e-01      1.924047194970e-01
      9.552777777778e+01      6.951099953738e-01      7.610239195614e-02      2.664991510260e-01      5.844375495196e-01      8.340617441674e-01      3.258316675909e-01      3.546607630185e-02      3.285106184812e-02      9.221375026200e-02      1.716731532751e-01      1.056172060182e-01      4.830444789469e-02      1.009248397342e-01      1.853059458859e-01
      9.553472222222e+01      6.902307850182e-01      7.594202513980e-02      2.681921287208e-01      5.841711483522e-01      8.367494151602e-01      3.266721591001e-01      3.569548074976e-02      3.267841232205e-02      9.174656113739e-02      1.712778351716e-01      1.023965093668e-01      4.814329505978e-02      1.014068294121e-01      1.782071722748e-01
      9.554166666667e+01      6.853515746626e-01      7.578165832345e-02      2.698851064157e-01      5.839047471849e-01      8.394370861531e-01      3.275126506093e-01      3.592488519767e-02      3.250576279597e-02      9.127937201277e-02      1.708825170682e-01      9.917581271545e-02      4.798214222488e-02      1.018888190900e-01      1.711083986637e-01
      9.554861111111e+01      6.804723643070e-01      7.562129150710e-02      2.715780841106e-01      5.836383460175e-01      8.421247571459e-01      3.283531421185e-01      3.615428964558e-02      3.233311326990e-02      9.081218288816e-02      1.704871989647e-01      9.595511606410e-02      4.782098938997e-02      1.023708087679e-01      1.640096250526e-01
      9.555555555556e+01      6.755931539513e-01      7.546092469076e-02      2.732710618055e-01      5.833719448501e-01      8.448124281388e-01      3.291936336276e-01      3.638369409349e-02      3.216046374382e-02      9.034499376355e-02      1.700918808612e-01      9.273441941275e-02      4.765983655507e-02      1.028527984458e-01      1.569108514415e-01
      9.556250000000e+01      6.707139435957e-01      7.530055787441e-02      2.749640395003e-01      5.831055436827e-01      8.475000991317e-01      3.300341251368e-01      3.661309854140e-02      3.198781421775e-02      8.987780463893e-02      1.696965627578e-01      8.951372276140e-02      4.749868372017e-02      1.033347881238e-01      1.498120778304e-01
      9.556944444444e+01      6.658347332401e-01      7.514019105807e-02      2.766570171952e-01      5.828391425153e-01      8.501877701245e-01      3.308746166460e-01      3.684250298931e-02      3.181516469167e-02      8.941061551432e-02      1.693012446543e-01      8.629302611005e-02      4.733753088526e-02      1.038167778017e-01      1.427133042193e-01
      9.557638888889e+01      6.609555228845e-01      7.497982424172e-02      2.783499948901e-01      5.825727413479e-01      8.528754411174e-01      3.317151081551e-01      3.707190743722e-02      3.164251516560e-02      8.894342638970e-02      1.689059265509e-01      8.307232945870e-02      4.717637805036e-02      1.042987674796e-01      1.356145306082e-01
      9.558333333333e+01      6.560763125289e-01      7.481945742538e-02      2.800429725850e-01      5.823063401805e-01      8.555631121102e-01      3.325555996643e-01      3.730131188512e-02      3.146986563952e-02      8.847623726509e-02      1.685106084474e-01      7.985163280736e-02      4.701522521545e-02      1.047807571575e-01      1.285157569971e-01
      9.559027777778e+01      6.511971021733e-01      7.465909060903e-02      2.817359502798e-01      5.820399390131e-01      8.582507831031e-01      3.333960911735e-01      3.753071633303e-02      3.129721611345e-02      8.800904814047e-02      1.681152903439e-01      7.663093615601e-02      4.685407238055e-02      1.052627468354e-01      1.214169833860e-01
      9.559722222222e+01      6.463178918177e-01      7.449872379268e-02      2.834289279747e-01      5.817735378457e-01      8.609384540960e-01      3.342365826827e-01      3.776012078094e-02      3.112456658737e-02      8.754185901586e-02      1.677199722405e-01      7.341023950465e-02      4.669291954564e-02      1.057447365134e-01      1.143182097749e-01
      9.560416666667e+01      6.414386814620e-01      7.433835697634e-02      2.851219056696e-01      5.815071366783e-01      8.636261250888e-01      3.350770741918e-01      3.798952522885e-02      3.095191706130e-02      8.707466989125e-02      1.673246541370e-01      7.018954285330e-02      4.653176671074e-02      1.062267261913e-01      1.072194361638e-01
      9.561111111111e+01      6.365594711064e-01      7.417799015999e-02      2.868148833645e-01      5.812407355109e-01      8.663137960817e-01      3.359175657010e-01      3.821892967676e-02      3.077926753522e-02      8.660748076663e-02      1.669293360335e-01      6.696884620195e-02      4.637061387583e-02      1.067087158692e-01      1.001206625527e-01
      9.561805555556e+01      6.316802607508e-01      7.401762334365e-02      2.885078610593e-01      5.809743343436e-01      8.690014670745e-01      3.367580572102e-01      3.844833412467e-02      3.060661800915e-02      8.614029164202e-02      1.665340179301e-01      6.374814955060e-02      4.620946104093e-02      1.071907055471e-01      9.302188894157e-02
      9.562500000000e+01      6.246006764538e-01      7.391096184434e-02      2.897248357829e-01      5.816298192891e-01      8.737414689700e-01      3.376068682658e-01      3.954387157098e-02      3.067190216884e-02      8.615638116142e-02      1.669484707106e-01      7.502694199798e-02      4.654695637514e-02      1.076841864427e-01      1.151395819194e-01
      9.563194444444e+01      6.159877999079e-01      7.384172395962e-02      2.906101161284e-01      5.829277045124e-01      8.799116019017e-01      3.384614766524e-01      4.124295870849e-02      3.090298627247e-02      8.650923498481e-02      1.679271982248e-01      9.640945083085e-02      4.723192599915e-02      1.081856747931e-01      1.576162606649e-01
      9.563888888889e+01      6.073749233621e-01      7.377248607489e-02      2.914953964738e-01      5.842255897358e-01      8.860817348334e-01      3.393160850390e-01      4.294204584599e-02      3.113407037609e-02      8.686208880819e-02      1.689059257390e-01      1.177919596637e-01      4.791689562315e-02      1.086871631435e-01      2.000929394104e-01
      9.564583333333e+01      5.987620468163e-01      7.370324819017e-02      2.923806768192e-01      5.855234749591e-01      8.922518677650e-01      3.401706934256e-01      4.464113298349e-02      3.136515447972e-02      8.721494263158e-02      1.698846532532e-01      1.391744684966e-01      4.860186524716e-02      1.091886514939e-01      2.425696181559e-01
      9.565277777778e+01      5.901491702704e-01      7.363401030544e-02      2.932659571646e-01      5.868213601824e-01      8.984220006967e-01      3.410253018122e-01      4.634022012099e-02      3.159623858334e-02      8.756779645496e-02      1.708633807673e-01      1.605569773294e-01      4.928683487116e-02      1.096901398442e-01      2.850462969015e-01
      9.565972222222e+01      5.815362937246e-01      7.356477242072e-02      2.941512375100e-01      5.881192454057e-01      9.045921336284e-01      3.418799101988e-01      4.803930725849e-02      3.182732268697e-02      8.792065027835e-02      1.718421082815e-01      1.819394861624e-01      4.997180449517e-02      1.101916281946e-01      3.275229756471e-01
      9.566666666667e+01      5.729234171787e-01      7.349553453600e-02      2.950365178554e-01      5.894171306291e-01      9.107622665601e-01      3.427345185854e-01      4.973839439599e-02      3.205840679059e-02      8.827350410173e-02      1.728208357957e-01      2.033219949952e-01      5.065677411917e-02      1.106931165450e-01      3.699996543926e-01
      9.567361111111e+01      5.643105406329e-01      7.342629665127e-02      2.959217982009e-01      5.907150158524e-01      9.169323994917e-01      3.435891269720e-01      5.143748153349e-02      3.228949089422e-02      8.862635792512e-02      1.737995633099e-01      2.247045038281e-01      5.134174374317e-02      1.111946048954e-01      4.124763331382e-01
      9.568055555556e+01      5.556976640871e-01      7.335705876655e-02      2.968070785463e-01      5.920129010757e-01      9.231025324234e-01      3.444437353586e-01      5.313656867100e-02      3.252057499784e-02      8.897921174850e-02      1.747782908241e-01      2.460870126610e-01      5.202671336718e-02      1.116960932458e-01      4.549530118837e-01
      9.568750000000e+01      5.470847875412e-01      7.328782088183e-02      2.976923588917e-01      5.933107862991e-01      9.292726653551e-01      3.452983437452e-01      5.483565580850e-02      3.275165910147e-02      8.933206557188e-02      1.757570183382e-01      2.674695214938e-01      5.271168299118e-02      1.121975815962e-01      4.974296906292e-01
      9.569444444444e+01      5.384719109954e-01      7.321858299710e-02      2.985776392371e-01      5.946086715224e-01      9.354427982868e-01      3.461529521318e-01      5.653474294600e-02      3.298274320509e-02      8.968491939527e-02      1.767357458524e-01      2.888520303267e-01      5.339665261519e-02      1.126990699466e-01      5.399063693747e-01
      9.570138888889e+01      5.298590344496e-01      7.314934511238e-02      2.994629195825e-01      5.959065567457e-01      9.416129312184e-01      3.470075605184e-01      5.823383008350e-02      3.321382730872e-02      9.003777321865e-02      1.777144733666e-01      3.102345391596e-01      5.408162223919e-02      1.132005582970e-01      5.823830481203e-01
      9.570833333333e+01      5.212461579037e-01      7.308010722766e-02      3.003481999279e-01      5.972044419691e-01      9.477830641501e-01      3.478621689050e-01      5.993291722100e-02      3.344491141234e-02      9.039062704204e-02      1.786932008808e-01      3.316170479924e-01      5.476659186320e-02      1.137020466474e-01      6.248597268658e-01
      9.571527777778e+01      5.126332813579e-01      7.301086934293e-02      3.012334802734e-01      5.985023271924e-01      9.539531970818e-01      3.487167772916e-01      6.163200435850e-02      3.367599551597e-02      9.074348086542e-02      1.796719283950e-01      3.529995568253e-01      5.545156148720e-02      1.142035349978e-01      6.673364056113e-01
      9.572222222222e+01      5.040204048120e-01      7.294163145821e-02      3.021187606188e-01      5.998002124157e-01      9.601233300135e-01      3.495713856782e-01      6.333109149601e-02      3.390707961959e-02      9.109633468881e-02      1.806506559091e-01      3.743820656582e-01      5.613653111121e-02      1.147050233482e-01      7.098130843569e-01
      9.572916666667e+01      4.954075282662e-01      7.287239357348e-02      3.030040409642e-01      6.010980976390e-01      9.662934629451e-01      3.504259940648e-01      6.503017863351e-02      3.413816372322e-02      9.144918851219e-02      1.816293834233e-01      3.957645744911e-01      5.682150073521e-02      1.152065116986e-01      7.522897631025e-01
      9.573611111111e+01      4.867946517204e-01      7.280315568876e-02      3.038893213096e-01      6.023959828624e-01      9.724635958768e-01      3.512806024513e-01      6.672926577101e-02      3.436924782684e-02      9.180204233558e-02      1.826081109375e-01      4.171470833239e-01      5.750647035921e-02      1.157080000490e-01      7.947664418480e-01
      9.574305555556e+01      4.781817751745e-01      7.273391780404e-02      3.047746016550e-01      6.036938680857e-01      9.786337288085e-01      3.521352108379e-01      6.842835290851e-02      3.460033193047e-02      9.215489615896e-02      1.835868384517e-01      4.385295921568e-01      5.819143998322e-02      1.162094883994e-01      8.372431205935e-01
      9.575000000000e+01      4.714502299818e-01      7.267565315109e-02      3.030669307750e-01      6.040362266084e-01      9.802072025209e-01      3.520767794201e-01      6.840136968195e-02      3.462315791665e-02      9.210555484609e-02      1.846853029782e-01      4.403037854883e-01      5.819091772093e-02      1.172987082463e-01      8.394391945773e-01
      9.575694444444e+01      4.660117033006e-01      7.262493028061e-02      2.995771528097e-01      6.037218620555e-01      9.786214425066e-01      3.513908257071e-01      6.718807712756e-02      3.450285037106e-02      9.177978920447e-02      1.858660614467e-01      4.286013975248e-01      5.771926436468e-02      1.187918695380e-01      8.139508484156e-01
      9.576388888889e+01      4.605731766193e-01      7.257420741013e-02      2.960873748445e-01      6.034074975027e-01      9.770356824924e-01      3.507048719940e-01      6.597478457318e-02      3.438254282546e-02      9.145402356285e-02      1.870468199153e-01      4.168990095613e-01      5.724761100843e-02      1.202850308296e-01      7.884625022539e-01
      9.577083333333e+01      4.551346499381e-01      7.252348453964e-02      2.925975968793e-01      6.030931329499e-01      9.754499224781e-01      3.500189182809e-01      6.476149201879e-02      3.426223527986e-02      9.112825792123e-02      1.882275783838e-01      4.051966215978e-01      5.677595765218e-02      1.217781921213e-01      7.629741560922e-01
      9.577777777778e+01      4.496961232569e-01      7.247276166916e-02      2.891078189140e-01      6.027787683971e-01      9.738641624639e-01      3.493329645679e-01      6.354819946440e-02      3.414192773426e-02      9.080249227961e-02      1.894083368524e-01      3.934942336343e-01      5.630430429593e-02      1.232713534130e-01      7.374858099305e-01
      9.578472222222e+01      4.442575965757e-01      7.242203879868e-02      2.856180409488e-01      6.024644038442e-01      9.722784024496e-01      3.486470108548e-01      6.233490691001e-02      3.402162018867e-02      9.047672663799e-02      1.905890953210e-01      3.817918456708e-01      5.583265093969e-02      1.247645147047e-01      7.119974637688e-01
      9.579166666667e+01      4.388190698944e-01      7.237131592820e-02      2.821282629835e-01      6.021500392914e-01      9.706926424353e-01      3.479610571417e-01      6.112161435563e-02      3.390131264307e-02      9.015096099637e-02      1.917698537895e-01      3.700894577073e-01      5.536099758344e-02      1.262576759963e-01      6.865091176071e-01
      9.579861111111e+01      4.333805432132e-01      7.232059305772e-02      2.786384850183e-01      6.018356747386e-01      9.691068824211e-01      3.472751034287e-01      5.990832180124e-02      3.378100509747e-02      8.982519535475e-02      1.929506122581e-01      3.583870697438e-01      5.488934422719e-02      1.277508372880e-01      6.610207714454e-01
      9.580555555556e+01      4.279420165320e-01      7.226987018724e-02      2.751487070531e-01      6.015213101858e-01      9.675211224068e-01      3.465891497156e-01      5.869502924686e-02      3.366069755187e-02      8.949942971313e-02      1.941313707266e-01      3.466846817802e-01      5.441769087094e-02      1.292439985797e-01      6.355324252837e-01
      9.581250000000e+01      4.225034898507e-01      7.221914731676e-02      2.716589290878e-01      6.012069456329e-01      9.659353623926e-01      3.459031960025e-01      5.748173669247e-02      3.354039000627e-02      8.917366407151e-02      1.953121291952e-01      3.349822938167e-01      5.394603751469e-02      1.307371598714e-01      6.100440791220e-01
      9.581944444444e+01      4.170649631695e-01      7.216842444627e-02      2.681691511226e-01      6.008925810801e-01      9.643496023783e-01      3.452172422895e-01      5.626844413808e-02      3.342008246068e-02      8.884789842989e-02      1.964928876637e-01      3.232799058532e-01      5.347438415845e-02      1.322303211630e-01      5.845557329603e-01
      9.582638888889e+01      4.116264364883e-01      7.211770157579e-02      2.646793731573e-01      6.005782165273e-01      9.627638423641e-01      3.445312885764e-01      5.505515158370e-02      3.329977491508e-02      8.852213278827e-02      1.976736461323e-01      3.115775178897e-01      5.300273080220e-02      1.337234824547e-01      5.590673867986e-01
      9.583333333333e+01      4.061879098071e-01      7.206697870531e-02      2.611895951921e-01      6.002638519745e-01      9.611780823498e-01      3.438453348633e-01      5.384185902931e-02      3.317946736948e-02      8.819636714665e-02      1.988544046009e-01      2.998751299262e-01      5.253107744595e-02      1.352166437464e-01      5.335790406369e-01
      9.584027777778e+01      4.007493831258e-01      7.201625583483e-02      2.576998172269e-01      5.999494874217e-01      9.595923223356e-01      3.431593811503e-01      5.262856647492e-02      3.305915982388e-02      8.787060150503e-02      2.000351630694e-01      2.881727419627e-01      5.205942408970e-02      1.367098050381e-01      5.080906944752e-01
      9.584722222222e+01      3.953108564446e-01      7.196553296435e-02      2.542100392616e-01      5.996351228688e-01      9.580065623213e-01      3.424734274372e-01      5.141527392053e-02      3.293885227828e-02      8.754483586341e-02      2.012159215380e-01      2.764703539992e-01      5.158777073345e-02      1.382029663297e-01      4.826023483134e-01
      9.585416666667e+01      3.898723297634e-01      7.191481009387e-02      2.507202612964e-01      5.993207583160e-01      9.564208023071e-01      3.417874737241e-01      5.020198136615e-02      3.281854473269e-02      8.721907022179e-02      2.023966800065e-01      2.647679660357e-01      5.111611737721e-02      1.396961276214e-01      4.571140021517e-01
      9.586111111111e+01      3.844338030822e-01      7.186408722338e-02      2.472304833311e-01      5.990063937632e-01      9.548350422928e-01      3.411015200111e-01      4.898868881176e-02      3.269823718709e-02      8.689330458017e-02      2.035774384751e-01      2.530655780722e-01      5.064446402096e-02      1.411892889131e-01      4.316256559900e-01
      9.586805555556e+01      3.789952764009e-01      7.181336435290e-02      2.437407053659e-01      5.986920292104e-01      9.532492822786e-01      3.404155662980e-01      4.777539625738e-02      3.257792964149e-02      8.656753893855e-02      2.047581969437e-01      2.413631901086e-01      5.017281066471e-02      1.426824502048e-01      4.061373098283e-01
      9.587500000000e+01      3.834029691416e-01      7.194565368619e-02      2.442921130585e-01      5.988105632678e-01      9.536437906259e-01      3.399726224670e-01      4.760973685797e-02      3.267145965464e-02      8.693374462047e-02      2.048235818467e-01      2.312035944242e-01      5.006070517019e-02      1.430520590210e-01      3.856763081263e-01
      9.588194444444e+01      3.947192117547e-01      7.220635260318e-02      2.476789981525e-01      5.992328384376e-01      9.554277442162e-01      3.397001852861e-01      4.817914394337e-02      3.291502770533e-02      8.778546846870e-02      2.041063705497e-01      2.221264911101e-01      5.020087460758e-02      1.426333329466e-01      3.687427171427e-01
      9.588888888889e+01      4.060354543678e-01      7.246705152017e-02      2.510658832465e-01      5.996551136074e-01      9.572116978065e-01      3.394277481052e-01      4.874855102877e-02      3.315859575602e-02      8.863719231693e-02      2.033891592527e-01      2.130493877961e-01      5.034104404496e-02      1.422146068723e-01      3.518091261590e-01
      9.589583333333e+01      4.173516969808e-01      7.272775043716e-02      2.544527683406e-01      6.000773887771e-01      9.589956513968e-01      3.391553109243e-01      4.931795811417e-02      3.340216380670e-02      8.948891616517e-02      2.026719479557e-01      2.039722844821e-01      5.048121348235e-02      1.417958807979e-01      3.348755351754e-01
      9.590277777778e+01      4.286679395939e-01      7.298844935415e-02      2.578396534346e-01      6.004996639469e-01      9.607796049871e-01      3.388828737435e-01      4.988736519957e-02      3.364573185739e-02      9.034064001340e-02      2.019547366587e-01      1.948951811680e-01      5.062138291974e-02      1.413771547236e-01      3.179419441918e-01
      9.590972222222e+01      4.399841822070e-01      7.324914827114e-02      2.612265385286e-01      6.009219391166e-01      9.625635585774e-01      3.386104365626e-01      5.045677228497e-02      3.388929990808e-02      9.119236386163e-02      2.012375253617e-01      1.858180778540e-01      5.076155235712e-02      1.409584286492e-01      3.010083532081e-01
      9.591666666667e+01      4.513004248200e-01      7.350984718813e-02      2.646134236226e-01      6.013442142864e-01      9.643475121677e-01      3.383379993817e-01      5.102617937037e-02      3.413286795877e-02      9.204408770986e-02      2.005203140647e-01      1.767409745400e-01      5.090172179451e-02      1.405397025748e-01      2.840747622245e-01
      9.592361111111e+01      4.626166674331e-01      7.377054610512e-02      2.680003087167e-01      6.017664894561e-01      9.661314657579e-01      3.380655622008e-01      5.159558645577e-02      3.437643600945e-02      9.289581155809e-02      1.998031027677e-01      1.676638712259e-01      5.104189123190e-02      1.401209765005e-01      2.671411712409e-01
      9.593055555556e+01      4.739329100461e-01      7.403124502211e-02      2.713871938107e-01      6.021887646259e-01      9.679154193482e-01      3.377931250199e-01      5.216499354117e-02      3.462000406014e-02      9.374753540633e-02      1.990858914707e-01      1.585867679119e-01      5.118206066929e-02      1.397022504261e-01      2.502075802573e-01
      9.593750000000e+01      4.852491526592e-01      7.429194393910e-02      2.747740789047e-01      6.026110397956e-01      9.696993729385e-01      3.375206878390e-01      5.273440062657e-02      3.486357211083e-02      9.459925925456e-02      1.983686801738e-01      1.495096645979e-01      5.132223010667e-02      1.392835243517e-01      2.332739892736e-01
      9.594444444444e+01      4.965653952723e-01      7.455264285609e-02      2.781609639987e-01      6.030333149654e-01      9.714833265288e-01      3.372482506581e-01      5.330380771197e-02      3.510714016151e-02      9.545098310279e-02      1.976514688768e-01      1.404325612838e-01      5.146239954406e-02      1.388647982774e-01      2.163403982900e-01
      9.595138888889e+01      5.078816378853e-01      7.481334177309e-02      2.815478490928e-01      6.034555901352e-01      9.732672801191e-01      3.369758134772e-01      5.387321479737e-02      3.535070821220e-02      9.630270695102e-02      1.969342575798e-01      1.313554579698e-01      5.160256898145e-02      1.384460722030e-01      1.994068073064e-01
      9.595833333333e+01      5.191978804984e-01      7.507404069008e-02      2.849347341868e-01      6.038778653049e-01      9.750512337094e-01      3.367033762963e-01      5.444262188277e-02      3.559427626289e-02      9.715443079925e-02      1.962170462828e-01      1.222783546558e-01      5.174273841883e-02      1.380273461287e-01      1.824732163228e-01
      9.596527777778e+01      5.305141231114e-01      7.533473960707e-02      2.883216192808e-01      6.043001404747e-01      9.768351872997e-01      3.364309391154e-01      5.501202896816e-02      3.583784431358e-02      9.800615464748e-02      1.954998349858e-01      1.132012513418e-01      5.188290785622e-02      1.376086200543e-01      1.655396253391e-01
      9.597222222222e+01      5.418303657245e-01      7.559543852406e-02      2.917085043748e-01      6.047224156444e-01      9.786191408900e-01      3.361585019346e-01      5.558143605357e-02      3.608141236426e-02      9.885787849572e-02      1.947826236888e-01      1.041241480277e-01      5.202307729361e-02      1.371898939799e-01      1.486060343555e-01
      9.597916666667e+01      5.531466083376e-01      7.585613744105e-02      2.950953894689e-01      6.051446908142e-01      9.804030944802e-01      3.358860647537e-01      5.615084313896e-02      3.632498041495e-02      9.970960234395e-02      1.940654123918e-01      9.504704471369e-02      5.216324673099e-02      1.367711679056e-01      1.316724433719e-01
      9.598611111111e+01      5.644628509506e-01      7.611683635804e-02      2.984822745629e-01      6.055669659839e-01      9.821870480705e-01      3.356136275728e-01      5.672025022436e-02      3.656854846564e-02      1.005613261922e-01      1.933482010948e-01      8.596994139966e-02      5.230341616838e-02      1.363524418312e-01      1.147388523882e-01
      9.599305555556e+01      5.757790935637e-01      7.637753527503e-02      3.018691596569e-01      6.059892411537e-01      9.839710016608e-01      3.353411903919e-01      5.728965730976e-02      3.681211651633e-02      1.014130500404e-01      1.926309897978e-01      7.689283808563e-02      5.244358560577e-02      1.359337157569e-01      9.780526140461e-02
      9.600000000000e+01      5.729429197168e-01      7.631605718500e-02      3.013943523131e-01      6.019746727386e-01      9.744877737735e-01      3.328340300196e-01      5.690377704419e-02      3.642967528792e-02      1.010198593546e-01      1.904518722262e-01      7.174935376912e-02      5.207127756230e-02      1.342386855935e-01      8.875157873594e-02
