      1.120000000000e+02      3.091451268831e-01      3.074505619817e-02      1.129069954339e-01      5.039784996642e-01      4.037410065400e-01      2.285585817698e-01      3.129414272254e-02      2.436250576651e-02      4.306157190035e-02      5.229727060660e-02      6.267477647582e-02      3.398458899519e-02      3.943160512818e-02      8.764372969987e-02
      1.120069444444e+02      3.098521720321e-01      3.084110099120e-02      1.106285658674e-01      4.990561889723e-01      4.050491359215e-01      2.278848051136e-01      3.161091748621e-02      2.407550914600e-02      4.307514342026e-02      5.213202500912e-02      6.292578510265e-02      3.387106751720e-02      3.993843435249e-02      8.919047024495e-02
      1.120138888889e+02      3.105592171811e-01      3.093714578423e-02      1.083501363010e-01      4.941338782805e-01      4.063572653031e-01      2.272110284574e-01      3.192769224989e-02      2.378851252548e-02      4.308871494018e-02      5.196677941164e-02      6.317679372949e-02      3.375754603921e-02      4.044526357681e-02      9.073721079002e-02
      1.120208333333e+02      3.112662623301e-01      3.103319057725e-02      1.060717067345e-01      4.892115675887e-01      4.076653946846e-01      2.265372518012e-01      3.224446701356e-02      2.350151590497e-02      4.310228646009e-02      5.180153381415e-02      6.342780235632e-02      3.364402456123e-02      4.095209280113e-02      9.228395133509e-02
      1.120277777778e+02      3.119733074791e-01      3.112923537028e-02      1.037932771680e-01      4.842892568969e-01      4.089735240662e-01      2.258634751450e-01      3.256124177723e-02      2.321451928446e-02      4.311585798001e-02      5.163628821667e-02      6.367881098315e-02      3.353050308324e-02      4.145892202545e-02      9.383069188017e-02
      1.120347222222e+02      3.126803526282e-01      3.122528016331e-02      1.015148476015e-01      4.793669462050e-01      4.102816534477e-01      2.251896984889e-01      3.287801654091e-02      2.292752266394e-02      4.312942949993e-02      5.147104261918e-02      6.392981960999e-02      3.341698160525e-02      4.196575124977e-02      9.537743242524e-02
      1.120416666667e+02      3.133873977772e-01      3.132132495634e-02      9.923641803504e-02      4.744446355132e-01      4.115897828293e-01      2.245159218327e-01      3.319479130458e-02      2.264052604343e-02      4.314300101984e-02      5.130579702170e-02      6.418082823682e-02      3.330346012726e-02      4.247258047409e-02      9.692417297031e-02
      1.120486111111e+02      3.140944429262e-01      3.141736974937e-02      9.695798846857e-02      4.695223248214e-01      4.128979122108e-01      2.238421451765e-01      3.351156606826e-02      2.235352942292e-02      4.315657253976e-02      5.114055142421e-02      6.443183686366e-02      3.318993864928e-02      4.297940969841e-02      9.847091351539e-02
      1.120555555556e+02      3.148014880752e-01      3.151341454240e-02      9.467955890209e-02      4.646000141296e-01      4.142060415924e-01      2.231683685203e-01      3.382834083193e-02      2.206653280241e-02      4.317014405968e-02      5.097530582673e-02      6.468284549049e-02      3.307641717129e-02      4.348623892273e-02      1.000176540605e-01
      1.120625000000e+02      3.155085332242e-01      3.160945933542e-02      9.240112933561e-02      4.596777034377e-01      4.155141709739e-01      2.224945918641e-01      3.414511559560e-02      2.177953618189e-02      4.318371557959e-02      5.081006022925e-02      6.493385411733e-02      3.296289569330e-02      4.399306814704e-02      1.015643946055e-01
      1.120694444444e+02      3.162155783733e-01      3.170550412845e-02      9.012269976914e-02      4.547553927459e-01      4.168223003555e-01      2.218208152079e-01      3.446189035928e-02      2.149253956138e-02      4.319728709951e-02      5.064481463176e-02      6.518486274416e-02      3.284937421531e-02      4.449989737136e-02      1.031111351506e-01
      1.120763888889e+02      3.169226235223e-01      3.180154892148e-02      8.784427020266e-02      4.498330820541e-01      4.181304297370e-01      2.211470385518e-01      3.477866512295e-02      2.120554294087e-02      4.321085861942e-02      5.047956903428e-02      6.543587137100e-02      3.273585273733e-02      4.500672659568e-02      1.046578756957e-01
      1.120833333333e+02      3.176296686713e-01      3.189759371451e-02      8.556584063619e-02      4.449107713623e-01      4.194385591186e-01      2.204732618956e-01      3.509543988662e-02      2.091854632035e-02      4.322443013934e-02      5.031432343679e-02      6.568687999783e-02      3.262233125934e-02      4.551355582000e-02      1.062046162408e-01
      1.120902777778e+02      3.183367138203e-01      3.199363850754e-02      8.328741106971e-02      4.399884606704e-01      4.207466885001e-01      2.197994852394e-01      3.541221465030e-02      2.063154969984e-02      4.323800165926e-02      5.014907783931e-02      6.593788862466e-02      3.250880978135e-02      4.602038504432e-02      1.077513567858e-01
      1.120972222222e+02      3.190437589693e-01      3.208968330057e-02      8.100898150323e-02      4.350661499786e-01      4.220548178817e-01      2.191257085832e-01      3.572898941397e-02      2.034455307933e-02      4.325157317917e-02      4.998383224182e-02      6.618889725150e-02      3.239528830336e-02      4.652721426864e-02      1.092980973309e-01
      1.121041666667e+02      3.197508041184e-01      3.218572809359e-02      7.873055193675e-02      4.301438392868e-01      4.233629472632e-01      2.184519319270e-01      3.604576417764e-02      2.005755645882e-02      4.326514469909e-02      4.981858664434e-02      6.643990587833e-02      3.228176682538e-02      4.703404349296e-02      1.108448378760e-01
      1.121111111111e+02      3.204578492674e-01      3.228177288662e-02      7.645212237028e-02      4.252215285950e-01      4.246710766448e-01      2.177781552708e-01      3.636253894132e-02      1.977055983830e-02      4.327871621900e-02      4.965334104686e-02      6.669091450517e-02      3.216824534739e-02      4.754087271727e-02      1.123915784210e-01
      1.121180555556e+02      3.211648944164e-01      3.237781767965e-02      7.417369280380e-02      4.202992179031e-01      4.259792060263e-01      2.171043786146e-01      3.667931370499e-02      1.948356321779e-02      4.329228773892e-02      4.948809544937e-02      6.694192313200e-02      3.205472386940e-02      4.804770194159e-02      1.139383189661e-01
      1.121250000000e+02      3.247103243635e-01      3.229822480737e-02      7.339883907027e-02      4.192772120299e-01      4.288024304938e-01      2.162596209819e-01      3.655250941329e-02      1.920646072050e-02      4.327090332967e-02      4.953351012615e-02      6.647833686909e-02      3.192181423104e-02      4.811209462007e-02      1.133968940941e-01
      1.121319444444e+02      3.302200510661e-01      3.209708234945e-02      7.366453104855e-02      4.209544018771e-01      4.326741725419e-01      2.152965364128e-01      3.611872739969e-02      1.893620542524e-02      4.322532776132e-02      4.972471169323e-02      6.552021708688e-02      3.177548706715e-02      4.787030024736e-02      1.114103598217e-01
      1.121388888889e+02      3.357297777686e-01      3.189593989153e-02      7.393022302683e-02      4.226315917244e-01      4.365459145901e-01      2.143334518436e-01      3.568494538608e-02      1.866595012998e-02      4.317975219296e-02      4.991591326031e-02      6.456209730467e-02      3.162915990325e-02      4.762850587465e-02      1.094238255494e-01
      1.121458333333e+02      3.412395044711e-01      3.169479743360e-02      7.419591500511e-02      4.243087815716e-01      4.404176566382e-01      2.133703672745e-01      3.525116337247e-02      1.839569483472e-02      4.313417662461e-02      5.010711482740e-02      6.360397752246e-02      3.148283273935e-02      4.738671150194e-02      1.074372912770e-01
      1.121527777778e+02      3.467492311737e-01      3.149365497568e-02      7.446160698339e-02      4.259859714189e-01      4.442893986863e-01      2.124072827053e-01      3.481738135887e-02      1.812543953946e-02      4.308860105625e-02      5.029831639448e-02      6.264585774025e-02      3.133650557546e-02      4.714491712923e-02      1.054507570046e-01
      1.121597222222e+02      3.522589578762e-01      3.129251251776e-02      7.472729896167e-02      4.276631612661e-01      4.481611407344e-01      2.114441981362e-01      3.438359934526e-02      1.785518424420e-02      4.304302548790e-02      5.048951796156e-02      6.168773795804e-02      3.119017841156e-02      4.690312275652e-02      1.034642227322e-01
      1.121666666667e+02      3.577686845787e-01      3.109137005984e-02      7.499299093995e-02      4.293403511133e-01      4.520328827825e-01      2.104811135670e-01      3.394981733166e-02      1.758492894893e-02      4.299744991955e-02      5.068071952865e-02      6.072961817583e-02      3.104385124766e-02      4.666132838381e-02      1.014776884599e-01
      1.121736111111e+02      3.632784112812e-01      3.089022760192e-02      7.525868291823e-02      4.310175409606e-01      4.559046248306e-01      2.095180289979e-01      3.351603531805e-02      1.731467365367e-02      4.295187435119e-02      5.087192109573e-02      5.977149839362e-02      3.089752408377e-02      4.641953401110e-02      9.949115418751e-02
      1.121805555556e+02      3.687881379838e-01      3.068908514400e-02      7.552437489651e-02      4.326947308078e-01      4.597763668787e-01      2.085549444287e-01      3.308225330444e-02      1.704441835841e-02      4.290629878284e-02      5.106312266281e-02      5.881337861141e-02      3.075119691987e-02      4.617773963839e-02      9.750461991514e-02
      1.121875000000e+02      3.742978646863e-01      3.048794268607e-02      7.579006687479e-02      4.343719206551e-01      4.636481089268e-01      2.075918598596e-01      3.264847129084e-02      1.677416306315e-02      4.286072321449e-02      5.125432422990e-02      5.785525882920e-02      3.060486975598e-02      4.593594526568e-02      9.551808564277e-02
      1.121944444444e+02      3.798075913888e-01      3.028680022815e-02      7.605575885307e-02      4.360491105023e-01      4.675198509750e-01      2.066287752904e-01      3.221468927723e-02      1.650390776789e-02      4.281514764613e-02      5.144552579698e-02      5.689713904699e-02      3.045854259208e-02      4.569415089297e-02      9.353155137041e-02
      1.122013888889e+02      3.853173180914e-01      3.008565777023e-02      7.632145083135e-02      4.377263003495e-01      4.713915930231e-01      2.056656907213e-01      3.178090726363e-02      1.623365247263e-02      4.276957207778e-02      5.163672736406e-02      5.593901926478e-02      3.031221542818e-02      4.545235652026e-02      9.154501709804e-02
      1.122083333333e+02      3.908270447939e-01      2.988451531231e-02      7.658714280963e-02      4.394034901968e-01      4.752633350712e-01      2.047026061522e-01      3.134712525002e-02      1.596339717737e-02      4.272399650942e-02      5.182792893115e-02      5.498089948257e-02      3.016588826429e-02      4.521056214755e-02      8.955848282567e-02
      1.122152777778e+02      3.963367714964e-01      2.968337285439e-02      7.685283478791e-02      4.410806800440e-01      4.791350771193e-01      2.037395215830e-01      3.091334323641e-02      1.569314188211e-02      4.267842094107e-02      5.201913049823e-02      5.402277970036e-02      3.001956110039e-02      4.496876777484e-02      8.757194855330e-02
      1.122222222222e+02      4.018464981990e-01      2.948223039647e-02      7.711852676619e-02      4.427578698913e-01      4.830068191674e-01      2.027764370139e-01      3.047956122281e-02      1.542288658685e-02      4.263284537272e-02      5.221033206531e-02      5.306465991815e-02      2.987323393649e-02      4.472697340213e-02      8.558541428093e-02
      1.122291666667e+02      4.073562249015e-01      2.928108793854e-02      7.738421874447e-02      4.444350597385e-01      4.868785612155e-01      2.018133524447e-01      3.004577920920e-02      1.515263129159e-02      4.258726980436e-02      5.240153363240e-02      5.210654013594e-02      2.972690677260e-02      4.448517902942e-02      8.359888000856e-02
      1.122361111111e+02      4.128659516040e-01      2.907994548062e-02      7.764991072275e-02      4.461122495857e-01      4.907503032636e-01      2.008502678756e-01      2.961199719559e-02      1.488237599632e-02      4.254169423601e-02      5.259273519948e-02      5.114842035373e-02      2.958057960870e-02      4.424338465671e-02      8.161234573620e-02
      1.122430555556e+02      4.183756783065e-01      2.887880302270e-02      7.791560270103e-02      4.477894394330e-01      4.946220453117e-01      1.998871833064e-01      2.917821518199e-02      1.461212070106e-02      4.249611866766e-02      5.278393676656e-02      5.019030057152e-02      2.943425244480e-02      4.400159028400e-02      7.962581146383e-02
      1.122500000000e+02      4.182198146038e-01      2.931218997256e-02      8.147150617021e-02      4.463111667609e-01      5.023829432388e-01      1.999913353600e-01      2.899799137302e-02      1.455893678861e-02      4.299800135120e-02      5.312371883001e-02      4.977869075487e-02      2.976357812720e-02      4.342096393678e-02      7.801526559819e-02
      1.122569444444e+02      4.140337220161e-01      3.019695066542e-02      8.736790805875e-02      4.425882496155e-01      5.129103998543e-01      2.008546682856e-01      2.899813669192e-02      1.466016703153e-02      4.388931953966e-02      5.356919392195e-02      4.975584187777e-02      3.031231113811e-02      4.259930879765e-02      7.667217982565e-02
      1.122638888889e+02      4.098476294283e-01      3.108171135828e-02      9.326430994728e-02      4.388653324701e-01      5.234378564699e-01      2.017180012112e-01      2.899828201083e-02      1.476139727445e-02      4.478063772812e-02      5.401466901390e-02      4.973299300067e-02      3.086104414902e-02      4.177765365852e-02      7.532909405310e-02
      1.122708333333e+02      4.056615368406e-01      3.196647205115e-02      9.916071183582e-02      4.351424153247e-01      5.339653130855e-01      2.025813341367e-01      2.899842732974e-02      1.486262751737e-02      4.567195591658e-02      5.446014410584e-02      4.971014412358e-02      3.140977715993e-02      4.095599851939e-02      7.398600828056e-02
      1.122777777778e+02      4.014754442529e-01      3.285123274401e-02      1.050571137244e-01      4.314194981793e-01      5.444927697010e-01      2.034446670623e-01      2.899857264865e-02      1.496385776029e-02      4.656327410504e-02      5.490561919779e-02      4.968729524648e-02      3.195851017084e-02      4.013434338027e-02      7.264292250801e-02
      1.122847222222e+02      3.972893516651e-01      3.373599343687e-02      1.109535156129e-01      4.276965810339e-01      5.550202263166e-01      2.043079999879e-01      2.899871796756e-02      1.506508800321e-02      4.745459229350e-02      5.535109428973e-02      4.966444636938e-02      3.250724318175e-02      3.931268824114e-02      7.129983673546e-02
      1.122916666667e+02      3.931032590774e-01      3.462075412974e-02      1.168499175014e-01      4.239736638885e-01      5.655476829322e-01      2.051713329135e-01      2.899886328646e-02      1.516631824613e-02      4.834591048196e-02      5.579656938168e-02      4.964159749229e-02      3.305597619266e-02      3.849103310201e-02      6.995675096292e-02
      1.122986111111e+02      3.889171664897e-01      3.550551482260e-02      1.227463193900e-01      4.202507467431e-01      5.760751395477e-01      2.060346658390e-01      2.899900860537e-02      1.526754848905e-02      4.923722867042e-02      5.624204447362e-02      4.961874861519e-02      3.360470920357e-02      3.766937796288e-02      6.861366519037e-02
      1.123055555556e+02      3.847310739019e-01      3.639027551546e-02      1.286427212785e-01      4.165278295977e-01      5.866025961633e-01      2.068979987646e-01      2.899915392428e-02      1.536877873197e-02      5.012854685888e-02      5.668751956556e-02      4.959589973809e-02      3.415344221448e-02      3.684772282375e-02      6.727057941783e-02
      1.123125000000e+02      3.805449813142e-01      3.727503620833e-02      1.345391231671e-01      4.128049124523e-01      5.971300527788e-01      2.077613316902e-01      2.899929924319e-02      1.547000897489e-02      5.101986504733e-02      5.713299465751e-02      4.957305086100e-02      3.470217522539e-02      3.602606768462e-02      6.592749364528e-02
      1.123194444444e+02      3.763588887265e-01      3.815979690119e-02      1.404355250556e-01      4.090819953069e-01      6.076575093944e-01      2.086246646157e-01      2.899944456210e-02      1.557123921781e-02      5.191118323579e-02      5.757846974945e-02      4.955020198390e-02      3.525090823630e-02      3.520441254550e-02      6.458440787274e-02
      1.123263888889e+02      3.721727961388e-01      3.904455759405e-02      1.463319269441e-01      4.053590781615e-01      6.181849660099e-01      2.094879975413e-01      2.899958988101e-02      1.567246946073e-02      5.280250142425e-02      5.802394484140e-02      4.952735310680e-02      3.579964124721e-02      3.438275740637e-02      6.324132210019e-02
      1.123333333333e+02      3.679867035510e-01      3.992931828692e-02      1.522283288327e-01      4.016361610161e-01      6.287124226255e-01      2.103513304669e-01      2.899973519991e-02      1.577369970365e-02      5.369381961271e-02      5.846941993334e-02      4.950450422971e-02      3.634837425812e-02      3.356110226724e-02      6.189823632765e-02
      1.123402777778e+02      3.638006109633e-01      4.081407897978e-02      1.581247307212e-01      3.979132438707e-01      6.392398792411e-01      2.112146633925e-01      2.899988051882e-02      1.587492994656e-02      5.458513780117e-02      5.891489502529e-02      4.948165535261e-02      3.689710726903e-02      3.273944712811e-02      6.055515055510e-02
      1.123472222222e+02      3.596145183756e-01      4.169883967264e-02      1.640211326098e-01      3.941903267253e-01      6.497673358566e-01      2.120779963180e-01      2.900002583773e-02      1.597616018948e-02      5.547645598963e-02      5.936037011723e-02      4.945880647551e-02      3.744584027994e-02      3.191779198898e-02      5.921206478255e-02
      1.123541666667e+02      3.554284257878e-01      4.258360036551e-02      1.699175344983e-01      3.904674095799e-01      6.602947924722e-01      2.129413292436e-01      2.900017115664e-02      1.607739043240e-02      5.636777417809e-02      5.980584520917e-02      4.943595759842e-02      3.799457329085e-02      3.109613684985e-02      5.786897901001e-02
      1.123611111111e+02      3.512423332001e-01      4.346836105837e-02      1.758139363868e-01      3.867444924345e-01      6.708222490878e-01      2.138046621692e-01      2.900031647555e-02      1.617862067532e-02      5.725909236655e-02      6.025132030112e-02      4.941310872132e-02      3.854330630176e-02      3.027448171073e-02      5.652589323746e-02
      1.123680555556e+02      3.470562406124e-01      4.435312175123e-02      1.817103382754e-01      3.830215752891e-01      6.813497057033e-01      2.146679950948e-01      2.900046179446e-02      1.627985091824e-02      5.815041055501e-02      6.069679539306e-02      4.939025984422e-02      3.909203931267e-02      2.945282657160e-02      5.518280746492e-02
      1.123750000000e+02      3.462253606940e-01      4.487862553438e-02      1.834175412565e-01      3.836368472247e-01      6.863065447081e-01      2.152254328113e-01      2.901165979587e-02      1.630512575340e-02      5.868873201620e-02      6.092745711235e-02      4.887793257926e-02      3.854999707403e-02      2.926876580055e-02      5.432681321329e-02
      1.123819444444e+02      3.477486487120e-01      4.515205853063e-02      1.821854140911e-01      3.872959875057e-01      6.873547881459e-01      2.155682407072e-01      2.903061285584e-02      1.627710686229e-02      5.897937511573e-02      6.100739611922e-02      4.802216528832e-02      3.751253243654e-02      2.953206988108e-02      5.381258425457e-02
      1.123888888889e+02      3.492719367301e-01      4.542549152688e-02      1.809532869257e-01      3.909551277867e-01      6.884030315837e-01      2.159110486031e-01      2.904956591582e-02      1.624908797117e-02      5.927001821526e-02      6.108733512610e-02      4.716639799738e-02      3.647506779905e-02      2.979537396161e-02      5.329835529584e-02
      1.123958333333e+02      3.507952247481e-01      4.569892452312e-02      1.797211597603e-01      3.946142680678e-01      6.894512750215e-01      2.162538564991e-01      2.906851897580e-02      1.622106908006e-02      5.956066131478e-02      6.116727413297e-02      4.631063070645e-02      3.543760316157e-02      3.005867804214e-02      5.278412633711e-02
      1.124027777778e+02      3.523185127661e-01      4.597235751937e-02      1.784890325949e-01      3.982734083488e-01      6.904995184593e-01      2.165966643950e-01      2.908747203578e-02      1.619305018895e-02      5.985130441431e-02      6.124721313984e-02      4.545486341551e-02      3.440013852408e-02      3.032198212266e-02      5.226989737838e-02
      1.124097222222e+02      3.538418007842e-01      4.624579051562e-02      1.772569054295e-01      4.019325486299e-01      6.915477618972e-01      2.169394722910e-01      2.910642509576e-02      1.616503129784e-02      6.014194751383e-02      6.132715214672e-02      4.459909612457e-02      3.336267388659e-02      3.058528620319e-02      5.175566841965e-02
      1.124166666667e+02      3.553650888022e-01      4.651922351186e-02      1.760247782641e-01      4.055916889109e-01      6.925960053350e-01      2.172822801869e-01      2.912537815573e-02      1.613701240673e-02      6.043259061336e-02      6.140709115359e-02      4.374332883363e-02      3.232520924910e-02      3.084859028372e-02      5.124143946092e-02
      1.124236111111e+02      3.568883768202e-01      4.679265650811e-02      1.747926510987e-01      4.092508291920e-01      6.936442487728e-01      2.176250880828e-01      2.914433121571e-02      1.610899351562e-02      6.072323371289e-02      6.148703016047e-02      4.288756154269e-02      3.128774461161e-02      3.111189436425e-02      5.072721050220e-02
      1.124305555556e+02      3.584116648383e-01      4.706608950436e-02      1.735605239333e-01      4.129099694730e-01      6.946924922106e-01      2.179678959788e-01      2.916328427569e-02      1.608097462451e-02      6.101387681241e-02      6.156696916734e-02      4.203179425176e-02      3.025027997413e-02      3.137519844478e-02      5.021298154347e-02
      1.124375000000e+02      3.599349528563e-01      4.733952250060e-02      1.723283967679e-01      4.165691097541e-01      6.957407356484e-01      2.183107038747e-01      2.918223733567e-02      1.605295573340e-02      6.130451991194e-02      6.164690817421e-02      4.117602696082e-02      2.921281533664e-02      3.163850252530e-02      4.969875258474e-02
      1.124444444444e+02      3.614582408744e-01      4.761295549685e-02      1.710962696025e-01      4.202282500351e-01      6.967889790862e-01      2.186535117707e-01      2.920119039565e-02      1.602493684229e-02      6.159516301146e-02      6.172684718109e-02      4.032025966988e-02      2.817535069915e-02      3.190180660583e-02      4.918452362601e-02
      1.124513888889e+02      3.629815288924e-01      4.788638849309e-02      1.698641424371e-01      4.238873903161e-01      6.978372225240e-01      2.189963196666e-01      2.922014345562e-02      1.599691795118e-02      6.188580611099e-02      6.180678618796e-02      3.946449237894e-02      2.713788606166e-02      3.216511068636e-02      4.867029466728e-02
      1.124583333333e+02      3.645048169104e-01      4.815982148934e-02      1.686320152717e-01      4.275465305972e-01      6.988854659618e-01      2.193391275625e-01      2.923909651560e-02      1.596889906007e-02      6.217644921051e-02      6.188672519484e-02      3.860872508800e-02      2.610042142417e-02      3.242841476689e-02      4.815606570855e-02
      1.124652777778e+02      3.660281049285e-01      4.843325448559e-02      1.673998881062e-01      4.312056708782e-01      6.999337093997e-01      2.196819354585e-01      2.925804957558e-02      1.594088016896e-02      6.246709231004e-02      6.196666420171e-02      3.775295779707e-02      2.506295678669e-02      3.269171884741e-02      4.764183674983e-02
      1.124722222222e+02      3.675513929465e-01      4.870668748183e-02      1.661677609408e-01      4.348648111593e-01      7.009819528375e-01      2.200247433544e-01      2.927700263556e-02      1.591286127785e-02      6.275773540957e-02      6.204660320859e-02      3.689719050613e-02      2.402549214920e-02      3.295502292794e-02      4.712760779110e-02
      1.124791666667e+02      3.690746809645e-01      4.898012047808e-02      1.649356337754e-01      4.385239514403e-01      7.020301962753e-01      2.203675512504e-01      2.929595569553e-02      1.588484238673e-02      6.304837850909e-02      6.212654221546e-02      3.604142321519e-02      2.298802751171e-02      3.321832700847e-02      4.661337883237e-02
      1.124861111111e+02      3.705979689826e-01      4.925355347433e-02      1.637035066100e-01      4.421830917214e-01      7.030784397131e-01      2.207103591463e-01      2.931490875551e-02      1.585682349562e-02      6.333902160862e-02      6.220648122233e-02      3.518565592425e-02      2.195056287422e-02      3.348163108900e-02      4.609914987364e-02
      1.124930555556e+02      3.721212570006e-01      4.952698647057e-02      1.624713794446e-01      4.458422320024e-01      7.041266831509e-01      2.210531670423e-01      2.933386181549e-02      1.582880460451e-02      6.362966470814e-02      6.228642022921e-02      3.432988863331e-02      2.091309823673e-02      3.374493516953e-02      4.558492091491e-02
      1.125000000000e+02      3.894616465562e-01      5.054460930002e-02      1.633954550876e-01      4.471499057499e-01      7.095097258565e-01      2.231960706873e-01      2.938693721152e-02      1.571580473231e-02      6.453702386316e-02      6.214405244601e-02      3.398936181177e-02      2.090101131388e-02      3.374681674435e-02      4.519950438585e-02
      1.125069444444e+02      4.177482197479e-01      5.207724675176e-02      1.658117252292e-01      4.468302532499e-01      7.178926550265e-01      2.265847258744e-01      2.946362688073e-02      1.554399399502e-02      6.587117974692e-02      6.184783783178e-02      3.400540580576e-02      2.159853434920e-02      3.356778155972e-02      4.487168994182e-02
      1.125138888889e+02      4.460347929395e-01      5.360988420349e-02      1.682279953708e-01      4.465106007499e-01      7.262755841965e-01      2.299733810615e-01      2.954031654994e-02      1.537218325774e-02      6.720533563069e-02      6.155162321755e-02      3.402144979974e-02      2.229605738452e-02      3.338874637509e-02      4.454387549780e-02
      1.125208333333e+02      4.743213661311e-01      5.514252165523e-02      1.706442655124e-01      4.461909482500e-01      7.346585133665e-01      2.333620362486e-01      2.961700621915e-02      1.520037252045e-02      6.853949151446e-02      6.125540860333e-02      3.403749379373e-02      2.299358041984e-02      3.320971119046e-02      4.421606105378e-02
      1.125277777778e+02      5.026079393228e-01      5.667515910697e-02      1.730605356540e-01      4.458712957500e-01      7.430414425365e-01      2.367506914357e-01      2.969369588836e-02      1.502856178316e-02      6.987364739822e-02      6.095919398910e-02      3.405353778772e-02      2.369110345516e-02      3.303067600583e-02      4.388824660976e-02
      1.125347222222e+02      5.308945125144e-01      5.820779655872e-02      1.754768057956e-01      4.455516432500e-01      7.514243717065e-01      2.401393466228e-01      2.977038555756e-02      1.485675104588e-02      7.120780328199e-02      6.066297937487e-02      3.406958178171e-02      2.438862649049e-02      3.285164082120e-02      4.356043216573e-02
      1.125416666667e+02      5.591810857061e-01      5.974043401046e-02      1.778930759372e-01      4.452319907501e-01      7.598073008765e-01      2.435280018099e-01      2.984707522677e-02      1.468494030859e-02      7.254195916576e-02      6.036676476064e-02      3.408562577570e-02      2.508614952581e-02      3.267260563657e-02      4.323261772171e-02
      1.125486111111e+02      5.874676588977e-01      6.127307146220e-02      1.803093460788e-01      4.449123382501e-01      7.681902300466e-01      2.469166569970e-01      2.992376489598e-02      1.451312957130e-02      7.387611504953e-02      6.007055014642e-02      3.410166976968e-02      2.578367256113e-02      3.249357045194e-02      4.290480327769e-02
      1.125555555556e+02      6.157542320893e-01      6.280570891394e-02      1.827256162204e-01      4.445926857501e-01      7.765731592166e-01      2.503053121840e-01      3.000045456519e-02      1.434131883401e-02      7.521027093329e-02      5.977433553219e-02      3.411771376367e-02      2.648119559645e-02      3.231453526731e-02      4.257698883367e-02
      1.125625000000e+02      6.440408052810e-01      6.433834636567e-02      1.851418863620e-01      4.442730332501e-01      7.849560883866e-01      2.536939673711e-01      3.007714423440e-02      1.416950809673e-02      7.654442681706e-02      5.947812091796e-02      3.413375775766e-02      2.717871863178e-02      3.213550008268e-02      4.224917438964e-02
      1.125694444444e+02      6.723273784726e-01      6.587098381741e-02      1.875581565036e-01      4.439533807502e-01      7.933390175566e-01      2.570826225582e-01      3.015383390360e-02      1.399769735944e-02      7.787858270083e-02      5.918190630373e-02      3.414980175165e-02      2.787624166710e-02      3.195646489806e-02      4.192135994562e-02
      1.125763888889e+02      7.006139516642e-01      6.740362126915e-02      1.899744266452e-01      4.436337282502e-01      8.017219467266e-01      2.604712777453e-01      3.023052357281e-02      1.382588662215e-02      7.921273858459e-02      5.888569168950e-02      3.416584574564e-02      2.857376470242e-02      3.177742971343e-02      4.159354550160e-02
      1.125833333333e+02      7.289005248558e-01      6.893625872089e-02      1.923906967867e-01      4.433140757502e-01      8.101048758966e-01      2.638599329324e-01      3.030721324202e-02      1.365407588486e-02      8.054689446836e-02      5.858947707528e-02      3.418188973963e-02      2.927128773774e-02      3.159839452880e-02      4.126573105758e-02
      1.125902777778e+02      7.571870980475e-01      7.046889617263e-02      1.948069669283e-01      4.429944232503e-01      8.184878050666e-01      2.672485881195e-01      3.038390291123e-02      1.348226514758e-02      8.188105035213e-02      5.829326246105e-02      3.419793373361e-02      2.996881077307e-02      3.141935934417e-02      4.093791661355e-02
      1.125972222222e+02      7.854736712392e-01      7.200153362438e-02      1.972232370699e-01      4.426747707503e-01      8.268707342367e-01      2.706372433066e-01      3.046059258044e-02      1.331045441029e-02      8.321520623590e-02      5.799704784682e-02      3.421397772760e-02      3.066633380839e-02      3.124032415954e-02      4.061010216953e-02
      1.126041666667e+02      8.137602444308e-01      7.353417107612e-02      1.996395072115e-01      4.423551182503e-01      8.352536634067e-01      2.740258984937e-01      3.053728224964e-02      1.313864367300e-02      8.454936211966e-02      5.770083323259e-02      3.423002172159e-02      3.136385684371e-02      3.106128897491e-02      4.028228772551e-02
      1.126111111111e+02      8.420468176224e-01      7.506680852785e-02      2.020557773531e-01      4.420354657503e-01      8.436365925767e-01      2.774145536808e-01      3.061397191885e-02      1.296683293572e-02      8.588351800343e-02      5.740461861836e-02      3.424606571558e-02      3.206137987903e-02      3.088225379028e-02      3.995447328149e-02
      1.126180555556e+02      8.703333908140e-01      7.659944597959e-02      2.044720474947e-01      4.417158132504e-01      8.520195217467e-01      2.808032088679e-01      3.069066158806e-02      1.279502219843e-02      8.721767388720e-02      5.710840400414e-02      3.426210970957e-02      3.275890291436e-02      3.070321860565e-02      3.962665883746e-02
      1.126250000000e+02      8.847550830129e-01      7.748929302405e-02      2.063084520531e-01      4.401970775028e-01      8.570343840545e-01      2.825602804693e-01      3.074546892765e-02      1.284895953952e-02      8.786648032832e-02      5.694539925707e-02      3.441311200270e-02      3.265200977090e-02      3.001396230107e-02      4.004381425622e-02
      1.126319444444e+02      8.893814497323e-01      7.792501851797e-02      2.077351904828e-01      4.378312078569e-01      8.596697588522e-01      2.831646633257e-01      3.078481673744e-02      1.306238443085e-02      8.803109791406e-02      5.687650523528e-02      3.465946026144e-02      3.197680895165e-02      2.896424261139e-02      4.080196171130e-02
      1.126388888889e+02      8.940078164517e-01      7.836074401189e-02      2.091619289124e-01      4.354653382109e-01      8.623051336500e-01      2.837690461821e-01      3.082416454723e-02      1.327580932219e-02      8.819571549980e-02      5.680761121348e-02      3.490580852018e-02      3.130160813241e-02      2.791452292172e-02      4.156010916637e-02
      1.126458333333e+02      8.986341831710e-01      7.879646950582e-02      2.105886673421e-01      4.330994685649e-01      8.649405084477e-01      2.843734290386e-01      3.086351235702e-02      1.348923421353e-02      8.836033308554e-02      5.673871719169e-02      3.515215677893e-02      3.062640731316e-02      2.686480323204e-02      4.231825662144e-02
      1.126527777778e+02      9.032605498904e-01      7.923219499974e-02      2.120154057717e-01      4.307335989189e-01      8.675758832454e-01      2.849778118950e-01      3.090286016681e-02      1.370265910487e-02      8.852495067129e-02      5.666982316989e-02      3.539850503767e-02      2.995120649391e-02      2.581508354237e-02      4.307640407652e-02
      1.126597222222e+02      9.078869166098e-01      7.966792049366e-02      2.134421442014e-01      4.283677292729e-01      8.702112580431e-01      2.855821947514e-01      3.094220797660e-02      1.391608399621e-02      8.868956825703e-02      5.660092914810e-02      3.564485329641e-02      2.927600567466e-02      2.476536385269e-02      4.383455153159e-02
      1.126666666667e+02      9.125132833292e-01      8.010364598758e-02      2.148688826311e-01      4.260018596269e-01      8.728466328408e-01      2.861865776079e-01      3.098155578639e-02      1.412950888755e-02      8.885418584277e-02      5.653203512630e-02      3.589120155515e-02      2.860080485541e-02      2.371564416302e-02      4.459269898667e-02
      1.126736111111e+02      9.171396500485e-01      8.053937148150e-02      2.162956210607e-01      4.236359899810e-01      8.754820076385e-01      2.867909604643e-01      3.102090359618e-02      1.434293377889e-02      8.901880342851e-02      5.646314110451e-02      3.613754981389e-02      2.792560403617e-02      2.266592447335e-02      4.535084644174e-02
      1.126805555556e+02      9.217660167679e-01      8.097509697542e-02      2.177223594904e-01      4.212701203350e-01      8.781173824362e-01      2.873953433207e-01      3.106025140597e-02      1.455635867022e-02      8.918342101425e-02      5.639424708271e-02      3.638389807263e-02      2.725040321692e-02      2.161620478367e-02      4.610899389682e-02
      1.126875000000e+02      9.263923834873e-01      8.141082246934e-02      2.191490979200e-01      4.189042506890e-01      8.807527572339e-01      2.879997261771e-01      3.109959921576e-02      1.476978356156e-02      8.934803859999e-02      5.632535306092e-02      3.663024633138e-02      2.657520239767e-02      2.056648509400e-02      4.686714135189e-02
      1.126944444444e+02      9.310187502066e-01      8.184654796326e-02      2.205758363497e-01      4.165383810430e-01      8.833881320317e-01      2.886041090336e-01      3.113894702554e-02      1.498320845290e-02      8.951265618573e-02      5.625645903912e-02      3.687659459012e-02      2.590000157842e-02      1.951676540432e-02      4.762528880696e-02
      1.127013888889e+02      9.356451169260e-01      8.228227345718e-02      2.220025747794e-01      4.141725113970e-01      8.860235068294e-01      2.892084918900e-01      3.117829483533e-02      1.519663334424e-02      8.967727377147e-02      5.618756501733e-02      3.712294284886e-02      2.522480075917e-02      1.846704571465e-02      4.838343626204e-02
      1.127083333333e+02      9.402714836454e-01      8.271799895111e-02      2.234293132090e-01      4.118066417510e-01      8.886588816271e-01      2.898128747464e-01      3.121764264512e-02      1.541005823558e-02      8.984189135721e-02      5.611867099553e-02      3.736929110760e-02      2.454959993993e-02      1.741732602498e-02      4.914158371711e-02
      1.127152777778e+02      9.448978503647e-01      8.315372444503e-02      2.248560516387e-01      4.094407721051e-01      8.912942564248e-01      2.904172576029e-01      3.125699045491e-02      1.562348312692e-02      9.000650894296e-02      5.604977697374e-02      3.761563936634e-02      2.387439912068e-02      1.636760633530e-02      4.989973117219e-02
      1.127222222222e+02      9.495242170841e-01      8.358944993895e-02      2.262827900683e-01      4.070749024591e-01      8.939296312225e-01      2.910216404593e-01      3.129633826470e-02      1.583690801826e-02      9.017112652870e-02      5.598088295194e-02      3.786198762509e-02      2.319919830143e-02      1.531788664563e-02      5.065787862726e-02
      1.127291666667e+02      9.541505838035e-01      8.402517543287e-02      2.277095284980e-01      4.047090328131e-01      8.965650060202e-01      2.916260233157e-01      3.133568607449e-02      1.605033290959e-02      9.033574411444e-02      5.591198893015e-02      3.810833588383e-02      2.252399748218e-02      1.426816695595e-02      5.141602608234e-02
      1.127361111111e+02      9.587769505228e-01      8.446090092679e-02      2.291362669277e-01      4.023431631671e-01      8.992003808179e-01      2.922304061722e-01      3.137503388428e-02      1.626375780093e-02      9.050036170018e-02      5.584309490835e-02      3.835468414257e-02      2.184879666293e-02      1.321844726628e-02      5.217417353741e-02
      1.127430555556e+02      9.634033172422e-01      8.489662642071e-02      2.305630053573e-01      3.999772935211e-01      9.018357556156e-01      2.928347890286e-01      3.141438169407e-02      1.647718269227e-02      9.066497928592e-02      5.577420088656e-02      3.860103240131e-02      2.117359584369e-02      1.216872757660e-02      5.293232099248e-02
      1.127500000000e+02      9.688059957821e-01      8.497566681320e-02      2.297420453921e-01      4.002301640959e-01      9.025117329116e-01      2.924712734319e-01      3.190987317652e-02      1.665861627397e-02      9.103843194506e-02      5.576300843059e-02      3.923552567582e-02      2.111481812897e-02      1.208060842390e-02      5.434599835493e-02
      1.127569444444e+02      9.747533695697e-01      8.480444091502e-02      2.273439992587e-01      4.023204604522e-01      9.018129088974e-01      2.914286367992e-01      3.246308918682e-02      1.682551962923e-02      9.155841267328e-02      5.579230198536e-02      4.014235893020e-02      2.148855055624e-02      1.266719140634e-02      5.605741276207e-02
      1.127638888889e+02      9.807007433574e-01      8.463321501684e-02      2.249459531254e-01      4.044107568086e-01      9.011140848832e-01      2.903860001664e-01      3.301630519713e-02      1.699242298450e-02      9.207839340150e-02      5.582159554012e-02      4.104919218458e-02      2.186228298351e-02      1.325377438877e-02      5.776882716921e-02
      1.127708333333e+02      9.866481171451e-01      8.446198911865e-02      2.225479069920e-01      4.065010531649e-01      9.004152608691e-01      2.893433635337e-01      3.356952120743e-02      1.715932633976e-02      9.259837412972e-02      5.585088909489e-02      4.195602543896e-02      2.223601541077e-02      1.384035737120e-02      5.948024157635e-02
      1.127777777778e+02      9.925954909328e-01      8.429076322047e-02      2.201498608586e-01      4.085913495213e-01      8.997164368549e-01      2.883007269009e-01      3.412273721774e-02      1.732622969503e-02      9.311835485794e-02      5.588018264965e-02      4.286285869334e-02      2.260974783804e-02      1.442694035363e-02      6.119165598349e-02
      1.127847222222e+02      9.985428647205e-01      8.411953732228e-02      2.177518147252e-01      4.106816458777e-01      8.990176128407e-01      2.872580902682e-01      3.467595322804e-02      1.749313305029e-02      9.363833558616e-02      5.590947620442e-02      4.376969194772e-02      2.298348026531e-02      1.501352333606e-02      6.290307039063e-02
      1.127916666667e+02      1.004490238508e+00      8.394831142410e-02      2.153537685919e-01      4.127719422340e-01      8.983187888265e-01      2.862154536354e-01      3.522916923835e-02      1.766003640556e-02      9.415831631438e-02      5.593876975918e-02      4.467652520210e-02      2.335721269257e-02      1.560010631849e-02      6.461448479777e-02
      1.127986111111e+02      1.010437612296e+00      8.377708552592e-02      2.129557224585e-01      4.148622385904e-01      8.976199648124e-01      2.851728170027e-01      3.578238524865e-02      1.782693976082e-02      9.467829704260e-02      5.596806331395e-02      4.558335845648e-02      2.373094511984e-02      1.618668930093e-02      6.632589920491e-02
      1.128055555556e+02      1.016384986083e+00      8.360585962773e-02      2.105576763251e-01      4.169525349467e-01      8.969211407982e-01      2.841301803699e-01      3.633560125896e-02      1.799384311608e-02      9.519827777082e-02      5.599735686871e-02      4.649019171086e-02      2.410467754711e-02      1.677327228336e-02      6.803731361205e-02
      1.128125000000e+02      1.022332359871e+00      8.343463372955e-02      2.081596301918e-01      4.190428313031e-01      8.962223167840e-01      2.830875437372e-01      3.688881726926e-02      1.816074647135e-02      9.571825849904e-02      5.602665042348e-02      4.739702496524e-02      2.447840997438e-02      1.735985526579e-02      6.974872801919e-02
      1.128194444444e+02      1.028279733659e+00      8.326340783136e-02      2.057615840584e-01      4.211331276594e-01      8.955234927698e-01      2.820449071045e-01      3.744203327957e-02      1.832764982661e-02      9.623823922726e-02      5.605594397825e-02      4.830385821962e-02      2.485214240164e-02      1.794643824822e-02      7.146014242633e-02
      1.128263888889e+02      1.034227107447e+00      8.309218193318e-02      2.033635379250e-01      4.232234240158e-01      8.948246687557e-01      2.810022704717e-01      3.799524928987e-02      1.849455318188e-02      9.675821995548e-02      5.608523753301e-02      4.921069147399e-02      2.522587482891e-02      1.853302123065e-02      7.317155683347e-02
      1.128333333333e+02      1.040174481234e+00      8.292095603499e-02      2.009654917916e-01      4.253137203722e-01      8.941258447415e-01      2.799596338390e-01      3.854846530018e-02      1.866145653714e-02      9.727820068370e-02      5.611453108778e-02      5.011752472837e-02      2.559960725618e-02      1.911960421308e-02      7.488297124061e-02
      1.128402777778e+02      1.046121855022e+00      8.274973013681e-02      1.985674456583e-01      4.274040167285e-01      8.934270207273e-01      2.789169972062e-01      3.910168131048e-02      1.882835989240e-02      9.779818141192e-02      5.614382464254e-02      5.102435798275e-02      2.597333968344e-02      1.970618719551e-02      7.659438564775e-02
      1.128472222222e+02      1.052069228810e+00      8.257850423863e-02      1.961693995249e-01      4.294943130849e-01      8.927281967132e-01      2.778743605735e-01      3.965489732079e-02      1.899526324767e-02      9.831816214015e-02      5.617311819731e-02      5.193119123713e-02      2.634707211071e-02      2.029277017795e-02      7.830580005489e-02
      1.128541666667e+02      1.058016602597e+00      8.240727834044e-02      1.937713533915e-01      4.315846094412e-01      8.920293726990e-01      2.768317239407e-01      4.020811333109e-02      1.916216660293e-02      9.883814286837e-02      5.620241175207e-02      5.283802449151e-02      2.672080453798e-02      2.087935316038e-02      8.001721446203e-02
      1.128611111111e+02      1.063963976385e+00      8.223605244226e-02      1.913733072582e-01      4.336749057976e-01      8.913305486848e-01      2.757890873080e-01      4.076132934139e-02      1.932906995820e-02      9.935812359659e-02      5.623170530684e-02      5.374485774589e-02      2.709453696524e-02      2.146593614281e-02      8.172862886917e-02
      1.128680555556e+02      1.069911350173e+00      8.206482654407e-02      1.889752611248e-01      4.357652021539e-01      8.906317246706e-01      2.747464506752e-01      4.131454535170e-02      1.949597331346e-02      9.987810432481e-02      5.626099886161e-02      5.465169100027e-02      2.746826939251e-02      2.205251912524e-02      8.344004327631e-02
      1.128750000000e+02      1.065700199345e+00      8.168791253767e-02      1.875112964573e-01      4.366751274401e-01      8.877480836672e-01      2.732035685447e-01      4.117764241638e-02      1.949705261365e-02      9.978509605604e-02      5.656842975785e-02      5.486073231696e-02      2.769521795132e-02      2.216252976939e-02      8.366889223621e-02
      1.128819444444e+02      1.054213034319e+00      8.116367501212e-02      1.867163649679e-01      4.367396153236e-01      8.832995737446e-01      2.713023870072e-01      4.054644376028e-02      1.937936090872e-02      9.925303617158e-02      5.707507572934e-02      5.456998215426e-02      2.781703298422e-02      2.205100874065e-02      8.283585793526e-02
      1.128888888889e+02      1.042725869293e+00      8.063943748657e-02      1.859214334785e-01      4.368041032071e-01      8.788510638220e-01      2.694012054698e-01      3.991524510418e-02      1.926166920379e-02      9.872097628711e-02      5.758172170084e-02      5.427923199155e-02      2.793884801711e-02      2.193948771192e-02      8.200282363432e-02
      1.128958333333e+02      1.031238704267e+00      8.011519996101e-02      1.851265019892e-01      4.368685910906e-01      8.744025538995e-01      2.675000239323e-01      3.928404644808e-02      1.914397749885e-02      9.818891640265e-02      5.808836767233e-02      5.398848182884e-02      2.806066305000e-02      2.182796668319e-02      8.116978933338e-02
      1.129027777778e+02      1.019751539241e+00      7.959096243546e-02      1.843315704998e-01      4.369330789741e-01      8.699540439769e-01      2.655988423948e-01      3.865284779198e-02      1.902628579392e-02      9.765685651819e-02      5.859501364382e-02      5.369773166614e-02      2.818247808290e-02      2.171644565445e-02      8.033675503244e-02
      1.129097222222e+02      1.008264374215e+00      7.906672490990e-02      1.835366390104e-01      4.369975668576e-01      8.655055340543e-01      2.636976608574e-01      3.802164913587e-02      1.890859408899e-02      9.712479663373e-02      5.910165961532e-02      5.340698150343e-02      2.830429311579e-02      2.160492462572e-02      7.950372073149e-02
      1.129166666667e+02      9.967772091891e-01      7.854248738435e-02      1.827417075210e-01      4.370620547411e-01      8.610570241317e-01      2.617964793199e-01      3.739045047977e-02      1.879090238405e-02      9.659273674926e-02      5.960830558681e-02      5.311623134073e-02      2.842610814868e-02      2.149340359699e-02      7.867068643055e-02
      1.129236111111e+02      9.852900441631e-01      7.801824985879e-02      1.819467760316e-01      4.371265426246e-01      8.566085142092e-01      2.598952977824e-01      3.675925182367e-02      1.867321067912e-02      9.606067686480e-02      6.011495155830e-02      5.282548117802e-02      2.854792318158e-02      2.138188256826e-02      7.783765212961e-02
      1.129305555556e+02      9.738028791372e-01      7.749401233324e-02      1.811518445423e-01      4.371910305081e-01      8.521600042866e-01      2.579941162450e-01      3.612805316757e-02      1.855551897419e-02      9.552861698034e-02      6.062159752980e-02      5.253473101532e-02      2.866973821447e-02      2.127036153952e-02      7.700461782867e-02
      1.129375000000e+02      9.623157141112e-01      7.696977480769e-02      1.803569130529e-01      4.372555183916e-01      8.477114943640e-01      2.560929347075e-01      3.549685451147e-02      1.843782726926e-02      9.499655709588e-02      6.112824350129e-02      5.224398085261e-02      2.879155324736e-02      2.115884051079e-02      7.617158352772e-02
      1.129444444444e+02      9.508285490852e-01      7.644553728213e-02      1.795619815635e-01      4.373200062751e-01      8.432629844415e-01      2.541917531700e-01      3.486565585537e-02      1.832013556432e-02      9.446449721142e-02      6.163488947278e-02      5.195323068990e-02      2.891336828026e-02      2.104731948206e-02      7.533854922678e-02
      1.129513888889e+02      9.393413840593e-01      7.592129975658e-02      1.787670500741e-01      4.373844941585e-01      8.388144745189e-01      2.522905716326e-01      3.423445719927e-02      1.820244385939e-02      9.393243732695e-02      6.214153544428e-02      5.166248052720e-02      2.903518331315e-02      2.093579845332e-02      7.450551492584e-02
      1.129583333333e+02      9.278542190333e-01      7.539706223102e-02      1.779721185847e-01      4.374489820420e-01      8.343659645963e-01      2.503893900951e-01      3.360325854317e-02      1.808475215446e-02      9.340037744249e-02      6.264818141577e-02      5.137173036449e-02      2.915699834604e-02      2.082427742459e-02      7.367248062490e-02
      1.129652777778e+02      9.163670540073e-01      7.487282470547e-02      1.771771870953e-01      4.375134699255e-01      8.299174546737e-01      2.484882085576e-01      3.297205988707e-02      1.796706044953e-02      9.286831755803e-02      6.315482738726e-02      5.108098020179e-02      2.927881337894e-02      2.071275639586e-02      7.283944632395e-02
      1.129722222222e+02      9.048798889814e-01      7.434858717991e-02      1.763822556060e-01      4.375779578090e-01      8.254689447512e-01      2.465870270202e-01      3.234086123096e-02      1.784936874459e-02      9.233625767357e-02      6.366147335876e-02      5.079023003908e-02      2.940062841183e-02      2.060123536713e-02      7.200641202301e-02
      1.129791666667e+02      8.933927239554e-01      7.382434965436e-02      1.755873241166e-01      4.376424456925e-01      8.210204348286e-01      2.446858454827e-01      3.170966257486e-02      1.773167703966e-02      9.180419778910e-02      6.416811933025e-02      5.049947987638e-02      2.952244344472e-02      2.048971433839e-02      7.117337772207e-02
      1.129861111111e+02      8.819055589294e-01      7.330011212880e-02      1.747923926272e-01      4.377069335760e-01      8.165719249060e-01      2.427846639453e-01      3.107846391876e-02      1.761398533473e-02      9.127213790464e-02      6.467476530174e-02      5.020872971367e-02      2.964425847762e-02      2.037819330966e-02      7.034034342112e-02
      1.129930555556e+02      8.704183939035e-01      7.277587460325e-02      1.739974611378e-01      4.377714214595e-01      8.121234149835e-01      2.408834824078e-01      3.044726526266e-02      1.749629362979e-02      9.074007802018e-02      6.518141127323e-02      4.991797955096e-02      2.976607351051e-02      2.026667228093e-02      6.950730912018e-02
      1.130000000000e+02      8.602813385533e-01      7.232612233532e-02      1.745664280039e-01      4.350963334083e-01      8.088237357470e-01      2.398850324544e-01      3.017051282723e-02      1.735749359198e-02      8.987541201052e-02      6.533447430543e-02      5.067481431241e-02      2.959403509677e-02      2.029296724378e-02      7.123504457088e-02
