      1.080000000000e+02      7.469910672085e-01      1.335569538696e-01      2.148245569341e-01      6.518611882077e-01      1.214672076356e+00      3.358406931267e-01      3.751085664797e-02      1.978895522287e-02      1.025669372590e-01      1.008594780851e-01      4.900976562254e-02      4.602289150406e-02      6.933599909389e-02      6.609845003309e-02
      1.080069444444e+02      7.469678929777e-01      1.314831422136e-01      2.161507429597e-01      6.445118775880e-01      1.221274854988e+00      3.329319697933e-01      3.736804010381e-02      2.032737776125e-02      1.025265030069e-01      1.003917838222e-01      4.935253479989e-02      4.556286191004e-02      6.985338432893e-02      6.666407145074e-02
      1.080138888889e+02      7.469447187469e-01      1.294093305576e-01      2.174769289854e-01      6.371625669683e-01      1.227877633621e+00      3.300232464600e-01      3.722522355964e-02      2.086580029962e-02      1.024860687547e-01      9.992408955942e-02      4.969530397724e-02      4.510283231603e-02      7.037076956397e-02      6.722969286839e-02
      1.080208333333e+02      7.469215445162e-01      1.273355189016e-01      2.188031150110e-01      6.298132563487e-01      1.234480412253e+00      3.271145231267e-01      3.708240701547e-02      2.140422283799e-02      1.024456345026e-01      9.945639529660e-02      5.003807315459e-02      4.464280272201e-02      7.088815479902e-02      6.779531428603e-02
      1.080277777778e+02      7.468983702854e-01      1.252617072457e-01      2.201293010367e-01      6.224639457290e-01      1.241083190885e+00      3.242057997933e-01      3.693959047130e-02      2.194264537637e-02      1.024052002505e-01      9.898870103378e-02      5.038084233194e-02      4.418277312799e-02      7.140554003406e-02      6.836093570368e-02
      1.080347222222e+02      7.468751960546e-01      1.231878955897e-01      2.214554870623e-01      6.151146351094e-01      1.247685969518e+00      3.212970764600e-01      3.679677392713e-02      2.248106791474e-02      1.023647659983e-01      9.852100677096e-02      5.072361150929e-02      4.372274353397e-02      7.192292526910e-02      6.892655712133e-02
      1.080416666667e+02      7.468520218238e-01      1.211140839337e-01      2.227816730879e-01      6.077653244897e-01      1.254288748150e+00      3.183883531267e-01      3.665395738296e-02      2.301949045312e-02      1.023243317462e-01      9.805331250814e-02      5.106638068665e-02      4.326271393996e-02      7.244031050415e-02      6.949217853898e-02
      1.080486111111e+02      7.468288475931e-01      1.190402722777e-01      2.241078591136e-01      6.004160138700e-01      1.260891526783e+00      3.154796297933e-01      3.651114083880e-02      2.355791299149e-02      1.022838974941e-01      9.758561824532e-02      5.140914986400e-02      4.280268434594e-02      7.295769573919e-02      7.005779995662e-02
      1.080555555556e+02      7.468056733623e-01      1.169664606217e-01      2.254340451392e-01      5.930667032504e-01      1.267494305415e+00      3.125709064600e-01      3.636832429463e-02      2.409633552987e-02      1.022434632419e-01      9.711792398250e-02      5.175191904135e-02      4.234265475192e-02      7.347508097423e-02      7.062342137427e-02
      1.080625000000e+02      7.467824991315e-01      1.148926489657e-01      2.267602311649e-01      5.857173926307e-01      1.274097084048e+00      3.096621831267e-01      3.622550775046e-02      2.463475806824e-02      1.022030289898e-01      9.665022971968e-02      5.209468821870e-02      4.188262515791e-02      7.399246620927e-02      7.118904279192e-02
      1.080694444444e+02      7.467593249008e-01      1.128188373098e-01      2.280864171905e-01      5.783680820111e-01      1.280699862680e+00      3.067534597933e-01      3.608269120629e-02      2.517318060661e-02      1.021625947376e-01      9.618253545686e-02      5.243745739605e-02      4.142259556389e-02      7.450985144432e-02      7.175466420956e-02
      1.080763888889e+02      7.467361506700e-01      1.107450256538e-01      2.294126032162e-01      5.710187713914e-01      1.287302641313e+00      3.038447364600e-01      3.593987466212e-02      2.571160314499e-02      1.021221604855e-01      9.571484119404e-02      5.278022657340e-02      4.096256596987e-02      7.502723667936e-02      7.232028562721e-02
      1.080833333333e+02      7.467129764392e-01      1.086712139978e-01      2.307387892418e-01      5.636694607718e-01      1.293905419945e+00      3.009360131267e-01      3.579705811795e-02      2.625002568336e-02      1.020817262334e-01      9.524714693122e-02      5.312299575075e-02      4.050253637586e-02      7.554462191440e-02      7.288590704486e-02
      1.080902777778e+02      7.466898022085e-01      1.065974023418e-01      2.320649752674e-01      5.563201501521e-01      1.300508198578e+00      2.980272897933e-01      3.565424157379e-02      2.678844822174e-02      1.020412919812e-01      9.477945266840e-02      5.346576492810e-02      4.004250678184e-02      7.606200714944e-02      7.345152846250e-02
      1.080972222222e+02      7.466666279777e-01      1.045235906858e-01      2.333911612931e-01      5.489708395324e-01      1.307110977210e+00      2.951185664600e-01      3.551142502962e-02      2.732687076011e-02      1.020008577291e-01      9.431175840558e-02      5.380853410545e-02      3.958247718782e-02      7.657939238449e-02      7.401714988015e-02
      1.081041666667e+02      7.466434537469e-01      1.024497790299e-01      2.347173473187e-01      5.416215289128e-01      1.313713755843e+00      2.922098431267e-01      3.536860848545e-02      2.786529329849e-02      1.019604234770e-01      9.384406414276e-02      5.415130328280e-02      3.912244759380e-02      7.709677761953e-02      7.458277129780e-02
      1.081111111111e+02      7.466202795162e-01      1.003759673739e-01      2.360435333444e-01      5.342722182931e-01      1.320316534475e+00      2.893011197933e-01      3.522579194128e-02      2.840371583686e-02      1.019199892248e-01      9.337636987994e-02      5.449407246015e-02      3.866241799979e-02      7.761416285457e-02      7.514839271545e-02
      1.081180555556e+02      7.465971052854e-01      9.830215571789e-02      2.373697193700e-01      5.269229076735e-01      1.326919313108e+00      2.863923964600e-01      3.508297539711e-02      2.894213837524e-02      1.018795549727e-01      9.290867561712e-02      5.483684163750e-02      3.820238840577e-02      7.813154808962e-02      7.571401413309e-02
      1.081250000000e+02      7.416350515353e-01      9.730850205579e-02      2.343518099763e-01      5.227472003412e-01      1.325989333906e+00      2.844288305612e-01      3.528206563539e-02      2.903156533273e-02      1.011398738468e-01      9.259759306139e-02      5.490724974659e-02      3.796931769423e-02      7.819444726138e-02      7.606211622029e-02
      1.081319444444e+02      7.331837552578e-01      9.707796342693e-02      2.282648638869e-01      5.208135949902e-01      1.319737576986e+00      2.831330038739e-01      3.572270776433e-02      2.880378380818e-02      9.990618554387e-02      9.239715427144e-02      5.478523894397e-02      3.789658994744e-02      7.793625900959e-02      7.625654424126e-02
      1.081388888889e+02      7.247324589804e-01      9.684742479806e-02      2.221779177975e-01      5.188799896392e-01      1.313485820066e+00      2.818371771866e-01      3.616334989328e-02      2.857600228362e-02      9.867249724094e-02      9.219671548148e-02      5.466322814135e-02      3.782386220065e-02      7.767807075780e-02      7.645097226223e-02
      1.081458333333e+02      7.162811627030e-01      9.661688616920e-02      2.160909717082e-01      5.169463842881e-01      1.307234063145e+00      2.805413504993e-01      3.660399202223e-02      2.834822075907e-02      9.743880893801e-02      9.199627669152e-02      5.454121733873e-02      3.775113445386e-02      7.741988250601e-02      7.664540028320e-02
      1.081527777778e+02      7.078298664255e-01      9.638634754033e-02      2.100040256188e-01      5.150127789371e-01      1.300982306225e+00      2.792455238120e-01      3.704463415117e-02      2.812043923451e-02      9.620512063509e-02      9.179583790157e-02      5.441920653612e-02      3.767840670706e-02      7.716169425422e-02      7.683982830417e-02
      1.081597222222e+02      6.993785701481e-01      9.615580891146e-02      2.039170795294e-01      5.130791735861e-01      1.294730549305e+00      2.779496971247e-01      3.748527628012e-02      2.789265770996e-02      9.497143233216e-02      9.159539911161e-02      5.429719573350e-02      3.760567896027e-02      7.690350600243e-02      7.703425632514e-02
      1.081666666667e+02      6.909272738707e-01      9.592527028260e-02      1.978301334401e-01      5.111455682350e-01      1.288478792384e+00      2.766538704374e-01      3.792591840906e-02      2.766487618540e-02      9.373774402923e-02      9.139496032165e-02      5.417518493088e-02      3.753295121348e-02      7.664531775065e-02      7.722868434611e-02
      1.081736111111e+02      6.824759775932e-01      9.569473165373e-02      1.917431873507e-01      5.092119628840e-01      1.282227035464e+00      2.753580437501e-01      3.836656053801e-02      2.743709466085e-02      9.250405572630e-02      9.119452153170e-02      5.405317412826e-02      3.746022346669e-02      7.638712949886e-02      7.742311236708e-02
      1.081805555556e+02      6.740246813158e-01      9.546419302487e-02      1.856562412614e-01      5.072783575330e-01      1.275975278544e+00      2.740622170628e-01      3.880720266696e-02      2.720931313629e-02      9.127036742338e-02      9.099408274174e-02      5.393116332564e-02      3.738749571990e-02      7.612894124707e-02      7.761754038805e-02
      1.081875000000e+02      6.655733850384e-01      9.523365439600e-02      1.795692951720e-01      5.053447521819e-01      1.269723521623e+00      2.727663903755e-01      3.924784479590e-02      2.698153161173e-02      9.003667912045e-02      9.079364395178e-02      5.380915252302e-02      3.731476797311e-02      7.587075299528e-02      7.781196840902e-02
      1.081944444444e+02      6.571220887609e-01      9.500311576714e-02      1.734823490826e-01      5.034111468309e-01      1.263471764703e+00      2.714705636882e-01      3.968848692485e-02      2.675375008718e-02      8.880299081752e-02      9.059320516183e-02      5.368714172041e-02      3.724204022632e-02      7.561256474349e-02      7.800639642999e-02
      1.082013888889e+02      6.486707924835e-01      9.477257713827e-02      1.673954029933e-01      5.014775414799e-01      1.257220007783e+00      2.701747370009e-01      4.012912905379e-02      2.652596856262e-02      8.756930251460e-02      9.039276637187e-02      5.356513091779e-02      3.716931247953e-02      7.535437649171e-02      7.820082445097e-02
      1.082083333333e+02      6.402194962061e-01      9.454203850940e-02      1.613084569039e-01      4.995439361289e-01      1.250968250862e+00      2.688789103136e-01      4.056977118274e-02      2.629818703807e-02      8.633561421167e-02      9.019232758191e-02      5.344312011517e-02      3.709658473274e-02      7.509618823992e-02      7.839525247194e-02
      1.082152777778e+02      6.317681999286e-01      9.431149988054e-02      1.552215108146e-01      4.976103307778e-01      1.244716493942e+00      2.675830836263e-01      4.101041331169e-02      2.607040551351e-02      8.510192590874e-02      8.999188879196e-02      5.332110931255e-02      3.702385698595e-02      7.483799998813e-02      7.858968049291e-02
      1.082222222222e+02      6.233169036512e-01      9.408096125167e-02      1.491345647252e-01      4.956767254268e-01      1.238464737022e+00      2.662872569389e-01      4.145105544063e-02      2.584262398896e-02      8.386823760581e-02      8.979145000200e-02      5.319909850993e-02      3.695112923916e-02      7.457981173634e-02      7.878410851388e-02
      1.082291666667e+02      6.148656073738e-01      9.385042262281e-02      1.430476186358e-01      4.937431200758e-01      1.232212980101e+00      2.649914302516e-01      4.189169756958e-02      2.561484246440e-02      8.263454930289e-02      8.959101121204e-02      5.307708770731e-02      3.687840149237e-02      7.432162348455e-02      7.897853653485e-02
      1.082361111111e+02      6.064143110963e-01      9.361988399394e-02      1.369606725465e-01      4.918095147247e-01      1.225961223181e+00      2.636956035643e-01      4.233233969852e-02      2.538706093985e-02      8.140086099996e-02      8.939057242208e-02      5.295507690470e-02      3.680567374558e-02      7.406343523277e-02      7.917296455582e-02
      1.082430555556e+02      5.979630148189e-01      9.338934536508e-02      1.308737264571e-01      4.898759093737e-01      1.219709466261e+00      2.623997768770e-01      4.277298182747e-02      2.515927941529e-02      8.016717269703e-02      8.919013363213e-02      5.283306610208e-02      3.673294599879e-02      7.380524698098e-02      7.936739257679e-02
      1.082500000000e+02      6.151292124057e-01      9.379047683070e-02      1.341336125222e-01      4.947641901619e-01      1.225625478063e+00      2.674608884545e-01      4.278502800769e-02      2.525166877164e-02      8.085710668188e-02      8.906516470270e-02      5.343125412751e-02      3.707075594138e-02      7.347407887177e-02      7.994825566449e-02
      1.082569444444e+02      6.502697945133e-01      9.463481641140e-02      1.439516559186e-01      5.044390127279e-01      1.240078943019e+00      2.769823134939e-01      4.249635201629e-02      2.556870440119e-02      8.289674047953e-02      8.899314881778e-02      5.453476600450e-02      3.769661756961e-02      7.309170481608e-02      8.080025895499e-02
      1.082638888889e+02      6.854103766208e-01      9.547915599210e-02      1.537696993149e-01      5.141138352940e-01      1.254532407976e+00      2.865037385334e-01      4.220767602488e-02      2.588574003075e-02      8.493637427717e-02      8.892113293287e-02      5.563827788149e-02      3.832247919784e-02      7.270933076039e-02      8.165226224550e-02
      1.082708333333e+02      7.205509587284e-01      9.632349557280e-02      1.635877427113e-01      5.237886578600e-01      1.268985872932e+00      2.960251635728e-01      4.191900003348e-02      2.620277566030e-02      8.697600807482e-02      8.884911704795e-02      5.674178975848e-02      3.894834082607e-02      7.232695670471e-02      8.250426553600e-02
      1.082777777778e+02      7.556915408359e-01      9.716783515350e-02      1.734057861076e-01      5.334634804260e-01      1.283439337888e+00      3.055465886123e-01      4.163032404208e-02      2.651981128986e-02      8.901564187247e-02      8.877710116304e-02      5.784530163546e-02      3.957420245430e-02      7.194458264902e-02      8.335626882651e-02
      1.082847222222e+02      7.908321229435e-01      9.801217473421e-02      1.832238295040e-01      5.431383029920e-01      1.297892802844e+00      3.150680136517e-01      4.134164805067e-02      2.683684691941e-02      9.105527567012e-02      8.870508527812e-02      5.894881351245e-02      4.020006408254e-02      7.156220859333e-02      8.420827211701e-02
      1.082916666667e+02      8.259727050511e-01      9.885651431491e-02      1.930418729004e-01      5.528131255580e-01      1.312346267800e+00      3.245894386912e-01      4.105297205927e-02      2.715388254897e-02      9.309490946777e-02      8.863306939321e-02      6.005232538944e-02      4.082592571077e-02      7.117983453765e-02      8.506027540752e-02
      1.082986111111e+02      8.611132871586e-01      9.970085389561e-02      2.028599162967e-01      5.624879481240e-01      1.326799732757e+00      3.341108637306e-01      4.076429606787e-02      2.747091817852e-02      9.513454326542e-02      8.856105350829e-02      6.115583726643e-02      4.145178733900e-02      7.079746048196e-02      8.591227869802e-02
      1.083055555556e+02      8.962538692662e-01      1.005451934763e-01      2.126779596931e-01      5.721627706901e-01      1.341253197713e+00      3.436322887701e-01      4.047562007646e-02      2.778795380808e-02      9.717417706306e-02      8.848903762338e-02      6.225934914342e-02      4.207764896723e-02      7.041508642627e-02      8.676428198852e-02
      1.083125000000e+02      9.313944513737e-01      1.013895330570e-01      2.224960030894e-01      5.818375932561e-01      1.355706662669e+00      3.531537138095e-01      4.018694408506e-02      2.810498943763e-02      9.921381086071e-02      8.841702173846e-02      6.336286102041e-02      4.270351059546e-02      7.003271237059e-02      8.761628527903e-02
      1.083194444444e+02      9.665350334812e-01      1.022338726377e-01      2.323140464858e-01      5.915124158221e-01      1.370160127625e+00      3.626751388490e-01      3.989826809366e-02      2.842202506719e-02      1.012534446584e-01      8.834500585354e-02      6.446637289740e-02      4.332937222369e-02      6.965033831490e-02      8.846828856953e-02
      1.083263888889e+02      1.001675615589e+00      1.030782122184e-01      2.421320898822e-01      6.011872383881e-01      1.384613592581e+00      3.721965638884e-01      3.960959210225e-02      2.873906069674e-02      1.032930784560e-01      8.827298996863e-02      6.556988477439e-02      4.395523385192e-02      6.926796425922e-02      8.932029186004e-02
      1.083333333333e+02      1.036816197696e+00      1.039225517991e-01      2.519501332785e-01      6.108620609541e-01      1.399067057538e+00      3.817179889279e-01      3.932091611085e-02      2.905609632630e-02      1.053327122537e-01      8.820097408371e-02      6.667339665138e-02      4.458109548015e-02      6.888559020353e-02      9.017229515054e-02
      1.083402777778e+02      1.071956779804e+00      1.047668913798e-01      2.617681766749e-01      6.205368835201e-01      1.413520522494e+00      3.912394139673e-01      3.903224011945e-02      2.937313195585e-02      1.073723460513e-01      8.812895819880e-02      6.777690852836e-02      4.520695710838e-02      6.850321614784e-02      9.102429844105e-02
      1.083472222222e+02      1.107097361911e+00      1.056112309605e-01      2.715862200713e-01      6.302117060862e-01      1.427973987450e+00      4.007608390068e-01      3.874356412804e-02      2.969016758541e-02      1.094119798490e-01      8.805694231388e-02      6.888042040536e-02      4.583281873661e-02      6.812084209216e-02      9.187630173155e-02
      1.083541666667e+02      1.142237944019e+00      1.064555705412e-01      2.814042634676e-01      6.398865286522e-01      1.442427452406e+00      4.102822640462e-01      3.845488813664e-02      3.000720321496e-02      1.114516136466e-01      8.798492642897e-02      6.998393228234e-02      4.645868036484e-02      6.773846803647e-02      9.272830502206e-02
      1.083611111111e+02      1.177378526127e+00      1.072999101219e-01      2.912223068640e-01      6.495613512182e-01      1.456880917362e+00      4.198036890857e-01      3.816621214523e-02      3.032423884452e-02      1.134912474442e-01      8.791291054405e-02      7.108744415933e-02      4.708454199307e-02      6.735609398078e-02      9.358030831256e-02
      1.083680555556e+02      1.212519108234e+00      1.081442497026e-01      3.010403502603e-01      6.592361737842e-01      1.471334382319e+00      4.293251141251e-01      3.787753615383e-02      3.064127447407e-02      1.155308812419e-01      8.784089465913e-02      7.219095603632e-02      4.771040362130e-02      6.697371992510e-02      9.443231160306e-02
      1.083750000000e+02      1.250604955569e+00      1.104403166769e-01      3.059582437226e-01      6.679175052256e-01      1.479052118495e+00      4.406014944325e-01      3.777377798590e-02      3.047156058163e-02      1.169283884070e-01      8.717195881112e-02      7.169370066426e-02      4.808152215479e-02      6.598289251157e-02      9.324759495776e-02
      1.083819444444e+02      1.290715051559e+00      1.137341400488e-01      3.075083176015e-01      6.759160210572e-01      1.482140461774e+00      4.530840363470e-01      3.779711182038e-02      2.996730905371e-02      1.178845689438e-01      8.609276638553e-02      7.009625542811e-02      4.827755853882e-02      6.457388174412e-02      9.066306292351e-02
      1.083888888889e+02      1.330825147550e+00      1.170279634207e-01      3.090583914803e-01      6.839145368887e-01      1.485228805054e+00      4.655665782614e-01      3.782044565486e-02      2.946305752579e-02      1.188407494807e-01      8.501357395995e-02      6.849881019197e-02      4.847359492284e-02      6.316487097667e-02      8.807853088926e-02
      1.083958333333e+02      1.370935243540e+00      1.203217867927e-01      3.106084653592e-01      6.919130527203e-01      1.488317148334e+00      4.780491201759e-01      3.784377948934e-02      2.895880599787e-02      1.197969300175e-01      8.393438153436e-02      6.690136495583e-02      4.866963130686e-02      6.175586020923e-02      8.549399885500e-02
      1.084027777778e+02      1.411045339530e+00      1.236156101646e-01      3.121585392380e-01      6.999115685518e-01      1.491405491614e+00      4.905316620903e-01      3.786711332382e-02      2.845455446994e-02      1.207531105544e-01      8.285518910878e-02      6.530391971968e-02      4.886566769089e-02      6.034684944178e-02      8.290946682075e-02
      1.084097222222e+02      1.451155435520e+00      1.269094335365e-01      3.137086131169e-01      7.079100843834e-01      1.494493834894e+00      5.030142040048e-01      3.789044715830e-02      2.795030294202e-02      1.217092910912e-01      8.177599668319e-02      6.370647448354e-02      4.906170407491e-02      5.893783867433e-02      8.032493478649e-02
      1.084166666667e+02      1.491265531510e+00      1.302032569084e-01      3.152586869957e-01      7.159086002149e-01      1.497582178174e+00      5.154967459193e-01      3.791378099278e-02      2.744605141410e-02      1.226654716281e-01      8.069680425761e-02      6.210902924739e-02      4.925774045893e-02      5.752882790688e-02      7.774040275224e-02
      1.084236111111e+02      1.531375627500e+00      1.334970802803e-01      3.168087608746e-01      7.239071160465e-01      1.500670521454e+00      5.279792878337e-01      3.793711482725e-02      2.694179988618e-02      1.236216521650e-01      7.961761183203e-02      6.051158401125e-02      4.945377684296e-02      5.611981713943e-02      7.515587071799e-02
      1.084305555556e+02      1.571485723490e+00      1.367909036522e-01      3.183588347534e-01      7.319056318781e-01      1.503758864734e+00      5.404618297482e-01      3.796044866173e-02      2.643754835826e-02      1.245778327018e-01      7.853841940644e-02      5.891413877510e-02      4.964981322698e-02      5.471080637198e-02      7.257133868373e-02
      1.084375000000e+02      1.611595819480e+00      1.400847270241e-01      3.199089086323e-01      7.399041477096e-01      1.506847208014e+00      5.529443716626e-01      3.798378249621e-02      2.593329683034e-02      1.255340132387e-01      7.745922698086e-02      5.731669353896e-02      4.984584961100e-02      5.330179560453e-02      6.998680664948e-02
      1.084444444444e+02      1.651705915470e+00      1.433785503961e-01      3.214589825111e-01      7.479026635412e-01      1.509935551294e+00      5.654269135771e-01      3.800711633069e-02      2.542904530241e-02      1.264901937755e-01      7.638003455528e-02      5.571924830282e-02      5.004188599503e-02      5.189278483708e-02      6.740227461523e-02
      1.084513888889e+02      1.691816011461e+00      1.466723737680e-01      3.230090563900e-01      7.559011793727e-01      1.513023894574e+00      5.779094554915e-01      3.803045016517e-02      2.492479377449e-02      1.274463743124e-01      7.530084212969e-02      5.412180306667e-02      5.023792237905e-02      5.048377406963e-02      6.481774258098e-02
      1.084583333333e+02      1.731926107451e+00      1.499661971399e-01      3.245591302688e-01      7.638996952043e-01      1.516112237853e+00      5.903919974060e-01      3.805378399965e-02      2.442054224657e-02      1.284025548492e-01      7.422164970411e-02      5.252435783053e-02      5.043395876307e-02      4.907476330218e-02      6.223321054672e-02
      1.084652777778e+02      1.772036203441e+00      1.532600205118e-01      3.261092041477e-01      7.718982110358e-01      1.519200581133e+00      6.028745393204e-01      3.807711783413e-02      2.391629071865e-02      1.293587353861e-01      7.314245727852e-02      5.092691259438e-02      5.062999514710e-02      4.766575253473e-02      5.964867851247e-02
      1.084722222222e+02      1.812146299431e+00      1.565538438837e-01      3.276592780265e-01      7.798967268674e-01      1.522288924413e+00      6.153570812349e-01      3.810045166861e-02      2.341203919073e-02      1.303149159229e-01      7.206326485294e-02      4.932946735824e-02      5.082603153112e-02      4.625674176728e-02      5.706414647821e-02
      1.084791666667e+02      1.852256395421e+00      1.598476672556e-01      3.292093519054e-01      7.878952426990e-01      1.525377267693e+00      6.278396231494e-01      3.812378550309e-02      2.290778766281e-02      1.312710964598e-01      7.098407242735e-02      4.773202212209e-02      5.102206791514e-02      4.484773099983e-02      5.447961444396e-02
      1.084861111111e+02      1.892366491411e+00      1.631414906275e-01      3.307594257842e-01      7.958937585305e-01      1.528465610973e+00      6.403221650638e-01      3.814711933757e-02      2.240353613488e-02      1.322272769966e-01      6.990488000177e-02      4.613457688595e-02      5.121810429917e-02      4.343872023238e-02      5.189508240971e-02
      1.084930555556e+02      1.932476587401e+00      1.664353139995e-01      3.323094996631e-01      8.038922743621e-01      1.531553954253e+00      6.528047069783e-01      3.817045317205e-02      2.189928460696e-02      1.331834575335e-01      6.882568757619e-02      4.453713164981e-02      5.141414068319e-02      4.202970946493e-02      4.931055037546e-02
      1.085000000000e+02      1.966567875216e+00      1.678973712171e-01      3.337810477658e-01      8.144515413247e-01      1.540227432649e+00      6.627662405176e-01      3.828908593840e-02      2.184500858753e-02      1.337686544257e-01      6.830099883478e-02      4.400109027126e-02      5.191199044267e-02      4.159396530789e-02      4.909369793450e-02
      1.085069444444e+02      1.996436096829e+00      1.680741790117e-01      3.351974986565e-01      8.268075463186e-01      1.552819692746e+00      6.709589213285e-01      3.847458471652e-02      2.210645559930e-02      1.340935525270e-01      6.816537478840e-02      4.420977752110e-02      5.262160602488e-02      4.184110872719e-02      5.053811586048e-02
      1.085138888889e+02      2.026304318443e+00      1.682509868063e-01      3.366139495471e-01      8.391635513126e-01      1.565411952843e+00      6.791516021394e-01      3.866008349464e-02      2.236790261107e-02      1.344184506284e-01      6.802975074202e-02      4.441846477095e-02      5.333122160708e-02      4.208825214648e-02      5.198253378645e-02
      1.085208333333e+02      2.056172540056e+00      1.684277946009e-01      3.380304004377e-01      8.515195563065e-01      1.578004212940e+00      6.873442829503e-01      3.884558227276e-02      2.262934962283e-02      1.347433487297e-01      6.789412669564e-02      4.462715202079e-02      5.404083718928e-02      4.233539556577e-02      5.342695171243e-02
      1.085277777778e+02      2.086040761669e+00      1.686046023955e-01      3.394468513283e-01      8.638755613004e-01      1.590596473037e+00      6.955369637612e-01      3.903108105088e-02      2.289079663460e-02      1.350682468310e-01      6.775850264925e-02      4.483583927063e-02      5.475045277148e-02      4.258253898506e-02      5.487136963841e-02
      1.085347222222e+02      2.115908983283e+00      1.687814101901e-01      3.408633022190e-01      8.762315662944e-01      1.603188733135e+00      7.037296445721e-01      3.921657982900e-02      2.315224364637e-02      1.353931449323e-01      6.762287860287e-02      4.504452652047e-02      5.546006835368e-02      4.282968240435e-02      5.631578756439e-02
      1.085416666667e+02      2.145777204896e+00      1.689582179847e-01      3.422797531096e-01      8.885875712883e-01      1.615780993232e+00      7.119223253830e-01      3.940207860711e-02      2.341369065813e-02      1.357180430337e-01      6.748725455649e-02      4.525321377032e-02      5.616968393588e-02      4.307682582364e-02      5.776020549037e-02
      1.085486111111e+02      2.175645426509e+00      1.691350257793e-01      3.436962040002e-01      9.009435762823e-01      1.628373253329e+00      7.201150061939e-01      3.958757738523e-02      2.367513766990e-02      1.360429411350e-01      6.735163051011e-02      4.546190102016e-02      5.687929951808e-02      4.332396924293e-02      5.920462341634e-02
      1.085555555556e+02      2.205513648123e+00      1.693118335739e-01      3.451126548909e-01      9.132995812762e-01      1.640965513426e+00      7.283076870048e-01      3.977307616335e-02      2.393658468167e-02      1.363678392363e-01      6.721600646373e-02      4.567058827000e-02      5.758891510028e-02      4.357111266223e-02      6.064904134232e-02
      1.085625000000e+02      2.235381869736e+00      1.694886413685e-01      3.465291057815e-01      9.256555862701e-01      1.653557773523e+00      7.365003678158e-01      3.995857494147e-02      2.419803169344e-02      1.366927373377e-01      6.708038241734e-02      4.587927551985e-02      5.829853068248e-02      4.381825608152e-02      6.209345926830e-02
      1.085694444444e+02      2.265250091350e+00      1.696654491631e-01      3.479455566721e-01      9.380115912641e-01      1.666150033620e+00      7.446930486267e-01      4.014407371959e-02      2.445947870520e-02      1.370176354390e-01      6.694475837096e-02      4.608796276969e-02      5.900814626468e-02      4.406539950081e-02      6.353787719427e-02
      1.085763888889e+02      2.295118312963e+00      1.698422569576e-01      3.493620075627e-01      9.503675962580e-01      1.678742293717e+00      7.528857294376e-01      4.032957249771e-02      2.472092571697e-02      1.373425335403e-01      6.680913432458e-02      4.629665001953e-02      5.971776184688e-02      4.431254292010e-02      6.498229512025e-02
      1.085833333333e+02      2.324986534576e+00      1.700190647522e-01      3.507784584534e-01      9.627236012519e-01      1.691334553814e+00      7.610784102485e-01      4.051507127582e-02      2.498237272874e-02      1.376674316416e-01      6.667351027820e-02      4.650533726937e-02      6.042737742908e-02      4.455968633939e-02      6.642671304623e-02
      1.085902777778e+02      2.354854756190e+00      1.701958725468e-01      3.521949093440e-01      9.750796062459e-01      1.703926813911e+00      7.692710910594e-01      4.070057005394e-02      2.524381974050e-02      1.379923297430e-01      6.653788623182e-02      4.671402451922e-02      6.113699301128e-02      4.480682975868e-02      6.787113097221e-02
      1.085972222222e+02      2.384722977803e+00      1.703726803414e-01      3.536113602346e-01      9.874356112398e-01      1.716519074008e+00      7.774637718703e-01      4.088606883206e-02      2.550526675227e-02      1.383172278443e-01      6.640226218544e-02      4.692271176906e-02      6.184660859349e-02      4.505397317798e-02      6.931554889819e-02
      1.086041666667e+02      2.414591199416e+00      1.705494881360e-01      3.550278111252e-01      9.997916162338e-01      1.729111334105e+00      7.856564526812e-01      4.107156761018e-02      2.576671376404e-02      1.386421259456e-01      6.626663813905e-02      4.713139901890e-02      6.255622417569e-02      4.530111659727e-02      7.075996682416e-02
      1.086111111111e+02      2.444459421030e+00      1.707262959306e-01      3.564442620159e-01      1.012147621228e+00      1.741703594202e+00      7.938491334921e-01      4.125706638830e-02      2.602816077580e-02      1.389670240469e-01      6.613101409267e-02      4.734008626875e-02      6.326583975789e-02      4.554826001656e-02      7.220438475014e-02
      1.086180555556e+02      2.474327642643e+00      1.709031037252e-01      3.578607129065e-01      1.024503626222e+00      1.754295854300e+00      8.020418143031e-01      4.144256516642e-02      2.628960778757e-02      1.392919221483e-01      6.599539004629e-02      4.754877351859e-02      6.397545534009e-02      4.579540343585e-02      7.364880267612e-02
      1.086250000000e+02      2.482697091503e+00      1.713930460144e-01      3.583232383109e-01      1.024690943555e+00      1.759066618916e+00      8.059916306075e-01      4.158265276050e-02      2.644385581169e-02      1.395278078200e-01      6.570170819808e-02      4.887971408412e-02      6.403237805821e-02      4.575492970978e-02      7.588760496274e-02
      1.086319444444e+02      2.476188371063e+00      1.720996922094e-01      3.581256020845e-01      1.016456952506e+00      1.758424538098e+00      8.070051836578e-01      4.169131366377e-02      2.652391705754e-02      1.397020926732e-01      6.529864286265e-02      5.098730711347e-02      6.363760639154e-02      4.551541129259e-02      7.867615886273e-02
      1.086388888889e+02      2.469679650622e+00      1.728063384044e-01      3.579279658581e-01      1.008222961458e+00      1.757782457281e+00      8.080187367081e-01      4.179997456704e-02      2.660397830340e-02      1.398763775265e-01      6.489557752722e-02      5.309490014282e-02      6.324283472487e-02      4.527589287540e-02      8.146471276272e-02
      1.086458333333e+02      2.463170930182e+00      1.735129845993e-01      3.577303296317e-01      9.999889704100e-01      1.757140376463e+00      8.090322897584e-01      4.190863547031e-02      2.668403954926e-02      1.400506623797e-01      6.449251219179e-02      5.520249317217e-02      6.284806305821e-02      4.503637445821e-02      8.425326666271e-02
      1.086527777778e+02      2.456662209742e+00      1.742196307943e-01      3.575326934053e-01      9.917549793618e-01      1.756498295646e+00      8.100458428087e-01      4.201729637358e-02      2.676410079512e-02      1.402249472330e-01      6.408944685636e-02      5.731008620152e-02      6.245329139154e-02      4.479685604102e-02      8.704182056270e-02
      1.086597222222e+02      2.450153489302e+00      1.749262769893e-01      3.573350571789e-01      9.835209883136e-01      1.755856214828e+00      8.110593958590e-01      4.212595727685e-02      2.684416204097e-02      1.403992320862e-01      6.368638152093e-02      5.941767923087e-02      6.205851972487e-02      4.455733762383e-02      8.983037446270e-02
      1.086666666667e+02      2.443644768861e+00      1.756329231842e-01      3.571374209525e-01      9.752869972653e-01      1.755214134010e+00      8.120729489093e-01      4.223461818012e-02      2.692422328683e-02      1.405735169395e-01      6.328331618550e-02      6.152527226022e-02      6.166374805821e-02      4.431781920664e-02      9.261892836269e-02
      1.086736111111e+02      2.437136048421e+00      1.763395693792e-01      3.569397847260e-01      9.670530062171e-01      1.754572053193e+00      8.130865019597e-01      4.234327908339e-02      2.700428453269e-02      1.407478017927e-01      6.288025085007e-02      6.363286528957e-02      6.126897639154e-02      4.407830078944e-02      9.540748226268e-02
      1.086805555556e+02      2.430627327981e+00      1.770462155742e-01      3.567421484996e-01      9.588190151689e-01      1.753929972375e+00      8.141000550100e-01      4.245193998666e-02      2.708434577854e-02      1.409220866460e-01      6.247718551464e-02      6.574045831892e-02      6.087420472487e-02      4.383878237225e-02      9.819603616267e-02
      1.086875000000e+02      2.424118607541e+00      1.777528617692e-01      3.565445122732e-01      9.505850241207e-01      1.753287891558e+00      8.151136080603e-01      4.256060088993e-02      2.716440702440e-02      1.410963714992e-01      6.207412017921e-02      6.784805134827e-02      6.047943305821e-02      4.359926395506e-02      1.009845900627e-01
      1.086944444444e+02      2.417609887100e+00      1.784595079641e-01      3.563468760468e-01      9.423510330725e-01      1.752645810740e+00      8.161271611106e-01      4.266926179320e-02      2.724446827026e-02      1.412706563525e-01      6.167105484378e-02      6.995564437762e-02      6.008466139154e-02      4.335974553787e-02      1.037731439627e-01
      1.087013888889e+02      2.411101166660e+00      1.791661541591e-01      3.561492398204e-01      9.341170420243e-01      1.752003729922e+00      8.171407141609e-01      4.277792269647e-02      2.732452951612e-02      1.414449412057e-01      6.126798950835e-02      7.206323740697e-02      5.968988972487e-02      4.312022712068e-02      1.065616978626e-01
      1.087083333333e+02      2.404592446220e+00      1.798728003541e-01      3.559516035940e-01      9.258830509760e-01      1.751361649105e+00      8.181542672112e-01      4.288658359974e-02      2.740459076197e-02      1.416192260590e-01      6.086492417292e-02      7.417083043632e-02      5.929511805821e-02      4.288070870349e-02      1.093502517626e-01
      1.087152777778e+02      2.398083725780e+00      1.805794465490e-01      3.557539673675e-01      9.176490599278e-01      1.750719568287e+00      8.191678202615e-01      4.299524450301e-02      2.748465200783e-02      1.417935109122e-01      6.046185883750e-02      7.627842346567e-02      5.890034639154e-02      4.264119028630e-02      1.121388056626e-01
      1.087222222222e+02      2.391575005339e+00      1.812860927440e-01      3.555563311411e-01      9.094150688796e-01      1.750077487469e+00      8.201813733119e-01      4.310390540628e-02      2.756471325369e-02      1.419677957655e-01      6.005879350206e-02      7.838601649502e-02      5.850557472487e-02      4.240167186911e-02      1.149273595626e-01
      1.087291666667e+02      2.385066284899e+00      1.819927389390e-01      3.553586949147e-01      9.011810778314e-01      1.749435406652e+00      8.211949263622e-01      4.321256630955e-02      2.764477449955e-02      1.421420806187e-01      5.965572816664e-02      8.049360952437e-02      5.811080305821e-02      4.216215345192e-02      1.177159134626e-01
      1.087361111111e+02      2.378557564459e+00      1.826993851339e-01      3.551610586883e-01      8.929470867832e-01      1.748793325834e+00      8.222084794125e-01      4.332122721282e-02      2.772483574540e-02      1.423163654720e-01      5.925266283121e-02      8.260120255372e-02      5.771603139154e-02      4.192263503473e-02      1.205044673626e-01
      1.087430555556e+02      2.372048844019e+00      1.834060313289e-01      3.549634224619e-01      8.847130957349e-01      1.748151245017e+00      8.232220324628e-01      4.342988811609e-02      2.780489699126e-02      1.424906503252e-01      5.884959749578e-02      8.470879558307e-02      5.732125972487e-02      4.168311661754e-02      1.232930212626e-01
      1.087500000000e+02      2.353071233249e+00      1.821543704129e-01      3.530624523662e-01      8.777526652318e-01      1.742041446248e+00      8.146766157106e-01      4.324565455706e-02      2.772481454894e-02      1.418579332402e-01      5.865459741728e-02      8.512314048412e-02      5.703135057252e-02      4.158084743841e-02      1.238866737925e-01
      1.087569444444e+02      2.325464559628e+00      1.795474681968e-01      3.499826945335e-01      8.716735989636e-01      1.732147727612e+00      7.995159389765e-01      4.285872415355e-02      2.753390508721e-02      1.406667325804e-01      5.860358835415e-02      8.436567745882e-02      5.681401124817e-02      4.157356123453e-02      1.229613505858e-01
      1.087638888889e+02      2.297857886007e+00      1.769405659807e-01      3.469029367009e-01      8.655945326955e-01      1.722254008976e+00      7.843552622425e-01      4.247179375004e-02      2.734299562548e-02      1.394755319206e-01      5.855257929103e-02      8.360821443351e-02      5.659667192383e-02      4.156627503066e-02      1.220360273791e-01
      1.087708333333e+02      2.270251212386e+00      1.743336637646e-01      3.438231788682e-01      8.595154664274e-01      1.712360290339e+00      7.691945855084e-01      4.208486334653e-02      2.715208616376e-02      1.382843312607e-01      5.850157022790e-02      8.285075140820e-02      5.637933259948e-02      4.155898882678e-02      1.211107041724e-01
      1.087777777778e+02      2.242644538765e+00      1.717267615485e-01      3.407434210355e-01      8.534364001593e-01      1.702466571703e+00      7.540339087744e-01      4.169793294301e-02      2.696117670203e-02      1.370931306009e-01      5.845056116478e-02      8.209328838290e-02      5.616199327514e-02      4.155170262290e-02      1.201853809656e-01
      1.087847222222e+02      2.215037865144e+00      1.691198593324e-01      3.376636632029e-01      8.473573338911e-01      1.692572853067e+00      7.388732320403e-01      4.131100253950e-02      2.677026724031e-02      1.359019299410e-01      5.839955210166e-02      8.133582535759e-02      5.594465395079e-02      4.154441641902e-02      1.192600577589e-01
      1.087916666667e+02      2.187431191523e+00      1.665129571163e-01      3.345839053702e-01      8.412782676230e-01      1.682679134430e+00      7.237125553062e-01      4.092407213599e-02      2.657935777858e-02      1.347107292812e-01      5.834854303853e-02      8.057836233229e-02      5.572731462644e-02      4.153713021514e-02      1.183347345522e-01
      1.087986111111e+02      2.159824517903e+00      1.639060549002e-01      3.315041475375e-01      8.351992013549e-01      1.672785415794e+00      7.085518785722e-01      4.053714173248e-02      2.638844831685e-02      1.335195286214e-01      5.829753397541e-02      7.982089930698e-02      5.550997530210e-02      4.152984401126e-02      1.174094113455e-01
      1.088055555556e+02      2.132217844282e+00      1.612991526841e-01      3.284243897049e-01      8.291201350868e-01      1.662891697158e+00      6.933912018381e-01      4.015021132897e-02      2.619753885513e-02      1.323283279615e-01      5.824652491228e-02      7.906343628168e-02      5.529263597775e-02      4.152255780738e-02      1.164840881387e-01
      1.088125000000e+02      2.104611170661e+00      1.586922504680e-01      3.253446318722e-01      8.230410688186e-01      1.652997978522e+00      6.782305251041e-01      3.976328092546e-02      2.600662939340e-02      1.311371273017e-01      5.819551584916e-02      7.830597325637e-02      5.507529665341e-02      4.151527160350e-02      1.155587649320e-01
      1.088194444444e+02      2.077004497040e+00      1.560853482519e-01      3.222648740395e-01      8.169620025505e-01      1.643104259885e+00      6.630698483700e-01      3.937635052195e-02      2.581571993167e-02      1.299459266419e-01      5.814450678603e-02      7.754851023107e-02      5.485795732906e-02      4.150798539963e-02      1.146334417253e-01
      1.088263888889e+02      2.049397823419e+00      1.534784460358e-01      3.191851162069e-01      8.108829362824e-01      1.633210541249e+00      6.479091716360e-01      3.898942011844e-02      2.562481046995e-02      1.287547259820e-01      5.809349772291e-02      7.679104720576e-02      5.464061800472e-02      4.150069919575e-02      1.137081185186e-01
      1.088333333333e+02      2.021791149798e+00      1.508715438196e-01      3.161053583742e-01      8.048038700143e-01      1.623316822613e+00      6.327484949019e-01      3.860248971493e-02      2.543390100822e-02      1.275635253222e-01      5.804248865978e-02      7.603358418046e-02      5.442327868037e-02      4.149341299187e-02      1.127827953118e-01
      1.088402777778e+02      1.994184476177e+00      1.482646416035e-01      3.130256005416e-01      7.987248037462e-01      1.613423103976e+00      6.175878181679e-01      3.821555931142e-02      2.524299154650e-02      1.263723246623e-01      5.799147959666e-02      7.527612115515e-02      5.420593935602e-02      4.148612678799e-02      1.118574721051e-01
      1.088472222222e+02      1.966577802557e+00      1.456577393874e-01      3.099458427089e-01      7.926457374780e-01      1.603529385340e+00      6.024271414338e-01      3.782862890791e-02      2.505208208477e-02      1.251811240025e-01      5.794047053354e-02      7.451865812984e-02      5.398860003168e-02      4.147884058411e-02      1.109321488984e-01
      1.088541666667e+02      1.938971128936e+00      1.430508371713e-01      3.068660848762e-01      7.865666712099e-01      1.593635666704e+00      5.872664646998e-01      3.744169850440e-02      2.486117262304e-02      1.239899233427e-01      5.788946147041e-02      7.376119510454e-02      5.377126070733e-02      4.147155438023e-02      1.100068256917e-01
      1.088611111111e+02      1.911364455315e+00      1.404439349552e-01      3.037863270436e-01      7.804876049418e-01      1.583741948067e+00      5.721057879657e-01      3.705476810089e-02      2.467026316132e-02      1.227987226828e-01      5.783845240729e-02      7.300373207923e-02      5.355392138299e-02      4.146426817635e-02      1.090815024850e-01
      1.088680555556e+02      1.883757781694e+00      1.378370327391e-01      3.007065692109e-01      7.744085386737e-01      1.573848229431e+00      5.569451112317e-01      3.666783769738e-02      2.447935369959e-02      1.216075220230e-01      5.778744334416e-02      7.224626905393e-02      5.333658205864e-02      4.145698197248e-02      1.081561792782e-01
      1.088750000000e+02      1.865157798026e+00      1.365251372717e-01      2.974813294274e-01      7.670672725958e-01      1.566796238020e+00      5.457663308173e-01      3.653575558539e-02      2.460906256080e-02      1.208392310041e-01      5.767649775336e-02      7.214272215552e-02      5.308989983439e-02      4.142144026960e-02      1.079066653646e-01
      1.088819444444e+02      1.852964740980e+00      1.361344474036e-01      2.941526007720e-01      7.588281381993e-01      1.561765714863e+00      5.374200801864e-01      3.652122892012e-02      2.496684389703e-02      1.203717775906e-01      5.752291619565e-02      7.250433978093e-02      5.282234448054e-02      4.137286497804e-02      1.081378897216e-01
      1.088888888889e+02      1.840771683935e+00      1.357437575356e-01      2.908238721165e-01      7.505890038028e-01      1.556735191706e+00      5.290738295556e-01      3.650670225484e-02      2.532462523325e-02      1.199043241771e-01      5.736933463793e-02      7.286595740634e-02      5.255478912669e-02      4.132428968648e-02      1.083691140786e-01
      1.088958333333e+02      1.828578626890e+00      1.353530676675e-01      2.874951434610e-01      7.423498694063e-01      1.551704668548e+00      5.207275789247e-01      3.649217558956e-02      2.568240656947e-02      1.194368707636e-01      5.721575308022e-02      7.322757503174e-02      5.228723377284e-02      4.127571439492e-02      1.086003384357e-01
      1.089027777778e+02      1.816385569844e+00      1.349623777994e-01      2.841664148055e-01      7.341107350098e-01      1.546674145391e+00      5.123813282939e-01      3.647764892428e-02      2.604018790570e-02      1.189694173501e-01      5.706217152250e-02      7.358919265715e-02      5.201967841900e-02      4.122713910336e-02      1.088315627927e-01
      1.089097222222e+02      1.804192512799e+00      1.345716879314e-01      2.808376861500e-01      7.258716006132e-01      1.541643622234e+00      5.040350776630e-01      3.646312225900e-02      2.639796924192e-02      1.185019639365e-01      5.690858996479e-02      7.395081028256e-02      5.175212306515e-02      4.117856381181e-02      1.090627871497e-01
      1.089166666667e+02      1.791999455754e+00      1.341809980633e-01      2.775089574945e-01      7.176324662167e-01      1.536613099077e+00      4.956888270322e-01      3.644859559372e-02      2.675575057815e-02      1.180345105230e-01      5.675500840707e-02      7.431242790796e-02      5.148456771130e-02      4.112998852025e-02      1.092940115068e-01
      1.089236111111e+02      1.779806398709e+00      1.337903081952e-01      2.741802288391e-01      7.093933318202e-01      1.531582575920e+00      4.873425764014e-01      3.643406892845e-02      2.711353191437e-02      1.175670571095e-01      5.660142684936e-02      7.467404553337e-02      5.121701235745e-02      4.108141322869e-02      1.095252358638e-01
      1.089305555556e+02      1.767613341663e+00      1.333996183272e-01      2.708515001836e-01      7.011541974237e-01      1.526552052763e+00      4.789963257705e-01      3.641954226317e-02      2.747131325060e-02      1.170996036960e-01      5.644784529164e-02      7.503566315878e-02      5.094945700360e-02      4.103283793713e-02      1.097564602208e-01
      1.089375000000e+02      1.755420284618e+00      1.330089284591e-01      2.675227715281e-01      6.929150630271e-01      1.521521529606e+00      4.706500751397e-01      3.640501559789e-02      2.782909458682e-02      1.166321502825e-01      5.629426373392e-02      7.539728078418e-02      5.068190164975e-02      4.098426264558e-02      1.099876845778e-01
      1.089444444444e+02      1.743227227573e+00      1.326182385910e-01      2.641940428726e-01      6.846759286306e-01      1.516491006449e+00      4.623038245088e-01      3.639048893261e-02      2.818687592305e-02      1.161646968690e-01      5.614068217621e-02      7.575889840959e-02      5.041434629591e-02      4.093568735402e-02      1.102189089349e-01
      1.089513888889e+02      1.731034170528e+00      1.322275487229e-01      2.608653142171e-01      6.764367942341e-01      1.511460483291e+00      4.539575738780e-01      3.637596226733e-02      2.854465725927e-02      1.156972434555e-01      5.598710061849e-02      7.612051603500e-02      5.014679094206e-02      4.088711206246e-02      1.104501332919e-01
      1.089583333333e+02      1.718841113482e+00      1.318368588549e-01      2.575365855617e-01      6.681976598376e-01      1.506429960134e+00      4.456113232471e-01      3.636143560206e-02      2.890243859550e-02      1.152297900420e-01      5.583351906078e-02      7.648213366040e-02      4.987923558821e-02      4.083853677090e-02      1.106813576489e-01
      1.089652777778e+02      1.706648056437e+00      1.314461689868e-01      2.542078569062e-01      6.599585254411e-01      1.501399436977e+00      4.372650726163e-01      3.634690893678e-02      2.926021993172e-02      1.147623366285e-01      5.567993750306e-02      7.684375128581e-02      4.961168023436e-02      4.078996147935e-02      1.109125820059e-01
      1.089722222222e+02      1.694454999392e+00      1.310554791187e-01      2.508791282507e-01      6.517193910445e-01      1.496368913820e+00      4.289188219854e-01      3.633238227150e-02      2.961800126795e-02      1.142948832150e-01      5.552635594535e-02      7.720536891122e-02      4.934412488051e-02      4.074138618779e-02      1.111438063630e-01
      1.089791666667e+02      1.682261942347e+00      1.306647892507e-01      2.475503995952e-01      6.434802566480e-01      1.491338390663e+00      4.205725713546e-01      3.631785560622e-02      2.997578260417e-02      1.138274298014e-01      5.537277438763e-02      7.756698653662e-02      4.907656952667e-02      4.069281089623e-02      1.113750307200e-01
      1.089861111111e+02      1.670068885301e+00      1.302740993826e-01      2.442216709397e-01      6.352411222515e-01      1.486307867506e+00      4.122263207238e-01      3.630332894094e-02      3.033356394040e-02      1.133599763879e-01      5.521919282992e-02      7.792860416203e-02      4.880901417282e-02      4.064423560467e-02      1.116062550770e-01
      1.089930555556e+02      1.657875828256e+00      1.298834095145e-01      2.408929422842e-01      6.270019878550e-01      1.481277344349e+00      4.038800700929e-01      3.628880227566e-02      3.069134527662e-02      1.128925229744e-01      5.506561127220e-02      7.829022178744e-02      4.854145881897e-02      4.059566031312e-02      1.118374794341e-01
      1.090000000000e+02      1.637735697205e+00      1.287310973908e-01      2.395650206972e-01      6.230895069354e-01      1.478953721017e+00      4.007113128393e-01      3.620868974620e-02      3.048412286358e-02      1.123470933533e-01      5.507063140041e-02      7.717751924974e-02      4.808050802340e-02      4.068007149226e-02      1.100960092270e-01
