#                     time          SMEAR_TEMP_168.dat             SMEAR_PRESS.dat                SMEAR_RH.dat               SMEAR_SWR.dat                SA_tower.dat               SA_ground.dat                     NH3.dat                SMEAR_CS.dat            SMEAR_GAS_CO.dat           SMEAR_GAS_NO2.dat            SMEAR_GAS_NO.dat            SMEAR_GAS_O3.dat           SMEAR_GAS_SO2.dat
9.90000000000000000000e+01  3.18999999999999994671e+00  9.90860000000000013642e+02  8.68900000000000005684e+01  8.54879999999999973248e-01  1.51008734375000000000e+05  1.00030359375000000000e+05  2.00000000000000000000e+00  7.76124000000000084654e-03  1.55632000000000005002e+02  2.81999999999999972911e-01  5.00000000000000027756e-02  4.55760000000000005116e+01  5.99999999999999977796e-02
9.90069444444444428655e+01  3.00999999999999978684e+00  9.90510012789767984032e+02  8.89699680255799592032e+01  1.40779908571401835005e+00  1.34372283885158249177e+05  1.09907658835766516859e+05  2.81948906273793031829e+00  6.87002637566161249161e-03  1.58921333338594877205e+02  2.89333450668543712414e-01  5.00000000000000027756e-02  4.49913333323981134981e+01  5.00000000000000027756e-02
9.90138888888888857309e+01  2.87000159872115556681e+00  9.90599979216625001754e+02  8.97599552358076522296e+01  1.51036581428882743516e+00  1.17735833395316498354e+05  1.19784958296533033717e+05  2.79753405201766414123e+00  5.97881275132322413668e-03  1.62210666677189720986e+02  2.96666901337087451918e-01  5.00000000000000027756e-02  4.44066666647962335901e+01  5.00000000000000027756e-02
9.90208333333333285964e+01  2.79998561151082769882e+00  9.90370047961630575628e+02  9.03399856115108264021e+01  1.32795177142846876350e+00  1.01099382905474747531e+05  1.29662257757299550576e+05  2.00000000000000000000e+00  5.08759912698483664911e-03  1.65499999982443085855e+02  3.03998688041985987152e-01  5.00000000000000027756e-02  4.38219999988323110074e+01  9.00003359966236038403e-02
9.90277777777777714618e+01  2.73000959232631945639e+00  9.90330022382094739442e+02  9.04699648281368240532e+01  1.49453004761705354753e+00  1.14745661432902750676e+05  1.11561903679564333288e+05  2.00000000000000000000e+00  5.10409455026450929738e-03  1.61841333327483511084e+02  2.76666229347347303325e-01  5.00000000000000027756e-02  4.35786666662776056569e+01  9.99995520035469043219e-02
9.90347222222222285382e+01  2.79001278976842614910e+00  9.90289974420463067872e+02  8.94000031974421176528e+01  1.59589008254224618000e+00  1.28391940129597249324e+05  9.34615494454356667120e+04  2.00000000000000000000e+00  5.14291068783071566445e-03  1.58182666672516489825e+02  2.49333770652652692013e-01  5.00000000000000027756e-02  4.33353333337223958210e+01  1.29999712002280165546e-01
9.90416666666666714036e+01  2.79000000000000003553e+00  9.90319985611510901435e+02  8.95400239808152917931e+01  1.42805134285829748997e+00  1.42038218750768224709e+05  7.53611953663283493370e+04  2.00000000000000000000e+00  5.18172682539684310160e-03  1.54524000017556915054e+02  2.22001311958014035941e-01  5.00000000000000027756e-02  4.30920000011676904705e+01  5.00000000000000027756e-02
9.90486111111111142691e+01  2.84000639488462169879e+00  9.90439985611509655428e+02  8.86599952038365302087e+01  1.01114019206355321145e+00  1.42175682292178826174e+05  8.49929792025522328913e+04  2.52363506397815351434e+00  5.23354686111113329844e-03  1.56067333328395989156e+02  2.35999551992833012104e-01  5.00000000000000027756e-02  4.32386666661974530257e+01  5.00000000000000027756e-02
9.90555555555555571345e+01  2.82000639488400839383e+00  9.90369910471623938975e+02  8.81199552358119433393e+01  1.27440099999999989500e+00  1.42313145833589398535e+05  9.46247630387761164457e+04  2.00000000000000000000e+00  5.28602255555557596495e-03  1.57610666664197992759e+02  2.49999775996416512269e-01  5.00000000000000027756e-02  4.33853333330987283034e+01  1.30000127998986608757e-01
9.90625000000000000000e+01  2.87999999999999989342e+00  9.90009999999999990905e+02  8.77199999999999988631e+01  1.66395500000000007290e+00  1.42450609375000000000e+05  1.04256546875000000000e+05  2.00000000000000000000e+00  5.33711761904763059422e-03  1.59153999999999996362e+02  2.64000000000000012434e-01  5.00000000000000027756e-02  4.35319999999999964757e+01  1.30000000000000004441e-01
9.90694444444444428655e+01  2.85000639488400864252e+00  9.89949955235812012688e+02  8.77900383693040566868e+01  1.47261642222254729440e+00  1.61112890590234543197e+05  1.20960630177215760341e+05  2.00000000000000000000e+00  5.37041788359788642426e-03  1.59384666667035645560e+02  2.57999903998464230614e-01  5.00000000000000027756e-02  4.30573333325740676969e+01  5.00000000000000027756e-02
9.90763888888888857309e+01  2.92999200639422285875e+00  9.89799993605115332684e+02  8.78599520383653356248e+01  1.76890394920675619872e+00  1.79775171805469086394e+05  1.37664713479431520682e+05  2.00000000000000000000e+00  5.40371814814814138694e-03  1.59615333334071266336e+02  2.51999807996928448794e-01  5.00000000000000027756e-02  4.25826666651481318127e+01  6.00003359994885077100e-02
9.90833333333333285964e+01  2.81000479616305742780e+00  9.89590076738608900087e+02  8.79000479616305767649e+01  1.65978711428543213025e+00  1.98437453020703629591e+05  1.54368796781647251919e+05  2.00000000000000000000e+00  5.43630253968253093072e-03  1.59846000017307403596e+02  2.46001759943677344999e-01  5.79999849600356318091e-02  4.21079999974950638375e+01  2.00001439985529744225e-01
9.90902777777777714618e+01  2.79999680255789318295e+00  9.89540047961631557882e+02  8.83899936051157908423e+01  1.68092271428477824102e+00  1.92700359385691379430e+05  1.39664484402402304113e+05  2.00000000000000000000e+00  5.45468878306876962109e-03  1.63452666672433338135e+02  2.82667253314534128172e-01  5.00000000000000027756e-02  4.15859999991653737084e+01  1.10000159998733249012e-01
9.90972222222222285382e+01  2.56999680255789320071e+00  9.89480000000000018190e+02  8.95700127897684126310e+01  1.86535105396943401423e+00  1.86963265614308620570e+05  1.24960171847597710439e+05  2.48140102881538071600e+00  5.47307502645504560801e-03  1.67059333327566662319e+02  3.19332746685465851399e-01  5.00000000000000027756e-02  4.10640000008346248705e+01  1.19999744002026800804e-01
9.91041666666666714036e+01  2.54000479616305741004e+00  9.89389995203836974724e+02  8.96799856115108298127e+01  1.94005780952383499738e+00  1.81226171800613781670e+05  1.10255859468417533208e+05  2.41592192918444803595e+00  5.49455380952392716948e-03  1.70665999982692596859e+02  3.55998240056322634572e-01  5.00000000000000027756e-02  4.05420000025049347414e+01  1.29999616003858731172e-01
9.91111111111111142691e+01  2.50000479616346638068e+00  9.89279968025576863511e+02  8.99300335731442714859e+01  8.21866873010440368574e-01  1.67915864533742511412e+05  1.26971536520611683954e+05  2.00000000000000000000e+00  5.64179587301595099336e-03  1.71112666665237725283e+02  3.89332266649602409814e-01  5.00000000000000027756e-02  3.98146666689935173622e+01  1.39999808000292297328e-01
9.91180555555555571345e+01  2.31000639488400860699e+00  9.88770083133492107663e+02  9.18698976818558747937e+01  -1.86739684126996707825e+00  1.54605557266871270258e+05  1.43687213572805834701e+05  2.00000000000000000000e+00  5.78903793650797568460e-03  1.71559333332618848544e+02  4.22666133324801185367e-01  5.00000000000000027756e-02  3.90873333344967548442e+01  2.50004223966557748149e-01
9.91250000000000000000e+01  2.12000000000000010658e+00  9.88549999999999954525e+02  9.30799999999999982947e+01  -2.22088999999999980872e+00  1.41295250000000000000e+05  1.60402890625000000000e+05  3.48974288809545196699e+00  5.93628000000000037584e-03  1.72006000000000000227e+02  4.56000000000000016431e-01  5.00000000000000027756e-02  3.83599999999999994316e+01  4.69999999999999973355e-01
9.91319444444444428655e+01  1.97999999999999998224e+00  9.88439942446044028657e+02  9.39899872102319733358e+01  -1.88416650158756371347e+00  1.53114208311316120671e+05  1.43687859406137984479e+05  3.60199510500277320091e+00  6.12958026455021325746e-03  1.74654000004235655297e+02  5.16667637348861785718e-01  5.00000000000000027756e-02  3.76113333321357856676e+01  5.00000000000000027756e-02
9.91388888888888857309e+01  1.94999680255768903514e+00  9.88260006394884612746e+02  9.40799856115095991527e+01  -1.48479624603298709928e+00  1.64933166622632241342e+05  1.26972828187275939854e+05  2.70798166732430267700e+00  6.32288052910042700644e-03  1.77302000008471338788e+02  5.77335274697723610515e-01  5.00000000000000027756e-02  3.68626666642715719036e+01  3.59999999999999986677e-01
9.91458333333333285964e+01  1.86000479616305747221e+00  9.88160028776978265341e+02  9.44899376498802467950e+01  -1.25613577618903948796e+00  1.76752124933948362013e+05  1.10257796968413924333e+05  4.45857482915762126652e+00  6.51618079365063988806e-03  1.79949999991509457686e+02  6.38000607980543144038e-01  5.00000000000000027756e-02  3.61139999985571833463e+01  5.70001391986011962665e-01
9.91527777777777714618e+01  2.00999040767368031268e+00  9.88040038369305193555e+02  9.34297953637051961095e+01  -1.24677197142718787504e+00  3.13646291411556885578e+05  1.02923877617833830300e+05  2.00000000000000000000e+00  6.63775925925913241193e-03  1.78180666663837683927e+02  6.50666869326839036880e-01  5.00000000000000027756e-02  3.58133333328526006767e+01  9.00004159967064398806e-02
9.91597222222222285382e+01  1.82999680255789365368e+00  9.87939980815347439602e+02  9.38800703437263450724e+01  -1.90203694920675614455e+00  4.50540458588443114422e+05  9.55899583196661697002e+04  2.00000000000000000000e+00  6.75757407407416056666e-03  1.76411333336162300611e+02  6.63333130673161019963e-01  5.00000000000000027756e-02  3.55126666671473998349e+01  3.89998752009880655933e-01
9.91666666666666714036e+01  1.76000479616305738340e+00  9.87919961630695524946e+02  9.47801294964025515810e+01  -2.16975542380893360317e+00  5.87434626321588410065e+05  8.82560391089367039967e+04  2.49791314991243673660e+00  6.87738888888894325802e-03  1.74642000008490526852e+02  6.75999392019456912806e-01  5.00000000000000027756e-02  3.52120000014428171653e+01  5.29997264027493586447e-01
9.91736111111111142691e+01  1.84999680255768916837e+00  9.87969985611509628143e+02  9.48899808153461350457e+01  -3.60957938095746777574e-01  8.23913209214392234571e+05  9.65651979476244741818e+04  2.00000000000000000000e+00  8.79634518518556708655e-03  1.74633333333361065343e+02  1.41864290095314182771e+00  5.00000000000000027756e-02  3.44753333356900384388e+01  1.19999952000073073499e-01
9.91805555555555571345e+01  1.76001918465202544795e+00  9.87859942446043987729e+02  9.47300959232601371696e+01  -6.92405971428660449440e-01  1.06039179210719605908e+06  1.04874356786312244367e+05  2.00000000000000000000e+00  1.08060144973543461461e-02  1.74624666666680525395e+02  2.16132145047657076020e+00  5.00000000000000027756e-02  3.37386666678450239942e+01  6.70001663986825812813e-01
9.91875000000000000000e+01  1.72999999999999998224e+00  9.87600000000000022737e+02  9.47999999999999971578e+01  -1.43321900000000002073e+00  1.29687037500000000000e+06  1.13183515625000000000e+05  2.00000000000000000000e+00  1.28156838095231252056e-02  1.74616000000000013870e+02  2.90399999999999991473e+00  5.00000000000000027756e-02  3.30020000000000024443e+01  5.40000000000000035527e-01
9.91944444444444428655e+01  1.62003197442004243101e+00  9.87480031974420057850e+02  9.51299808153479631301e+01  -1.25688960952412420724e+00  1.34681658324028993957e+06  1.00926276064500343637e+05  2.00000000000000000000e+00  1.44881579999993643365e-02  1.75514000001436414777e+02  2.68066309327616814073e+00  5.00000000000000027756e-02  3.20939999985475878930e+01  1.09999872001013396239e-01
9.92013888888888857309e+01  1.60000479616346646949e+00  9.87450022382096221918e+02  9.57399968025576839636e+01  -4.78310611109401984109e-01  1.39676279148057987913e+06  8.86690365040006872732e+04  2.00000000000000000000e+00  1.61344704999993177053e-02  1.76412000002872844107e+02  2.45732618655233636673e+00  5.00000000000000027756e-02  3.11859999970951733417e+01  3.70000335999488449978e-01
9.92083333333333285964e+01  1.64999520383694253667e+00  9.87449966426858622981e+02  9.52998465227821611734e+01  3.98973000000000022069e-01  1.44670899972086981870e+06  7.64117969435010163579e+04  2.76879005852274229227e+00  1.79337701587279595150e-02  1.77309999995997856104e+02  2.23399014431540665626e+00  5.00000000000000027756e-02  3.02779999991010377869e+01  4.90002303976847519706e-01
9.92152777777777714618e+01  1.70002238209474532127e+00  9.87310003197442028977e+02  9.48300031974421102632e+01  -1.41949492067561452990e-02  1.16164989636455662549e+06  6.26846914318312119576e+04  2.00000000000000000000e+00  2.27673151322716517397e-02  1.76475999998666509327e+02  2.02866338143860902576e+00  5.00000000000000027756e-02  3.00906666663671416018e+01  1.10000031999746644695e-01
9.92222222222222285382e+01  1.62000639488421316337e+00  9.87200041566747472643e+02  9.46800223820947479680e+01  -1.50990692062759584990e-01  8.76590791135443374515e+05  4.89575859119187880424e+04  2.00000000000000000000e+00  2.76008601058252353577e-02  1.75642000001333485670e+02  1.82333661856139106483e+00  5.00000000000000027756e-02  2.99033333336328581709e+01  4.79999072007347149516e-01
9.92291666666666714036e+01  1.59002398081528695251e+00  9.87189932853717209582e+02  9.58899280575541439475e+01  2.58704447621921351796e-01  5.91531686908383853734e+05  3.52304804600771385594e+04  2.00000000000000000000e+00  3.22016001587262859496e-02  1.74808000004002138894e+02  1.61800985568459321229e+00  5.00000000000000027756e-02  2.97160000008989619857e+01  5.29998032019776021961e-01
9.92361111111111142691e+01  1.53999680255768911508e+00  9.87040001598721119080e+02  9.64599984012788382870e+01  2.51647432857523378757e+00  4.85670780855589255225e+05  3.36786009056764232810e+04  2.00000000000000000000e+00  2.73349401058175234258e-02  1.74420000001241277232e+02  1.45800512008190841229e+00  5.00000000000000027756e-02  3.00233333323501305756e+01  1.49999856000219200514e-01
9.92430555555555571345e+01  1.60993605115991522680e+00  9.86850070343724155464e+02  9.65599488409279302914e+01  6.73613842539787910368e+00  3.79809874802794656716e+05  3.21267213512757116405e+04  2.00000000000000000000e+00  2.24682800529087609021e-02  1.74032000000620627134e+02  1.29800256004095415641e+00  5.00000000000000027756e-02  3.03306666661750661262e+01  3.70003455972638173321e-01
9.92500000000000000000e+01  1.48999999999999999112e+00  9.86740000000000009095e+02  9.62999999999999971578e+01  1.12506400000000006401e+01  2.73948968750000000000e+05  3.05748417968750000000e+04  2.00000000000000000000e+00  1.76016199999999983783e-02  1.73644000000000005457e+02  1.13799999999999990052e+00  5.00000000000000027756e-02  3.06380000000000016769e+01  5.20000000000000017764e-01
9.92569444444444428655e+01  1.54001918465202547459e+00  9.86689936051159975250e+02  9.62600191846520374384e+01  1.66539309206358936422e+01  2.46875093800435191952e+05  3.86004635267159537761e+04  2.39672876637785359222e+00  1.63206444708998109350e-02  1.76378000004373234333e+02  1.11133290665984096890e+00  5.00000000000000027756e-02  3.09633333338537291013e+01  1.99999040007600520363e-01
9.92638888888888857309e+01  1.52000000000000001776e+00  9.86700000000000045475e+02  9.48300255795384856583e+01  1.61371248730166811924e+01  2.19801218850870354800e+05  4.66260852565569148283e+04  2.00000000000000000000e+00  1.50396689417996200222e-02  1.79112000008746463209e+02  1.08466581331968203727e+00  5.00000000000000027756e-02  3.12886666677074565257e+01  4.70000191999707661594e-01
9.92708333333333285964e+01  1.52000959232611476679e+00  9.86639966426858563864e+02  9.48699904076738960157e+01  1.59994190952266173156e+01  1.92727343901305517647e+05  5.46517069863978686044e+04  2.00000000000000000000e+00  1.37586934126994308442e-02  1.81845999998499593175e+02  1.05800486384434466736e+00  5.00000000000000027756e-02  3.16139999953004533495e+01  5.40002063979259316895e-01
9.92777777777777714618e+01  1.57999360511578701427e+00  9.86539955235810452905e+02  9.45499968025578851893e+01  2.60675884126788801609e+01  2.07311947889487462817e+05  6.33263749838342846488e+04  2.00000000000000000000e+00  1.32366708465613790169e-02  1.81533333332833421991e+02  1.15933495461471247623e+00  5.00000000000000027756e-02  3.06346666651008199267e+01  1.50000351997213149380e-01
9.92847222222222285382e+01  1.54000319744210645290e+00  9.86320038369305279957e+02  9.49100479616315908515e+01  3.03213171746136964657e+01  2.21896552110512537183e+05  7.20010429849157226272e+04  2.00000000000000000000e+00  1.27333110582006948930e-02  1.81220666667166568686e+02  1.26066504538528767476e+00  5.00000000000000027756e-02  2.96553333348991792207e+01  4.49998912008613916047e-01
9.92916666666666714036e+01  1.53999520383694266101e+00  9.86519947242206399096e+02  9.61099952038369451657e+01  3.02677041428653907928e+01  2.36481156134410470258e+05  8.06757111511058319593e+04  4.45482092935810403134e+00  1.22299512698410411948e-02  1.80908000001500397502e+02  1.36199513615565548363e+00  5.00000000000000027756e-02  2.86760000046995457978e+01  2.69998800012058559616e-01
9.92986111111111142691e+01  1.56999520383653368150e+00  9.86529977617903796272e+02  9.69599999999999937472e+01  3.51516730158724968192e+01  2.15798130131273646839e+05  1.18897297017403878272e+05  3.23266406294985131353e+00  1.19587096388887800802e-02  1.79367333338262142206e+02  1.62932477852981150157e+00  5.00000000000000027756e-02  2.86640000000383885492e+01  1.69999696000462802159e-01
9.93055555555555571345e+01  1.57001278976801694753e+00  9.86300025579535940778e+02  9.71300063948840062267e+01  4.28032769523836904568e+01  1.95115104128136823419e+05  1.57118882883701939136e+05  2.00000000000000000000e+00  1.16991714444443437038e-02  1.77826666669131071785e+02  1.89666238926490571259e+00  5.00000000000000027756e-02  2.86520000000191963352e+01  2.99999488004053571633e-01
9.93125000000000000000e+01  1.66999999999999992895e+00  9.86379999999999995453e+02  9.74099999999999965894e+01  4.65779100000000028103e+01  1.74432078125000000000e+05  1.95340468750000000000e+05  3.50919901417869883886e+00  1.14370826190475175649e-02  1.76286000000000001364e+02  2.16400000000000014566e+00  5.00000000000000027756e-02  2.86400000000000005684e+01  2.20000000000000001110e-01
9.93194444444444428655e+01  1.76000000000000000888e+00  9.86409961630695875101e+02  9.70599808153479699513e+01  4.61048560317464506397e+01  1.34394511793334881077e+05  1.70940250045454507926e+05  2.42038590804902398190e+00  1.11421189947089726430e-02  1.80458666673341156184e+02  2.27466843736165991174e+00  7.53333389866559788306e-02  2.90306666672915660854e+01  1.09999744002026805800e-01
9.93263888888888857309e+01  1.81999840127884460195e+00  9.86240000000000009095e+02  9.73599904076730666702e+01  5.33951493333360787119e+01  9.43569454616697621532e+04  1.46540031340908986749e+05  2.00000000000000000000e+00  1.08471553703704259863e-02  1.84631333346682311003e+02  2.38533687472332012192e+00  1.10666677973311949890e-01  2.94213333345831351551e+01  2.19999856000219207175e-01
9.93333333333333285964e+01  1.81999040767388531314e+00  9.86359928057554157022e+02  9.79300383693044693700e+01  7.24505174761620196477e+01  5.43193791300046432298e+04  1.22139812636363494676e+05  2.00000000000000000000e+00  1.05635900000000271942e-02  1.88804000005393760375e+02  2.49598675242395584561e+00  1.45999978880050035324e-01  2.98120000064398844586e+01  1.10000815991800171556e-01
9.93402777777777714618e+01  1.88000639488421295020e+00  9.86429974420463054230e+02  9.82300031974421159475e+01  7.73687442222578170004e+01  4.17050801016324330703e+04  1.04831578157254843973e+05  2.00000000000000000000e+00  1.05060900000000408128e-02  1.89928000001797158802e+02  2.21999558414150666152e+00  1.01999992960046692581e-01  3.11540000021457146318e+01  5.00000000000000027756e-02
9.93472222222222285382e+01  1.89000639488421295908e+00  9.86330035171863187315e+02  9.85300127897684205891e+01  6.94479108253643033777e+01  2.90907812264925632917e+04  8.75233437177451560274e+04  2.00000000000000000000e+00  1.04485899999999382048e-02  1.91051999998202830966e+02  1.94400441585849304005e+00  5.80000070399533107501e-02  3.24959999978542910526e+01  1.79999744002026784706e-01
9.93541666666666714036e+01  1.91999999999999992895e+00  9.86400038369304411390e+02  9.87199952038369445972e+01  5.76430710476150451882e+01  1.64764823583407996921e+04  7.02151094643457909115e+04  2.00000000000000000000e+00  1.03920806349206210073e-02  1.92175999994606229393e+02  1.66801324757604407800e+00  5.00000000000000027756e-02  3.38379999935601176730e+01  7.99999040009646833482e-02
9.93611111111111142691e+01  1.92000319744231084940e+00  9.86539990407673030859e+02  9.87600000000000051159e+01  5.32125146825561827768e+01  5.10798237951886767405e+03  8.62022109970638703089e+04  2.31685437742028010888e+00  1.03758570899470815158e-02  1.91972000000652627705e+02  1.54933713072741530148e+00  5.00000000000000027756e-02  3.36066666674067349163e+01  5.00000000000000027756e-02
9.93680555555555571345e+01  1.87001278976801699194e+00  9.86590025579536018085e+02  9.88699808153479722250e+01  4.61662162222328333883e+01  -6.26051759930306434399e+03  1.02189312529781935154e+05  2.00000000000000000000e+00  1.03596335449735402895e-02  1.91768000000326310328e+02  1.43066856536370767827e+00  5.39999968000060420747e-02  3.33753333337033666339e+01  5.00000000000000027756e-02
9.93750000000000000000e+01  1.90999999999999992006e+00  9.86350000000000022737e+02  9.90799999999999982947e+01  6.76536799999999942656e+01  -1.76290175781250000000e+04  1.18176414062500000000e+05  3.67578401413727240410e+00  1.03434100000000007979e-02  1.91563999999999992951e+02  1.31200000000000005507e+00  7.39999999999999963363e-02  3.31439999999999983515e+01  5.00000000000000027756e-02
9.93819444444444428655e+01  1.97996163069594910411e+00  9.86299955235811921739e+02  9.92800127897680226852e+01  7.15872353968112378197e+01  -4.37572528510586198536e+03  1.02529906279147442547e+05  2.00000000000000000000e+00  1.04087010052909875041e-02  1.89511999996717662498e+02  1.27666610132428925972e+00  8.86666690133288970532e-02  3.32026666667605070415e+01  5.00000000000000027756e-02
9.93888888888888857309e+01  2.05000159872115528259e+00  9.86269980815346116287e+02  9.94599952038365273665e+01  7.23448068095865437499e+01  8.87756700791327602929e+03  8.68833984957948996453e+04  2.00000000000000000000e+00  1.04739920105819759449e-02  1.87459999993435332044e+02  1.24133220264857846438e+00  1.03333338026657797770e-01  3.32613333335210157315e+01  1.09999904000146142558e-01
9.93958333333333285964e+01  2.14998081534777041313e+00  9.86249995203836988367e+02  9.95900095923261119424e+01  6.93346439523914881420e+01  2.21308593009324176819e+04  7.12368907124423421919e+04  2.00000000000000000000e+00  1.05392830158729626511e-02  1.85407999989689130871e+02  1.20599360020480950162e+00  1.18000003519991653045e-01  3.33200000019034945353e+01  7.00002879971059477349e-02
9.94027777777777714618e+01  2.10000959232631956297e+00  9.86220025579536923033e+02  9.96299999999999954525e+01  7.25068159682960526879e+01  2.44583828081625324558e+04  6.97211588569913146785e+04  2.00000000000000000000e+00  1.03545966666668681766e-02  1.83259333329897827980e+02  1.07266453340169420905e+00  1.25333334506658872209e-01  3.37166666673008919020e+01  5.00000000000000027756e-02
9.94097222222222285382e+01  2.14000000000000012434e+00  9.86250025579536895748e+02  9.96699936051157919792e+01  9.18636126667535819479e+01  2.67859062543374675442e+04  6.82054270805086853215e+04  2.00000000000000000000e+00  1.01637633333331953850e-02  1.81110666670102148146e+02  9.39335466598305801611e-01  1.32666665493341107140e-01  3.41133333326991063927e+01  5.00000000000000027756e-02
9.94166666666666714036e+01  2.20998561151082784093e+00  9.86349932853717177750e+02  9.96400000000000005684e+01  1.12396663333272258001e+02  2.91134297706257384561e+04  6.66896954035616508918e+04  4.20146897178675349238e+00  9.97292999999991290616e-03  1.78962000010310845255e+02  8.06006399795190509039e-01  1.39999996480008354061e-01  3.45099999980965037594e+01  5.00000000000000027756e-02
9.94236111111111142691e+01  2.31998081534613431742e+00  9.86359988808951925421e+02  9.95799952038365319140e+01  1.41472943333270109179e+02  4.39875443262504923041e+04  8.29838229773744387785e+04  2.00000000000000000000e+00  9.48956759259249847671e-03  1.78594666667841806884e+02  7.68001216019453258887e-01  1.27333337386659029011e-01  3.50193333317038977270e+01  5.00000959998538538342e-02
9.94305555555555571345e+01  2.28999360511599148182e+00  9.86429936051159870658e+02  9.95799872102319767464e+01  1.06040448571408845169e+02  5.88616588818752497900e+04  9.92779505511872121133e+04  2.00000000000000000000e+00  8.99145582010585711630e-03  1.78227333333920910263e+02  7.30000608009726548175e-01  1.14666668693329504292e-01  3.55286666658519507678e+01  5.00000000000000027756e-02
9.94375000000000000000e+01  2.31000000000000005329e+00  9.86299999999999954525e+02  9.96099999999999994316e+01  1.25577100000000001501e+02  7.37357734375000000000e+04  1.15572078125000000000e+05  2.86419296862180061680e+00  8.49334404761921749061e-03  1.77860000000000013642e+02  6.91999999999999948486e-01  1.01999999999999993450e-01  3.60379999999999967031e+01  5.00000000000000027756e-02
9.94444444444444428655e+01  2.41999999999999992895e+00  9.86380095923260114432e+02  9.95099808153479727935e+01  1.51370754920556805700e+02  8.04276848833671538159e+04  1.15904958332713213167e+05  2.26745662960974492250e+00  8.30030000000006595862e-03  1.76026666663734118856e+02  6.30665685317634228113e-01  9.19999984000030163189e-02  3.69520000014620109141e+01  5.00000000000000027756e-02
9.94513888888888857309e+01  2.48000159872115544246e+00  9.86469985611509628143e+02  9.94099984012788411292e+01  1.62442119841474152508e+02  8.71195963292343076319e+04  1.16237838540426440886e+05  2.00000000000000000000e+00  8.13092500000007004091e-03  1.74193333327468252492e+02  5.69331370635268507741e-01  8.19999968000060391882e-02  3.78660000029240180197e+01  7.99999680000487156661e-02
9.94583333333333285964e+01  2.56998561151082771659e+00  9.86530052757793555429e+02  9.91299664268585871696e+01  2.20746173809598644766e+02  9.38115077751014614478e+04  1.16570718748139654053e+05  2.00000000000000000000e+00  7.96265825396831952721e-03  1.72360000011158632560e+02  5.08000127995903771883e-01  7.20000019199954488514e-02  3.87800000006174343525e+01  1.99999472005305767297e-01
9.94652777777777714618e+01  2.72998081534736103393e+00  9.86460044764189547095e+02  9.85400159872105376735e+01  2.87511483491708247584e+02  8.43815481946565851104e+04  1.11738223967338955845e+05  1.42295520863263291744e+01  7.81637187830698347557e-03  1.74685333337051304170e+02  5.10666709331966117702e-01  7.60000006399957489522e-02  3.89086666668723921703e+01  5.00000000000000027756e-02
9.94722222222222285382e+01  2.76999040767368054361e+00  9.86560012789768393304e+02  9.77299840127894725583e+01  2.33865432697814611629e+02  7.49515885240934148896e+04  1.06905729157661044155e+05  3.45930349373795493761e+01  7.67008550264534731677e-03  1.77010666662948722205e+02  5.13333290668033903614e-01  7.99999993600042508257e-02  3.90373333331276057834e+01  9.99998720010134012348e-02
9.94791666666666714036e+01  2.81000000000000005329e+00  9.86580052757793623641e+02  9.77300287769783437852e+01  1.76854351904784181215e+02  6.55216289567101703142e+04  1.02073234432228549849e+05  3.00798723522719058110e+01  7.52383857142845634269e-03  1.79335999988841393815e+02  5.15999872004096249434e-01  8.39999980800045509266e-02  3.91659999993825636011e+01  5.00000000000000027756e-02
9.94861111111111142691e+01  2.64000000000000012434e+00  9.86590030375701985577e+02  9.77100095923269265086e+01  1.03812604365012319363e+02  7.45507265961401135428e+04  1.12313432329819028382e+05  2.56611747300931725135e+01  7.37919571428563743354e-03  1.79463333332925969898e+02  5.19333226664960290186e-01  7.66666690133289002729e-02  3.89466666673683477029e+01  5.00000000000000027756e-02
9.94930555555555571345e+01  2.63996802557995779992e+00  9.86809968025579905770e+02  9.80200127897680175693e+01  1.52608990793668112929e+02  8.35798242355700640474e+04  1.22553630227409521467e+05  1.80629250735616651014e+01  7.23455285714281852438e-03  1.79590666666462993817e+02  5.22666613332480101128e-01  6.93333345066644568533e-02  3.87273333336841716346e+01  8.99988480091206133338e-02
9.95000000000000000000e+01  2.77999999999999980460e+00  9.86679999999999949978e+02  9.78100000000000022737e+01  1.42160099999999999909e+02  9.26089218750000000000e+04  1.32793828125000000000e+05  1.64343916814420687444e+01  7.08990999999999961523e-03  1.79717999999999989313e+02  5.26000000000000023093e-01  6.19999999999999995559e-02  3.85080000000000026716e+01  1.00000000000000005551e-01
9.95069444444444428655e+01  2.85996163069594899753e+00  9.86539961630695870554e+02  9.83000063948840079320e+01  1.02393477460272777080e+02  8.85273281326034921221e+04  1.40161713527941232314e+05  1.14188888342989294244e+01  6.93591859788363854916e-03  1.76643999995082907617e+02  5.11999775996416550683e-01  5.13333316266698924668e-02  3.93100000012828587614e+01  5.00000000000000027756e-02
9.95138888888888857309e+01  2.74000799360577751429e+00  9.86709993605115414539e+02  9.83099904076730695124e+01  1.60370322222282823077e+02  8.44457343902069842443e+04  1.47529598930882464629e+05  1.17147283692196140237e+01  6.78192719576727748310e-03  1.73569999990165825920e+02  4.97999551992833022762e-01  5.00000000000000027756e-02  4.01120000025657148512e+01  6.00001759997320638362e-02
9.95208333333333285964e+01  2.91000000000000014211e+00  9.86590019184652305739e+02  9.77499040767388578388e+01  1.94679532857330571005e+02  8.03641406478104618145e+04  1.54897484333823696943e+05  9.68088459971106196633e+00  6.62793579365091641703e-03  1.70496000005339396921e+02  4.84000447985663329042e-01  5.00000000000000027756e-02  4.09140000017659275500e+01  5.00000000000000027756e-02
9.95277777777777714618e+01  2.93000319744210679929e+00  9.86660009592326332495e+02  9.73299968025578863262e+01  1.95125559047381642586e+02  6.00605599336701707216e+04  1.21821845113721588859e+05  5.01761459479441107590e+00  6.50111682539695947408e-03  1.71608666668445721371e+02  4.93333482661881428388e-01  5.00000000000000027756e-02  4.12820000005883969152e+01  5.00000000000000027756e-02
9.95347222222222285382e+01  2.78002877697895822706e+00  9.86640067146284195587e+02  9.70800159872105297154e+01  2.62742512063980257153e+02  3.97569791288298365544e+04  8.87462056675284111407e+04  3.93541842013175457993e+00  6.37496603174594108493e-03  1.72721333331554291135e+02  5.02666517338118623570e-01  5.00000000000000027756e-02  4.16499999994116123503e+01  5.00000000000000027756e-02
9.95416666666666714036e+01  2.90000479616305728570e+00  9.86820023980815335563e+02  9.69600527577936190937e+01  1.42664226189998601058e+02  1.94533984464731074695e+04  5.56705664391795362462e+04  4.19301588637829603101e+00  6.24881523809518030221e-03  1.73833999994660615585e+02  5.11999552014336667405e-01  5.00000000000000027756e-02  4.20179999982340746101e+01  5.00000000000000027756e-02
9.95486111111111142691e+01  2.84000479616346623857e+00  9.86830035171865461052e+02  9.73100095923269350351e+01  1.95312663491777612990e+02  2.10590026101487383130e+04  6.15628177302863623481e+04  3.50958526553343208576e+00  6.15121594444440443483e-03  1.72616000003896573389e+02  4.90667349344254488663e-01  5.00000000000000027756e-02  4.18913333337385580535e+01  5.00000000000000027756e-02
9.95555555555555571345e+01  2.87998721023198278601e+00  9.87099929656275890011e+02  9.73099808153479699513e+01  7.67017591428439686752e+01  2.26646067738243691565e+04  6.74550690213931811741e+04  4.92159355376675478055e+00  6.05505622222218473083e-03  1.71398000001948275894e+02  4.69333674672127221239e-01  5.00000000000000027756e-02  4.17646666668692816415e+01  5.00000000000000027756e-02
9.95625000000000000000e+01  2.85999999999999987566e+00  9.87210000000000036380e+02  9.73700000000000045475e+01  1.20971299999999999386e+02  2.42702109375000000000e+04  7.33473203125000000000e+04  2.00000000000000000000e+00  5.95902928571425370696e-03  1.70180000000000006821e+02  4.48000000000000009326e-01  5.00000000000000027756e-02  4.16379999999999981242e+01  1.10000000000000000555e-01
9.95694444444444428655e+01  2.79999360511599126866e+00  9.87119948840927918354e+02  9.77100127897680152955e+01  9.30024161269594173973e+01  3.36668007637453556526e+04  7.86568020734424499096e+04  2.03174501038303878531e+00  5.86471380952380272333e-03  1.70436666667077219017e+02  6.20002752044025773337e-01  5.00000000000000027756e-02  4.12753333327532203612e+01  5.00000000000000027756e-02
9.95763888888888857309e+01  2.83000319744231099151e+00  9.87189985611509655428e+02  9.79099936051153747485e+01  5.86286880318540042367e+01  4.30633905899907040293e+04  8.39662838343848852674e+04  2.65654661634824051930e+00  5.77039833333335087234e-03  1.70693333334154431213e+02  7.92005504088051592859e-01  5.00000000000000027756e-02  4.09126666655064425981e+01  5.00000000000000027756e-02
9.95833333333333285964e+01  2.70999999999999996447e+00  9.87320062350119769690e+02  9.84200095923261102371e+01  6.13951099522877541403e+01  5.24599804162360524060e+04  8.92757655953273351770e+04  2.00000000000000000000e+00  5.67605396825401117139e-03  1.70949999995796304120e+02  9.63992832229386698017e-01  5.00000000000000027756e-02  4.05499999990274559991e+01  5.00000000000000027756e-02
9.95902777777777714618e+01  2.72999040767368050808e+00  9.87509958433252563736e+02  9.83600127897684188838e+01  1.10359377143276219613e+02  4.87433320381761805038e+04  7.64510312738995999098e+04  2.00000000000000000000e+00  5.58113664021170872986e-03  1.70073999998599362016e+02  8.14664277409897441551e-01  5.00000000000000027756e-02  4.03473333330092884808e+01  7.99997440020268069105e-02
9.95972222222222285382e+01  2.59998721023157397525e+00  9.87430015987210481399e+02  9.77799776179052599900e+01  8.70086319049058829478e+01  4.50266835868238194962e+04  6.36262968511004073662e+04  2.00000000000000000000e+00  5.48621931216921199931e-03  1.69198000001400629344e+02  6.65335722590102651708e-01  5.00000000000000027756e-02  4.01446666669907088476e+01  5.99996800025335008666e-02
9.96041666666666714036e+01  2.60999999999999987566e+00  9.87520023980815267350e+02  9.78999808153477744099e+01  1.04561149523844648002e+02  4.13100351234541158192e+04  5.08015625181585055543e+04  2.00000000000000000000e+00  5.38645547619024007979e-03  1.68322000004203687240e+02  5.16007167770613284219e-01  5.00000000000000027756e-02  3.99420000009725413292e+01  5.00000000000000027756e-02
9.96111111111111142691e+01  2.49000319744231113361e+00  9.87560019184653810953e+02  9.81900095923269304876e+01  5.73910578254289092115e+01  3.54416998479277463048e+04  5.40507565225223370362e+04  2.00000000000000000000e+00  5.08960031746016026977e-03  1.67282666669991641584e+02  5.84664469298180944357e-01  5.00000000000000027756e-02  4.01613333326316563898e+01  5.00000000000000027756e-02
9.96180555555555571345e+01  2.35000639488400864252e+00  9.87830044764188073714e+02  9.84899936051159841099e+01  6.41534536190584390170e+01  2.95733645724013695144e+04  5.72999505268861685181e+04  2.74372849808996388532e+00  4.79274515873007959238e-03  1.66243333334995838868e+02  6.53332234649090404233e-01  5.00000000000000027756e-02  4.03806666663158253527e+01  5.00000000000000027756e-02
9.96250000000000000000e+01  2.31999999999999984013e+00  9.87899999999999977263e+02  9.82000000000000028422e+01  1.28638700000000000045e+02  2.37050292968750000000e+04  6.05491445312500000000e+04  2.00000000000000000000e+00  4.49588999999999978235e-03  1.65204000000000007731e+02  7.21999999999999975131e-01  5.00000000000000027756e-02  4.06000000000000014211e+01  5.00000000000000027756e-02
9.96319444444444428655e+01  2.29998081534797416126e+00  9.87840083133492157685e+02  9.74000255795360345701e+01  4.98736804444449504103e+01  1.29468991085826910421e+04  5.44850755321299220668e+04  2.00000000000000000000e+00  4.33447134920639156469e-03  1.64405999998723558519e+02  6.54665589316098417427e-01  5.00000000000000027756e-02  4.09973333339688963406e+01  7.99992960055737056813e-02
9.96388888888888857309e+01  2.23999840127884475294e+00  9.87860028776980811926e+02  9.81999856115096037001e+01  8.54204586825145213425e+01  2.18876892029038208420e+03  4.84210065330098441336e+04  2.00000000000000000000e+00  4.17305269841278421439e-03  1.63607999997447080887e+02  5.87331178632196859724e-01  5.00000000000000027756e-02  4.13946666679377983655e+01  5.00000000000000027756e-02
9.96458333333333285964e+01  2.12999520383694251890e+00  9.87910067146282813155e+02  9.81899856115108207177e+01  1.53903001904701227431e+02  -8.56936126800192505470e+03  4.23569375338897662004e+04  2.00000000000000000000e+00  4.01163404761917599672e-03  1.62809999997306306341e+02  5.20000575981567125794e-01  6.59999942400136541121e-02  4.17920000001279703383e+01  5.00000000000000027756e-02
9.96527777777777714618e+01  2.06000000000000005329e+00  9.88219955235810516569e+02  9.67100159872105251679e+01  1.31823629840837639904e+02  1.06011065913828679186e+03  5.07531119635199356708e+04  2.00000000000000000000e+00  3.77227740740766325639e-03  1.62248666665769150086e+02  5.32000191993847515448e-01  5.39999980800127399316e-02  4.18186666667093049909e+01  5.00000000000000027756e-02
9.96597222222222285382e+01  1.92999999999999993783e+00  9.88120012789768452421e+02  9.70799712230210332109e+01  1.53430153333173734609e+02  1.06895827002367150271e+04  5.91492864739800643292e+04  2.00000000000000000000e+00  3.53100425925908546765e-03  1.61687333334230856963e+02  5.43999808006152552053e-01  5.00000000000000027756e-02  4.18453333332906964870e+01  5.00000000000000027756e-02
9.96666666666666714036e+01  1.85001438848917221236e+00  9.88320000000000050022e+02  9.64199856115108246968e+01  1.11122724761895895540e+02  2.03190546732765651541e+04  6.75454609155423240736e+04  2.00000000000000000000e+00  3.28973111111100164142e-03  1.61126000002693700708e+02  5.55999424018432941708e-01  5.00000000000000027756e-02  4.18719999998720311396e+01  5.00000479995176619341e-02
9.96736111111111142691e+01  1.75999840127884454866e+00  9.88319992006394272721e+02  9.63299824140672882322e+01  1.35437472698393349901e+02  1.77739827379135458614e+04  6.36164622249448875664e+04  2.00000000000000000000e+00  3.37874277777779757903e-03  1.60026666670183601582e+02  8.09325226536978359348e-01  5.00000000000000027756e-02  4.16053333341864401973e+01  5.00000000000000027756e-02
9.96805555555555571345e+01  1.64998721023198302582e+00  9.88240057553956035008e+02  9.62600000000000051159e+01  7.13327348889047812008e+01  1.52289108025505229307e+04  5.96874635343474437832e+04  2.00000000000000000000e+00  3.48440746031745225350e-03  1.58927333335091788058e+02  1.06266261326848932001e+00  5.00000000000000027756e-02  4.13386666670932214629e+01  5.00000000000000027756e-02
9.96875000000000000000e+01  1.45999999999999996447e+00  9.88379999999999995453e+02  9.74200000000000017053e+01  4.45154100000000028103e+01  1.26838388671875000000e+04  5.57584648437500000000e+04  2.00000000000000000000e+00  3.59007214285710649429e-03  1.57828000000000002956e+02  1.31600000000000005862e+00  5.00000000000000027756e-02  4.10720000000000027285e+01  5.00000000000000027756e-02
9.96944444444444428655e+01  1.28001278976801691201e+00  9.88480147082332223363e+02  9.75199360511599167012e+01  3.14260789841263523670e+01  1.25784153647797247686e+04  5.65259153631536682951e+04  2.00000000000000000000e+00  3.75226611111104634000e-03  1.60406000004123711733e+02  1.18666459730022877395e+00  5.00000000000000027756e-02  4.06766666660343076956e+01  5.00000000000000027756e-02
9.97013888888888857309e+01  1.07000319744231098262e+00  9.88610030375701967387e+02  9.73100015987211577340e+01  4.00577815079364540907e+01  1.24729918623719477182e+04  5.72933658825573438662e+04  2.00000000000000000000e+00  3.91884597222215327189e-03  1.62984000008247420510e+02  1.05732919460045748927e+00  5.00000000000000027756e-02  4.02813333320686055572e+01  5.00000000000000027756e-02
9.97083333333333285964e+01  9.49990407673885206563e-01  9.88889942446043278323e+02  9.74100335731414048723e+01  2.59901464761953455707e+01  1.23675683599641724868e+04  5.80608164019610121613e+04  2.00000000000000000000e+00  4.07439904761907646658e-03  1.65561999997920565875e+02  9.27996864100356755323e-01  5.00000000000000027756e-02  3.98860000006910198067e+01  9.99993280067528050870e-02
9.97152777777777714618e+01  9.30000000000000048850e-01  9.89049945643484193170e+02  9.77700095923263177156e+01  6.20469140000399690393e+01  1.73044075428832657053e+04  6.40631275929810290108e+04  2.00000000000000000000e+00  4.01125420634925160951e-03  1.65128666665973810268e+02  8.62665621366830115413e-01  5.00000000000000027756e-02  4.00300000002302382995e+01  5.00000000000000027756e-02
9.97222222222222285382e+01  9.60006394884212910235e-01  9.89000054356515761356e+02  9.71699744204631485900e+01  6.29442581269759102724e+01  2.22412467539917342947e+04  7.00654388132689637132e+04  2.00000000000000000000e+00  3.94810936507929838291e-03  1.64695333334026202010e+02  7.97334378633169915673e-01  5.00000000000000027756e-02  4.01739999997697623257e+01  5.00000000000000027756e-02
9.97291666666666714036e+01  9.50004796163057330105e-01  9.89090043165467591280e+02  9.62999904076738886261e+01  6.19499936190474116415e+01  2.71780859082495226176e+04  7.60677499576818663627e+04  2.00000000000000000000e+00  3.88584595238093124733e-03  1.64262000002079446404e+02  7.32003135899643275764e-01  5.00000000000000027756e-02  4.03179999993089808186e+01  5.00000000000000027756e-02
9.97361111111111142691e+01  9.90001598721155451344e-01  9.89379993605115373612e+02  9.62699952038365296403e+01  5.36127204603182363485e+01  2.19441477669580126530e+04  6.84955481488712393912e+04  2.00000000000000000000e+00  3.85942730158728760509e-03  1.64885333331339211327e+02  6.68002048032763307006e-01  5.00000000000000027756e-02  4.01033333340200854877e+01  5.00000000000000027756e-02
9.97430555555555571345e+01  9.60006394884008407153e-01  9.89479955235811985403e+02  9.55900447641880646188e+01  5.28057855555560848870e+01  1.67102096256665063265e+04  6.09233463400606196956e+04  2.00000000000000000000e+00  3.83300865079364352916e-03  1.65508666665669608165e+02  6.04001024016381671267e-01  5.00000000000000027756e-02  3.98886666670100424881e+01  5.00000000000000027756e-02
9.97500000000000000000e+01  9.49999999999999955591e-01  9.89470000000000027285e+02  9.60000000000000000000e+01  5.64096800000000015984e+01  1.14762714843750000000e+04  5.33511445312500000000e+04  2.00000000000000000000e+00  3.80658999999999988692e-03  1.66132000000000005002e+02  5.40000000000000035527e-01  5.00000000000000027756e-02  3.96739999999999994884e+01  5.00000000000000027756e-02
9.97569444444444428655e+01  9.60044764188059396304e-01  9.89609942446043987729e+02  9.51398145483637591724e+01  4.44965553333353227572e+01  2.83153645519642486761e+04  7.45195858980658958899e+04  2.00000000000000000000e+00  3.64810124338628546589e-03  1.66998000001385236146e+02  4.93999263988225689737e-01  5.00000000000000027756e-02  4.02353333342312282639e+01  5.00000000000000027756e-02
9.97638888888888857309e+01  9.89992006394222801013e-01  9.89719974420461539921e+02  9.42600383693077361613e+01  3.44480013968408584901e+01  4.51544576195534973522e+04  9.56880272648817917798e+04  2.35010426627811686018e+00  3.48961248677257061118e-03  1.67864000002770467290e+02  4.47998527976451343946e-01  5.00000000000000027756e-02  4.07966666684624499339e+01  5.00000000000000027756e-02
9.97708333333333285964e+01  8.79990407673885255413e-01  9.89739937649880289428e+02  9.19802589928051048673e+01  3.04426147619161291402e+01  6.19935506871427423903e+04  1.16856468631697673118e+05  2.00000000000000000000e+00  3.33112373015885619015e-03  1.68729999988943745848e+02  4.01999968001024055031e-01  5.00000000000000027756e-02  4.13580000001567569257e+01  5.00000000000000027756e-02
9.97777777777777714618e+01  7.40012789768425882642e-01  9.89959977617905337866e+02  9.06200031974421165160e+01  2.05480517777937805590e+01  6.68600598867643275298e+04  1.01719700549041532213e+05  2.00000000000000000000e+00  3.26776269841276296307e-03  1.66425999996316136276e+02  4.01333322667008496332e-01  5.00000000000000027756e-02  4.13906666667188929409e+01  5.00000000000000027756e-02
9.97847222222222285382e+01  6.09996802557893458285e-01  9.89970038369305257220e+02  8.89898369304525687085e+01  9.02885503492423957539e+00  7.17265690194856724702e+04  8.65829322634584677871e+04  2.00000000000000000000e+00  3.20674087301582892359e-03  1.64122000003683837122e+02  4.00666677332991549854e-01  5.00000000000000027756e-02  4.14233333332811071159e+01  5.99999680002533467005e-02
9.97916666666666714036e+01  4.10014388489172154628e-01  9.90079961630695606800e+02  8.97398848920866214485e+01  9.47876287143192186591e+00  7.65930781733428011648e+04  7.14461640967468410963e+04  2.00000000000000000000e+00  3.14571904761901978420e-03  1.61818000011056255971e+02  4.00000031998975991154e-01  5.00000000000000027756e-02  4.14559999998432431312e+01  1.69999424005788102310e-01
9.97986111111111142691e+01  3.59995203836533661512e-01  9.90189996802557743649e+02  8.95799999999999982947e+01  6.96587138729716404129e+00  8.52433047197285341099e+04  7.75741276269978989149e+04  2.00000000000000000000e+00  3.18701172222224122371e-03  1.63410666661571497116e+02  4.19332714656769411921e-01  5.00000000000000027756e-02  4.09700000015547871612e+01  1.69999632000560230161e-01
9.98055555555555571345e+01  2.00038369304050916986e-01  9.90409846522783709588e+02  9.06699552358119404971e+01  3.80180471111127360473e+00  9.38935312661142670549e+04  8.37020911572489421815e+04  2.00000000000000000000e+00  3.23346311111112876685e-03  1.65003333330785750377e+02  4.38666357328384715064e-01  5.00000000000000027756e-02  4.04840000007773923585e+01  2.19998016015707703597e-01
9.98125000000000000000e+01  1.49999999999999994449e-01  9.90309999999999945430e+02  9.09899999999999948841e+01  1.92508600000000007491e+00  1.02543757812500000000e+05  8.98300546875000000000e+04  2.00000000000000000000e+00  3.27766119047619543594e-03  1.66596000000000003638e+02  4.58000000000000018208e-01  5.00000000000000027756e-02  3.99979999999999975557e+01  1.00000000000000005551e-01
9.98194444444444428655e+01  3.99872102319830322048e-02  9.90619961630695911481e+02  9.16699424460439189488e+01  1.30314290793697962201e+00  9.45866067856564914109e+04  8.43551432393657305511e+04  2.00000000000000000000e+00  3.29281661375661503441e-03  1.69889333338601261403e+02  1.02534241081188359779e+00  5.00000000000000027756e-02  3.91593333319918244229e+01  5.00000000000000027756e-02
9.98263888888888857309e+01  4.99968025576891170192e-02  9.90759984012788436303e+02  9.12100863309423885994e+01  5.87699325399043237539e-01  8.66294557588129828218e+04  7.88802317912314611021e+04  2.00000000000000000000e+00  3.30797203703703419919e-03  1.73182666677202519168e+02  1.59268482162376701083e+00  5.00000000000000027756e-02  3.83206666639836441846e+01  5.00000000000000027756e-02
9.98333333333333285964e+01  -4.99952038369426213227e-02  9.90700067146282890462e+02  9.16800287769783466274e+01  2.70456266666897593431e-01  7.86723047319694742328e+04  7.34053203430971916532e+04  2.00000000000000000000e+00  3.32139666666667618747e-03  1.76475999983124495429e+02  2.15996992096260509442e+00  5.00000000000000027756e-02  3.74820000014748089256e+01  1.09999856001447030018e-01
9.98402777777777714618e+01  -6.99904076736805741410e-02  9.90790025579536859368e+02  9.13900703437263501883e+01  8.86537682542124089169e-02  8.60925286320053419331e+04  7.15928828158775722841e+04  2.00000000000000000000e+00  3.30049388888890415233e-03  1.72959333327710567119e+02  1.53332330698796259760e+00  5.00000000000000027756e-02  3.77893333338247288111e+01  9.99998080015201129545e-02
9.98472222222222285382e+01  -1.30000000000000004441e-01  9.90960028776979015674e+02  9.17299648281368291691e+01  3.17820463493162230773e-01  9.35127526179946580669e+04  6.97804453091224277159e+04  2.00000000000000000000e+00  3.27959111111108874911e-03  1.69442666672289419694e+02  9.06676693012037571151e-01  5.00000000000000027756e-02  3.80966666661752739742e+01  8.00000639994933038235e-02
9.98541666666666714036e+01  -2.39985611510827839821e-01  9.91209913669065031172e+02  9.19601247002394899255e+01  4.05842466665537693338e-01  1.00932976504414618830e+05  6.79680077484283974627e+04  2.00000000000000000000e+00  3.25879944444443150203e-03  1.65926000016875491383e+02  2.80030079037394630248e-01  5.00000000000000027756e-02  3.84039999985251938597e+01  5.00000000000000027756e-02
9.98611111111111142691e+01  -1.50007993605777212309e-01  9.91459985611509637238e+02  9.16399888089519123469e+01  4.69449715872079953449e-01  9.05394608987764077028e+04  5.65033476135355958831e+04  2.00000000000000000000e+00  3.24252629629628776747e-03  1.67943333326879582046e+02  2.76666773335039806181e-01  5.00000000000000027756e-02  3.85166666663062287057e+01  5.00000000000000027756e-02
9.98680555555555571345e+01  -2.39987210231983022490e-01  9.91449993605115992068e+02  9.07299104716238815627e+01  3.65133695237937982991e-01  8.01459452931382111274e+04  4.50386874786427943036e+04  2.00000000000000000000e+00  3.22625314814814359923e-03  1.69960666663439781132e+02  2.73333386667519884217e-01  5.00000000000000027756e-02  3.86293333331531130170e+01  7.00003839969597918547e-02
9.98750000000000000000e+01  -2.30000000000000009992e-01  9.91539999999999963620e+02  8.88900000000000005684e+01  -2.60274000000000005350e-01  6.97524296875000000000e+04  3.35740273437500000000e+04  2.00000000000000000000e+00  3.20997999999999986467e-03  1.71978000000000008640e+02  2.70000000000000017764e-01  5.00000000000000027756e-02  3.87419999999999973284e+01  5.00000000000000027756e-02
9.98819444444444428655e+01  -2.49993605115991501808e-01  9.91759891286971878799e+02  8.63599232613918985635e+01  -3.27910834920965121864e-01  6.85010703148311295081e+04  4.73346562243657026556e+04  2.00000000000000000000e+00  3.19454018518518928493e-03  1.70617999997824597358e+02  2.73333386667519884217e-01  5.00000000000000027756e-02  3.91633333340072837814e+01  5.00000000000000027756e-02
9.98888888888888857309e+01  -2.60001598721155469107e-01  9.91720020783375048268e+02  8.48298705035864060164e+01  -1.08260831745767227563e-01  6.72497109421622444643e+04  6.10952851049814053113e+04  2.00000000000000000000e+00  3.17910037037037870519e-03  1.69257999995649157654e+02  2.76666773335039806181e-01  5.00000000000000027756e-02  3.95846666680145702344e+01  1.09999696000462818257e-01
9.98958333333333285964e+01  -3.39985611510827845372e-01  9.91860043165467573090e+02  8.45501294964025476020e+01  -1.89915199999307227063e-01  6.59983515694933739724e+04  7.48559139855971152429e+04  2.00000000000000000000e+00  3.16366055555556769177e-03  1.67898000007697135061e+02  2.79998720040961934785e-01  5.00000000000000027756e-02  4.00059999997408723971e+01  5.00000000000000027756e-02
9.99027777777777714618e+01  -2.70003197442106490644e-01  9.91789987210231515746e+02  8.35000000000000000000e+01  -2.34779260318599747315e-01  8.27017603855389461387e+04  8.15708202999864006415e+04  2.00000000000000000000e+00  3.10283222222228812631e-03  1.69502000002564614078e+02  2.53332906680338865169e-01  5.00000000000000027756e-02  3.99519999999136601332e+01  7.99996160030402025942e-02
9.99097222222222285382e+01  -3.69993605115787049797e-01  9.91850006394884189831e+02  8.23899968025578885999e+01  3.51369746033780711025e-02  9.94051693019610538613e+04  8.82857265750135993585e+04  2.00000000000000000000e+00  3.04088777777773320785e-03  1.71105999997435390014e+02  2.26667093319661172579e-01  5.00000000000000027756e-02  3.98980000000863412879e+01  5.00000000000000027756e-02
9.99166666666666714036e+01  -4.39961630695540950597e-01  9.91949937649880325807e+02  8.07700287769783358272e+01  -9.67876047639573966475e-02  1.16108578064168788842e+05  9.50006328380420454778e+04  2.00000000000000000000e+00  2.97894333333330535787e-03  1.72709999992302869032e+02  2.00001279959038102962e-01  5.00000000000000027756e-02  3.98440000002591290240e+01  5.00000000000000027756e-02
9.99236111111111142691e+01  -4.90003197442310856058e-01  9.91880003197442306373e+02  8.04100095923269293507e+01  -2.47071866664509892653e-01  1.05223736938612521044e+05  9.95710026211946969852e+04  2.00000000000000000000e+00  2.92233185185184147006e-03  1.73577333330558616353e+02  2.05999807996928435694e-01  5.00000000000000027756e-02  4.01159999991298334976e+01  5.00000000000000027756e-02
9.99305555555555571345e+01  -5.30019184652025465709e-01  9.91970044764188060071e+02  7.94800895283761263954e+01  -1.83232593650788394557e-01  9.43388958130562677979e+04  1.04141372404347348493e+05  2.00000000000000000000e+00  2.86598925925926357322e-03  1.74444666665279299878e+02  2.11999903998464217514e-01  5.00000000000000027756e-02  4.03879999995649114908e+01  5.00000000000000027756e-02
9.99375000000000000000e+01  -6.09999999999999986677e-01  9.92159999999999968168e+02  7.60300000000000011369e+01  -6.97770000000000056861e-02  8.34540546875000000000e+04  1.08711742187500000000e+05  2.00000000000000000000e+00  2.80964666666668611006e-03  1.75312000000000011823e+02  2.17999999999999999334e-01  5.00000000000000027756e-02  4.06599999999999965894e+01  5.00000000000000027756e-02
9.99444444444444428655e+01  -5.70012789768016947534e-01  9.92290012789767956747e+02  7.81098465227837976954e+01  -2.25619304762062017344e-01  9.82608280974168737885e+04  1.09918268226919055451e+05  2.00000000000000000000e+00  2.73317055555558595381e-03  1.77057333336125140022e+02  2.14666613332480105125e-01  5.00000000000000027756e-02  4.06866666667093213050e+01  5.00000000000000027756e-02
9.99513888888888857309e+01  -6.59995203836533650410e-01  9.92429992006394172677e+02  7.41101678657213227552e+01  -2.75117703173768934910e-01  1.13067601507333747577e+05  1.11124794266338125453e+05  2.00000000000000000000e+00  2.65513236111114374338e-03  1.78802666672250239799e+02  2.11333226664960238672e-01  5.00000000000000027756e-02  4.07133333334186460206e+01  5.00000000000000027756e-02
9.99583333333333285964e+01  -6.80009592326114797878e-01  9.92490019184652283002e+02  7.29904844124687883777e+01  -3.45125571430495714509e-01  1.27874374917250621365e+05  1.12331320305757180904e+05  2.00000000000000000000e+00  2.57962015873017041709e-03  1.80547999991199134229e+02  2.07999008031745480363e-01  5.00000000000000027756e-02  4.07399999969128217003e+01  5.00000000000000027756e-02
9.99652777777777714618e+01  -6.89987210231574055186e-01  9.92689984012789523149e+02  7.32796450839261837018e+01  -4.70360158732112065838e-01  1.27245385417838828289e+05  9.79925026308878441341e+04  2.00000000000000000000e+00  2.55420679894181748906e-03  1.78713999997067617187e+02  1.87333002677262577818e-01  5.00000000000000027756e-02  4.00966666656380468226e+01  5.00000000000000027756e-02
9.99722222222222285382e+01  -7.30003197442106510628e-01  9.92710044764189547095e+02  7.30798848920841663812e+01  -5.08589177777940548708e-01  1.26616395832161171711e+05  8.36536848691121558659e+04  2.00000000000000000000e+00  2.52879343915341251933e-03  1.76880000002932376901e+02  1.66666997322737403531e-01  5.00000000000000027756e-02  3.94533333343619574407e+01  5.00000000000000027756e-02
9.99791666666666714036e+01  -7.89995203836942661013e-01  9.93059937649880225763e+02  7.25801055155872631985e+01  -2.26730280950610568746e-01  1.25987406292466184823e+05  6.93148672512628691038e+04  4.18949512583036121072e+00  2.50209150793644519856e-03  1.75046000008800859860e+02  1.46000991968254500986e-01  5.00000000000000027756e-02  3.88100000030871825629e+01  7.99998080019293789089e-02
9.99861111111111142691e+01  -8.30003197442310880483e-01  9.93239966426855744430e+02  7.25300591526827531652e+01  -2.39097630160093416185e-01  1.33586098986644123215e+05  8.07242838966752460692e+04  2.32498374294227971859e+00  2.42298767195763030749e-03  1.76429333328907830492e+02  1.59332906659840956021e-01  5.00000000000000027756e-02  3.90079999993665680336e+01  5.00000000000000027756e-02
9.99930555555555571345e+01  -9.40006394884008389390e-01  9.93260006394884044312e+02  7.27004156674605610533e+01  -3.37424130158693436066e-01  1.41184791680822061608e+05  9.21337005420876230346e+04  4.32394916972943921252e+00  2.34388383597881498274e-03  1.77812666664453928433e+02  1.72666453329920477344e-01  5.00000000000000027756e-02  3.92059999996832857505e+01  5.00000000000000027756e-02
1.00000000000000000000e+02  -1.01000000000000000888e+00  9.93399999999999977263e+02  7.19800000000000039790e+01  -5.21403999999999978598e-01  1.48783484375000000000e+05  1.03543117187500000000e+05  2.73102114899222936373e+00  2.26478000000000009168e-03  1.79195999999999997954e+02  1.85999999999999998668e-01  5.00000000000000027756e-02  3.94040000000000034674e+01  5.00000000000000027756e-02
