0.000000000000000000e+00 7.351351351351354424e+00
6.726457399103119572e-02 7.567567567567568432e+00
1.479820627802690969e-01 7.351351351351354424e+00
2.085201793721974950e-01 6.918918918918918415e+00
2.690582959641253380e-01 6.486486486486485958e+00
3.026905829596415187e-01 6.378378378378378954e+00
3.632286995515693340e-01 7.351351351351354424e+00
4.170403587443943794e-01 8.864864864864864913e+00
4.641255605381167104e-01 1.145945945945946320e+01
5.179372197309417558e-01 1.394594594594594916e+01
5.784753363228701817e-01 1.621621621621622111e+01
6.390134529147980524e-01 1.913513513513513686e+01
6.928251121076230978e-01 2.162162162162162460e+01
7.600896860986542380e-01 2.378378378378378599e+01
8.139013452914800606e-01 2.562162162162162815e+01
8.811659192825110898e-01 2.789189189189189833e+01
9.282511210762334208e-01 2.918918918918918592e+01
9.820627802690580221e-01 3.091891891891892286e+01
1.042600896860987003e+00 3.264864864864865268e+01
1.103139013452914874e+00 3.437837837837837895e+01
1.163677130044842523e+00 3.481081081081080697e+01
1.210762331838564965e+00 3.632432432432432279e+01
1.278026905829596105e+00 3.718918918918918592e+01
1.345291479820627245e+00 3.794594594594595094e+01
1.399103139013452957e+00 3.881081081081081408e+01
1.459641255605380827e+00 3.978378378378378954e+01
1.473094170403587588e+00 3.967567567567567721e+01
1.567264573991030918e+00 4.000000000000000711e+01
1.634529147982063169e+00 4.054054054054054035e+01
1.695067264573991039e+00 4.140540540540541059e+01
1.735426008968609768e+00 4.194594594594594383e+01
1.802690582959641130e+00 4.259459459459458941e+01
1.856502242152466842e+00 4.237837837837838606e+01
1.923766816143497982e+00 4.237837837837838606e+01
1.970852017937219092e+00 4.281081081081080697e+01
2.038116591928251786e+00 4.335135135135135442e+01
2.091928251121076165e+00 4.324324324324324920e+01
2.159192825112107084e+00 4.291891891891891930e+01
2.213004484304932795e+00 4.356756756756757198e+01
2.280269058295964157e+00 4.281081081081080697e+01
2.340807174887891584e+00 4.410810810810811233e+01
2.401345291479820787e+00 4.356756756756757198e+01
2.455156950672645610e+00 4.432432432432432279e+01
2.515695067264574369e+00 4.356756756756757198e+01
2.562780269058295257e+00 4.389189189189189477e+01
2.623318385650224460e+00 4.345945945945945965e+01
2.670403587443945348e+00 4.432432432432432279e+01
2.724215246636771059e+00 4.443243243243243512e+01
2.804932735426008961e+00 4.432432432432432279e+01
2.845291479820628133e+00 4.421621621621622467e+01
2.926008968609866034e+00 4.367567567567568432e+01
2.973094170403586922e+00 4.432432432432432279e+01
3.040358744394618284e+00 4.454054054054054745e+01
3.087443946188340504e+00 4.486486486486487024e+01
3.134529147982063169e+00 4.443243243243243512e+01
3.174887892376681897e+00 4.432432432432432279e+01
3.248878923766816307e+00 4.400000000000000000e+01
3.316143497757847669e+00 4.443243243243243512e+01
3.376681614349775540e+00 4.464864864864865268e+01
3.443946188340806458e+00 4.486486486486487024e+01
3.504484304932735661e+00 4.421621621621622467e+01
3.544843049327354834e+00 4.421621621621622467e+01
3.605381165919282260e+00 4.389189189189189477e+01
3.679372197309416670e+00 4.464864864864865268e+01
3.746636771300448032e+00 4.475675675675675791e+01
3.780269058295963713e+00 4.486486486486487024e+01
3.840807174887892472e+00 4.410810810810811233e+01
3.881165919282511645e+00 4.410810810810811233e+01
3.961883408071748658e+00 4.400000000000000000e+01
4.015695067264573481e+00 4.432432432432432279e+01
4.082959641255605732e+00 4.443243243243243512e+01
4.143497757847534047e+00 4.454054054054054745e+01
4.204035874439462361e+00 4.454054054054054745e+01
4.264573991031389788e+00 4.443243243243243512e+01
4.304932735426008961e+00 4.421621621621622467e+01
4.352017937219731181e+00 4.464864864864865268e+01
4.419282511210761655e+00 4.497297297297297547e+01
4.486547085201793905e+00 4.454054054054054745e+01
4.540358744394619173e+00 4.464864864864865268e+01
4.614349775784754470e+00 4.454054054054054745e+01
4.681614349775784945e+00 4.454054054054054745e+01
4.715246636771300182e+00 4.486486486486487024e+01
4.762331838565023290e+00 4.454054054054054745e+01
4.809417040358743733e+00 4.454054054054054745e+01
4.849775784753362906e+00 4.454054054054054745e+01
4.910313901345292109e+00 4.432432432432432279e+01
4.950672645739910394e+00 4.421621621621622467e+01
5.017937219730942644e+00 4.432432432432432279e+01
5.078475336322869182e+00 4.464864864864865268e+01
5.145739910313901433e+00 4.464864864864865268e+01
5.192825112107623653e+00 4.421621621621622467e+01
5.260089686098654127e+00 4.432432432432432279e+01
5.320627802690583330e+00 4.421621621621622467e+01
5.367713004484304662e+00 4.421621621621622467e+01
5.414798206278026882e+00 4.443243243243243512e+01
5.475336322869955197e+00 4.454054054054054745e+01
5.535874439461883512e+00 4.432432432432432279e+01
5.609865470852017921e+00 4.410810810810811233e+01
5.663677130044842301e+00 4.421621621621622467e+01
