-1.345291479820611910e-02 -1.345291479820611910e-02
6.726457399103119572e-02 6.726457399103119572e-02
1.278026905829596216e-01 1.278026905829596216e-01
2.085201793721974950e-01 2.085201793721974950e-01
2.825112107623320434e-01 2.825112107623320434e-01
3.161434977578476690e-01 3.161434977578476690e-01
4.103139013452916650e-01 4.103139013452916650e-01
4.641255605381167104e-01 4.641255605381167104e-01
5.112107623318384864e-01 5.112107623318384864e-01
5.717488789237669122e-01 5.717488789237669122e-01
6.188340807174885772e-01 6.188340807174885772e-01
6.860986547085203835e-01 6.860986547085203835e-01
7.533632286995520788e-01 7.533632286995520788e-01
8.071748878923765691e-01 8.071748878923765691e-01
8.811659192825110898e-01 8.811659192825110898e-01
9.215246636771300404e-01 9.215246636771300404e-01
9.820627802690580221e-01 9.820627802690580221e-01
1.035874439461883512e+00 1.035874439461883512e+00
1.076233183856502462e+00 1.076233183856502462e+00
1.136771300448430333e+00 1.136771300448430333e+00
1.204035874439461473e+00 1.204035874439461473e+00
1.278026905829596105e+00 1.278026905829596105e+00
1.358744394618834006e+00 1.358744394618834006e+00
1.459641255605380827e+00 1.459641255605380827e+00
1.520179372197309808e+00 1.520179372197309808e+00
1.587443946188340949e+00 1.587443946188340949e+00
1.647982062780268819e+00 1.647982062780268819e+00
1.735426008968609768e+00 1.735426008968609768e+00
1.795964125560538083e+00 1.795964125560538083e+00
1.869955156950672492e+00 1.869955156950672492e+00
1.943946188340806902e+00 1.943946188340806902e+00
1.997757847533632614e+00 1.997757847533632614e+00
2.085201793721972674e+00 2.085201793721972674e+00
2.125560538116591847e+00 2.125560538116591847e+00
2.179372197309417558e+00 2.179372197309417558e+00
2.273542600896860666e+00 2.273542600896860666e+00
2.273542600896860666e+00 2.273542600896860666e+00
2.340807174887891584e+00 2.340807174887891584e+00
2.408071748878924279e+00 2.408071748878924279e+00
2.455156950672645610e+00 2.455156950672645610e+00
2.508968609865471322e+00 2.508968609865471322e+00
2.556053811659193098e+00 2.556053811659193098e+00
2.609865470852017921e+00 2.609865470852017921e+00
2.677130044843049284e+00 2.677130044843049284e+00
2.737668161434978042e+00 2.737668161434978042e+00
2.818385650224214611e+00 2.818385650224214611e+00
2.865470852017937275e+00 2.865470852017937275e+00
2.878923766816143814e+00 2.878923766816143814e+00
2.986547085201793905e+00 2.986547085201793905e+00
3.067264573991031362e+00 3.067264573991031362e+00
3.114349775784752694e+00 3.114349775784752694e+00
3.161434977578474914e+00 3.161434977578474914e+00
3.221973094170404117e+00 3.221973094170404117e+00
3.275784753363228496e+00 3.275784753363228496e+00
3.343049327354259859e+00 3.343049327354259859e+00
3.403587443946189062e+00 3.403587443946189062e+00
3.477578475336323471e+00 3.477578475336323471e+00
3.504484304932735661e+00 3.504484304932735661e+00
3.565022421524663088e+00 3.565022421524663088e+00
3.618834080717489243e+00 3.618834080717489243e+00
3.686098654708520161e+00 3.686098654708520161e+00
3.746636771300448032e+00 3.746636771300448032e+00
3.800448430493273300e+00 3.800448430493273300e+00
3.847533632286995964e+00 3.847533632286995964e+00
3.928251121076232533e+00 3.928251121076232533e+00
4.008968609865470434e+00 4.008968609865470434e+00
4.069506726457399637e+00 4.069506726457399637e+00
4.123318385650224016e+00 4.123318385650224016e+00
4.170403587443946236e+00 4.170403587443946236e+00
4.237668161434977598e+00 4.237668161434977598e+00
4.271300448430492835e+00 4.271300448430492835e+00
4.365470852017937275e+00 4.365470852017937275e+00
4.419282511210761655e+00 4.419282511210761655e+00
4.479820627802689970e+00 4.479820627802689970e+00
4.567264573991031362e+00 4.567264573991031362e+00
4.634529147982062725e+00 4.634529147982062725e+00
4.708520179372197134e+00 4.708520179372197134e+00
4.795964125560538527e+00 4.795964125560538527e+00
4.849775784753362906e+00 4.849775784753362906e+00
4.896860986547085126e+00 4.896860986547085126e+00
4.977578475336323471e+00 4.977578475336323471e+00
5.044843049327353945e+00 5.044843049327353945e+00
5.098654708520180101e+00 5.098654708520180101e+00
5.172645739910314511e+00 5.172645739910314511e+00
5.239910313901345873e+00 5.239910313901345873e+00
5.307174887892377235e+00 5.307174887892377235e+00
5.401345291479820787e+00 5.401345291479820787e+00
5.482062780269058244e+00 5.482062780269058244e+00
5.562780269058296589e+00 5.562780269058296589e+00
5.603139013452915762e+00 5.603139013452915762e+00
5.663677130044842301e+00 5.663677130044842301e+00
