#                     time          SMEAR_TEMP_168.dat             SMEAR_PRESS.dat                SMEAR_RH.dat               SMEAR_SWR.dat                SA_tower.dat               SA_ground.dat                     NH3.dat                SMEAR_CS.dat            SMEAR_GAS_CO.dat           SMEAR_GAS_NO2.dat            SMEAR_GAS_NO.dat            SMEAR_GAS_O3.dat           SMEAR_GAS_SO2.dat
1.16000000000000000000e+02  3.74000000000000021316e+00  9.73919999999999959073e+02  9.90300000000000011369e+01  1.31720900000000007424e+00  -3.09946557617187500000e+03  3.84022890625000000000e+04  2.00000000000000000000e+00  5.55592000000000064974e-03  1.55027999999999991587e+02  1.05800000000000005151e+00  5.00000000000000027756e-02  2.39740000000000001990e+01  5.00000000000000027756e-02
1.16006944444444442865e+02  3.69002557953603371743e+00  9.73840121502796137065e+02  9.92600000000000051159e+01  1.38750225396838500203e+00  1.90574070225266514171e+04  4.02977539027189923218e+04  3.16717592115614143822e+00  5.36484526455031571213e-03  1.54831999999686473757e+02  8.93997375958021978093e-01  5.00000000000000027756e-02  2.47293333345415433655e+01  9.99991680065871052507e-02
1.16013888888888885731e+02  3.66999840127884446872e+00  9.73910004796163434548e+02  9.92000031974423137626e+01  1.01118775714320308090e+00  4.12142796212251778343e+04  4.21932187429379846435e+04  3.38446894056212999047e+00  5.17377052910063077451e-03  1.54635999999372955926e+02  7.29994751916043904671e-01  5.00000000000000027756e-02  2.54846666690830900848e+01  5.00000000000000027756e-02
1.16020833333333328596e+02  3.52000000000000001776e+00  9.74069956834532490575e+02  9.88099856115108252652e+01  6.36394923809934232040e-01  6.33711522199237078894e+04  4.40886835831569696893e+04  3.20989305648338074661e+00  4.98269579365094583689e-03  1.54439999978341774067e+02  5.65999552014336604344e-01  5.00000000000000027756e-02  2.62400000017563321819e+01  5.00001919980706324709e-02
1.16027777777777771462e+02  3.39000319744210676376e+00  9.73910009592326332495e+02  9.85200095923263177156e+01  -7.36682269835857495011e-01  6.16497291698746339534e+04  4.24598294301187925157e+04  2.00000000000000000000e+00  4.94345619047622825831e-03  1.49926666659450347652e+02  5.56666517338118560509e-01  5.00000000000000027756e-02  2.66060000005851939875e+01  5.00000000000000027756e-02
1.16034722222222228538e+02  3.14998721023157379761e+00  9.74029974420463076967e+02  9.83299999999999982947e+01  -8.30125828574439950103e-01  5.99283059863753660466e+04  4.08309752573812074843e+04  2.01133752677326160807e+00  4.90795023809521228225e-03  1.45413333340549655759e+02  5.47333482661881420839e-01  5.00000000000000027756e-02  2.69719999994148054157e+01  5.00000000000000027756e-02
1.16041666666666671404e+02  2.89999999999999991118e+00  9.74109894484412734528e+02  9.84100047961630508553e+01  -1.63193045714372941823e+00  5.82068827598904244951e+04  3.92021210561932384735e+04  2.02309902015684928145e+00  4.87244428571427003194e-03  1.40900000021658229343e+02  5.38000447985663377004e-01  5.00000000000000027756e-02  2.73379999982436672212e+01  5.00000000000000027756e-02
1.16048611111111114269e+02  2.57999200639422276993e+00  9.73979996802557707269e+02  9.83899952038365341878e+01  -1.95352925873129801282e+00  4.87931822565936163301e+04  3.24818971103788244363e+04  2.01897035209236275222e+00  4.76601338888884337036e-03  1.41788666663823704539e+02  5.08667605348349871619e-01  5.00000000000000027756e-02  2.77266666654232665223e+01  1.00000000000000005551e-01
1.16055555555555557135e+02  2.38997442046396635362e+00  9.74019910471623916237e+02  9.82600255795360340016e+01  -2.37078694920632271348e+00  3.93794817532968081650e+04  2.57616731645644103992e+04  2.03453773609556520796e+00  4.65600644444440214809e-03  1.42677333331911853520e+02  4.79333802674174969116e-01  5.00000000000000027756e-02  2.81153333327116321527e+01  5.00000000000000027756e-02
1.16062500000000000000e+02  2.16999999999999992895e+00  9.74019999999999981810e+02  9.79300000000000068212e+01  -1.23630100000000009430e+00  2.99657812500000000000e+04  1.90414492187500000000e+04  2.79965174758369217400e+00  4.54931095238093104877e-03  1.43566000000000002501e+02  4.50000000000000011102e-01  5.00000000000000027756e-02  2.85040000000000013358e+01  5.00000000000000027756e-02
1.16069444444444442865e+02  2.03002557953603357532e+00  9.74029897681855800329e+02  9.77499552358119387918e+01  1.05627282539724476340e-01  3.32554583272050804226e+04  2.81666926913341667387e+04  2.10410608231414952840e+00  4.48529640211639719916e-03  1.41758666663775699135e+02  4.46666613332480144649e-01  5.00000000000000027756e-02  2.83499999997536669127e+01  5.00000000000000027756e-02
1.16076388888888885731e+02  2.09999840127884462859e+00  9.73800004796163420906e+02  9.64700303757019526074e+01  2.08622092064366992936e-01  3.65451354044101681211e+04  3.72919361639183334773e+04  2.00000000000000000000e+00  4.42128185185186421691e-03  1.39951333327551424190e+02  4.43333226664960222685e-01  5.00000000000000027756e-02  2.81959999995073324897e+01  6.00000159999756407792e-02
1.16083333333333328596e+02  1.90001918465222940924e+00  9.73929947242206367264e+02  9.62599952038369508500e+01  4.26685880952663187937e-01  3.98348124816152558196e+04  4.64171796365025074920e+04  2.00000000000000000000e+00  4.36091920634920030692e-03  1.38144000007274854624e+02  4.39998880035841699598e-01  5.00000000000000027756e-02  2.80420000021242366017e+01  5.00000000000000027756e-02
1.16090277777777771462e+02  1.88999360511578684552e+00  9.73949945643484284119e+02  9.62499872102315805478e+01  5.48590358728897165008e-01  3.34986588659744375036e+04  3.59403502799408088322e+04  2.05132253709901668515e+00  4.37298600529099652096e-03  1.39660000002423913656e+02  4.16666293345296478989e-01  5.00000000000000027756e-02  2.84846666673744444154e+01  1.09999936000506698397e-01
1.16097222222222228538e+02  1.74996802557893516017e+00  9.73919945643484197717e+02  9.62899808153473628636e+01  1.86793406347537882528e-01  2.71625051965255624964e+04  2.54635208138091911678e+04  4.57147178111002094880e+00  4.38505280423281702112e-03  1.41175999997576099076e+02  3.93333706654703518790e-01  5.00000000000000027756e-02  2.89273333326255581710e+01  5.00000000000000027756e-02
1.16104166666666671404e+02  1.68002877697834418491e+00  9.73680067146282794965e+02  9.58899952038369463025e+01  1.45629376192426190917e-01  2.08263516163964450243e+04  1.49866914270321285585e+04  2.58474873239901414834e+00  4.39642944444443121987e-03  1.42691999992725158108e+02  3.70001119964158298181e-01  5.00000000000000027756e-02  2.93699999978757659846e+01  5.00000000000000027756e-02
1.16111111111111114269e+02  1.50000000000000000000e+00  9.73720007993605804586e+02  9.63000159872115517601e+01  -3.14055798414326181600e-01  3.04703190463476312289e+04  1.87053444148964190390e+04  8.14432347889671071073e+00  4.37973962962962069106e-03  1.42468666667381143043e+02  3.33334506685437348406e-01  5.00000000000000027756e-02  2.94173333331819080172e+01  5.00000000000000027756e-02
1.16118055555555557135e+02  1.31005115907206803882e+00  9.73790006394884017027e+02  9.68100000000000022737e+01  -1.57125880634962578064e+00  4.01142864762988174334e+04  2.24239974027607095195e+04  3.28975977084464776823e+00  4.36304981481481016226e-03  1.42245333333690581412e+02  2.96667253342718706399e-01  5.00000000000000027756e-02  2.94646666665909542360e+01  5.00000000000000027756e-02
1.16125000000000000000e+02  1.15999999999999992006e+00  9.73840000000000031832e+02  9.72600000000000051159e+01  -2.40924700000000013844e+00  4.97582539062500000000e+04  2.61426503906250000000e+04  2.00000000000000000000e+00  4.34635999999999963345e-03  1.42021999999999991360e+02  2.60000000000000008882e-01  5.00000000000000027756e-02  2.95120000000000004547e+01  5.00000000000000027756e-02
1.16131944444444442865e+02  9.89999999999999991118e-01  9.73740127897680167735e+02  9.72500191846520323224e+01  -1.56359373968261317067e+00  5.57859270721045468235e+04  2.15812314538098435150e+04  2.69612014829994972587e+00  4.33793407407407575344e-03  1.43297333335373309637e+02  2.98000608009726608572e-01  5.00000000000000027756e-02  2.89473333324301087544e+01  5.00000000000000027756e-02
1.16138888888888885731e+02  8.60011191048088097233e-01  9.73869993605115382707e+02  9.75999984012788388554e+01  -1.45695086031857945486e+00  6.18136002379590936471e+04  1.70198125169946833921e+04  2.76207217381199976458e+00  4.32950814814815274079e-03  1.44572666670746656337e+02  3.36001216019453263772e-01  5.00000000000000027756e-02  2.83826666648602170540e+01  5.00000000000000027756e-02
1.16145833333333328596e+02  6.79995203836942674336e-01  9.73879947242206412739e+02  9.77900095923261147846e+01  -1.67478022381029356680e+00  6.78412734038136404706e+04  1.24583935801795250882e+04  2.88813753019079744178e+00  4.32108222222222886078e-03  1.45848000011152237221e+02  3.74000863972350716669e-01  5.00000000000000027756e-02  2.78179999987523345339e+01  5.00000000000000027756e-02
1.16152777777777771462e+02  5.90006394884212914675e-01  9.73969948840926349476e+02  9.81599904076736748948e+01  -1.59616180000162777297e+00  7.47486067579611408291e+04  2.56325188556576322298e+04  2.00000000000000000000e+00  4.92564820105754336277e-03  1.48172000003715822913e+02  3.92000287990771301150e-01  5.00000000000000027756e-02  2.75579999995842896965e+01  5.00000000000000027756e-02
1.16159722222222228538e+02  4.79999999999999982236e-01  9.73819993605115882929e+02  9.85800095923263199893e+01  -1.21894017777635355060e+00  8.16559401170388591709e+04  3.88066442302798677702e+04  3.09548334461281626773e+00  5.54528775132319753927e-03  1.50495999996284183453e+02  4.09999712009228689524e-01  5.00000000000000027756e-02  2.72980000004157119520e+01  5.00000000000000027756e-02
1.16166666666666671404e+02  2.49995203836942625486e-01  9.73830062350119760595e+02  9.88099856115108252652e+01  -1.55751547619547947576e+00  8.85632732922421419062e+04  5.19807694884555312456e+04  1.00432361227825790451e+01  6.16492730158758363290e-03  1.52819999988847769146e+02  4.27999136027649274006e-01  5.00000000000000027756e-02  2.70380000012476671145e+01  5.00000000000000027756e-02
1.16173611111111114269e+02  1.09996802557689107860e-01  9.73790009592326896382e+02  9.90200031974423069414e+01  -7.66678507964586725132e-02  6.25715409187864279374e+04  4.43233359089703517384e+04  6.32321636001020781492e+00  5.74571888888879972468e-03  1.50879333339541801706e+02  4.66665429313538826506e-01  5.00000000000000027756e-02  2.69753333335338147947e+01  6.99999520000730846014e-02
1.16180555555555557135e+02  -1.99936051159915161024e-02  9.73989923261391936649e+02  9.92399872102319733358e+01  1.30872233015952699198e+00  3.65798085453307139687e+04  3.66659023294851795072e+04  9.04247543160774647220e+00  5.27413158730162274362e-03  1.48938666669770896078e+02  5.05332714656769432793e-01  5.00000000000000027756e-02  2.69126666667669063315e+01  5.00000000000000027756e-02
1.16187500000000000000e+02  -1.79999999999999993339e-01  9.73950000000000045475e+02  9.94800000000000039790e+01  5.47388700000000039125e+00  1.05880761718750000000e+04  2.90084687500000000000e+04  9.04825213437677611239e+00  4.80254428571444662993e-03  1.46997999999999990450e+02  5.44000000000000039080e-01  5.00000000000000027756e-02  2.68500000000000014211e+01  5.00000000000000027756e-02
1.16194444444444442865e+02  -3.30006394884008513735e-01  9.73979897681855845804e+02  9.97200191846520311856e+01  1.04174931428565198388e+01  1.79387291529733374773e+04  2.48570436275252432097e+04  7.30900972437724494313e+00  4.78991144444443524286e-03  1.47492000000790170589e+02  6.05334314682365759452e-01  5.00000000000000027756e-02  2.66219999996352996163e+01  5.00000000000000027756e-02
1.16201388888888885731e+02  -3.00004796163466314063e-01  9.73979977617903841747e+02  9.99599952038365273665e+01  1.65704764126897643450e+01  2.52893821340716749546e+04  2.07056185050504864193e+04  5.25086098592606820290e+00  4.81288713888887876441e-03  1.47986000001580379148e+02  6.66668629364731479825e-01  5.00000000000000027756e-02  2.63939999992705942589e+01  5.00000000000000027756e-02
1.16208333333333328596e+02  -3.59985611510827807624e-01  9.73940067146282899557e+02  1.00000000000000000000e+02  4.37358330475965075834e+01  3.26400351151700124319e+04  1.65541933825757259910e+04  6.99845131018948585222e+00  4.83124047619050943358e-03  1.48480000008522523558e+02  7.28001951937533031689e-01  5.00000000000000027756e-02  2.61659999963497718056e+01  8.99999040009646783522e-02
1.16215277777777771462e+02  -2.80015987210532446561e-01  9.73909993605115801074e+02  1.00000000000000000000e+02  6.12617079365024181925e+01  3.44094674446192293544e+04  2.28757604048860812327e+04  7.00364483437871854221e+00  4.75791706349211560717e-03  1.50256000002839613217e+02  7.68667317312483278080e-01  5.00000000000000027756e-02  2.54053333321171095349e+01  5.00000000000000027756e-02
1.16222222222222228538e+02  -2.70006394884212963525e-01  9.73900012789768425137e+02  1.00000000000000000000e+02  8.05882297460576779713e+01  3.61788997428807633696e+04  2.91973274857389187673e+04  3.28128926552486799295e+00  4.68459365079357259454e-03  1.52031999997160369276e+02  8.09332682687516680176e-01  5.00000000000000027756e-02  2.46446666678828911756e+01  5.00000000000000027756e-02
1.16229166666666671404e+02  -2.19995203836942626596e-01  9.73930047961630521058e+02  1.00000000000000000000e+02  1.02328541428575846339e+02  3.79483320566182737821e+04  3.55188945608718204312e+04  6.15154816355205991130e+00  4.61118055555549428287e-03  1.53807999991477458934e+02  8.49998048062466926567e-01  5.00000000000000027756e-02  2.38840000036502289049e+01  5.00000000000000027756e-02
1.16236111111111114269e+02  -8.99984012788445503217e-02  9.73940007993605831871e+02  1.00000000000000000000e+02  6.71499223650748149339e+01  4.24876067877455134294e+04  4.08192786655812160461e+04  3.64326316256467430676e+00  4.53412037037032901454e-03  1.53031333335818004571e+02  8.21334250681341915268e-01  5.00000000000000027756e-02  2.43386666652121199661e+01  5.00000000000000027756e-02
1.16243055555555557135e+02  -1.39987210231983044695e-01  9.73930012789767943104e+02  9.99900063948840056582e+01  6.22500425714262490828e+01  4.70268815188727603527e+04  4.61196627702906043851e+04  6.01432407246147615609e+00  4.45706018518516461357e-03  1.52254666667908992395e+02  7.92667125340670963851e-01  5.00000000000000027756e-02  2.47933333326060605373e+01  1.09999808001520107958e-01
1.16250000000000000000e+02  -1.00000000000000005551e-01  9.74100000000000022737e+02  1.00000000000000000000e+02  7.02485000000000070486e+01  5.15661562500000000000e+04  5.14200468750000000000e+04  6.15690657694088550045e+00  4.38000000000000021261e-03  1.51478000000000008640e+02  7.64000000000000012434e-01  5.00000000000000027756e-02  2.52480000000000011084e+01  5.99999999999999977796e-02
1.16256944444444442865e+02  -3.99808153479745478909e-02  9.74169961630695866006e+02  1.00000000000000000000e+02  8.39813705396799861091e+01  8.01090989051614742493e+04  5.85366093617427541176e+04  5.93948155266312127765e+00  4.30664351851853775821e-03  1.53979333337334395537e+02  7.43333002661376696096e-01  5.00000000000000027756e-02  2.60946666680209737876e+01  5.00000000000000027756e-02
1.16263888888888885731e+02  2.99984012788445560116e-02  9.74230000000000018190e+02  9.99700015987211543234e+01  9.52475788094926656413e+01  1.08652041560322948499e+05  6.56531718484855082352e+04  5.45431612831443501932e+00  4.23328703703707617118e-03  1.56480666674668810856e+02  7.22666005322753490780e-01  5.06666690133289049358e-02  2.69413333360419464668e+01  5.00000000000000027756e-02
1.16270833333333328596e+02  4.10047961630573831737e-01  9.74180043165467509425e+02  9.98599952038369451657e+01  2.06800836667233227217e+02  1.37194984215484408196e+05  7.27697343352282478008e+04  2.79892236215061407378e+00  4.15993055555561371678e-03  1.58981999997712620143e+02  7.01999328021504997999e-01  5.80000102399757452853e-02  2.77880000027448694766e+01  5.00000000000000027756e-02
1.16277777777777771462e+02  5.80006394884212905794e-01  9.74299948840926276716e+02  9.94600255795368468625e+01  1.13707427619017252596e+02  1.72393307226072676713e+05  1.24045140529445474385e+05  4.37924816038302999743e+00  4.23294179894171795214e-03  1.58505333332571183291e+02  6.87999776007177876735e-01  7.93333367466440286808e-02  2.83600000009145674085e+01  5.00000000000000027756e-02
1.16284722222222228538e+02  9.40003197442106475101e-01  9.74289980815347348653e+02  9.83599616306947268640e+01  1.46220034285619249204e+02  2.07591630273927352391e+05  1.75320546970554511063e+05  5.04098035036927516472e+00  4.30955224867730392335e-03  1.58028666667428808523e+02  6.74000223992822111718e-01  1.00666663253355964658e-01  2.89319999990854341831e+01  5.00000000000000027756e-02
1.16291666666666671404e+02  9.60009592326114713501e-01  9.74220019184652301192e+02  9.73200239808152787191e+01  1.34119952380900912203e+02  2.42789953411380236503e+05  2.26595953288690448971e+05  4.01494929171031778026e+00  4.38616269841273290209e-03  1.57552000002287371672e+02  6.60000671978494990455e-01  1.21999989760024268870e-01  2.95039999972551321150e+01  8.99992320077174778881e-02
1.16298611111111114269e+02  9.69992006394222783250e-01  9.74389987210230742676e+02  9.70200031974423069414e+01  1.02040055079397149029e+02  2.94033437690920138266e+05  2.55885927192460309016e+05  3.34685317153767680765e+00  4.16891649999990340086e-03  1.52053333350924390288e+02  6.79999359989761464895e-01  1.13333336106661422549e-01  2.96193333329643664342e+01  5.00000000000000027756e-02
1.16305555555555557135e+02  1.33989128697185577721e+00  9.74360006394884067049e+02  9.69600511590720657296e+01  3.49472212380951759769e+02  3.45276921970460098237e+05  2.85175901096230139956e+05  4.84637502498714844990e+00  3.93685399999990984221e-03  1.46554666675462186731e+02  6.99999679994880663614e-01  1.04666668053330719212e-01  2.97346666664821839277e+01  1.19999744002026786927e-01
1.16312500000000000000e+02  1.81000000000000005329e+00  9.74440000000000054570e+02  9.55000000000000000000e+01  1.28953300000000012915e+02  3.96520406250000000000e+05  3.14465875000000000000e+05  5.16835147180344378626e+00  3.71372071428567726223e-03  1.41056000000000011596e+02  7.19999999999999973355e-01  9.60000000000000019984e-02  2.98500000000000014211e+01  1.19999999999999995559e-01
1.16319444444444442865e+02  2.07008313349211015009e+00  9.74450012789768038601e+02  9.45697633892916798004e+01  2.81078940952318816926e+02  4.90662228991292475257e+05  4.06210791495757584926e+05  4.77102427747912738454e+00  3.60567507936507139835e-03  1.45174000006587050393e+02  6.79999359989761464895e-01  9.33333329066674682872e-02  3.07546666681137494948e+01  1.29999168006587118018e-01
1.16326388888888885731e+02  2.90997282174035776237e+00  9.74449998401278890015e+02  9.18001039168751020725e+01  4.34210429365204106489e+02  5.84804051732584950514e+05  4.97955707991515169851e+05  6.87386401720150264083e+00  3.49762944444446510078e-03  1.49292000013174089190e+02  6.39998719979522845414e-01  9.06666658133349484538e-02  3.16593333362274975684e+01  1.19999792000316643503e-01
1.16333333333333328596e+02  2.81005275779363117294e+00  9.74500004796163011633e+02  8.92898800959235785513e+01  4.88269912380228618076e+02  6.78945874473877367564e+05  5.89700624487272696570e+05  3.30888522057254608200e+00  3.38699761904769254539e-03  1.53409999984612085200e+02  5.99998880035841675173e-01  8.79999987200030253653e-02  3.25640000009789361002e+01  5.00000000000000027756e-02
1.16340277777777771462e+02  3.66992965627365741454e+00  9.74490035171863155483e+02  8.74000671462842433357e+01  3.38332715557053461453e+02  7.34161333230436313897e+05  5.84579145842877449468e+05  2.36899170077672849288e+00  3.22507301587313241140e-03  1.50203333328206213082e+02  5.76666293345296510076e-01  8.53333329066694873388e-02  3.27680000003261753250e+01  5.00000000000000027756e-02
1.16347222222222228538e+02  3.62999680255789325400e+00  9.74649993605115810169e+02  8.61599904076736748948e+01  3.16738500952406695887e+02  7.89376791769563686103e+05  5.79457666657122550532e+05  6.66737343504114399195e+00  3.06314841269824094522e-03  1.46996666671793775549e+02  5.53333706654703494365e-01  8.26666670933305092195e-02  3.29719999996738266645e+01  6.99999360005067045032e-02
1.16354166666666671404e+02  3.86991366906496736533e+00  9.74580033573141463421e+02  8.38002110311745269655e+01  2.06612046666571643527e+02  8.44592250859261606820e+05  5.74336188324662274681e+05  6.66891002368984153748e+00  2.90523238095238486856e-03  1.43790000015387903431e+02  5.30001119964158329267e-01  8.00000012799969711930e-02  3.31759999990210658893e+01  7.00001439985529771981e-02
1.16361111111111114269e+02  3.78000159872115526483e+00  9.74799977617903778082e+02  8.53399856115096042686e+01  2.52585245873318569920e+02  9.98344333906174404547e+05  7.21897229716441477649e+05  3.67879337976450493386e+00  2.91033158730159011510e-03  1.44785999996813643520e+02  5.08667349344254504651e-01  7.93333335466662598057e-02  3.42573333298739868269e+01  5.00000000000000027756e-02
1.16368055555555557135e+02  4.26996802557995724925e+00  9.74899878497203872030e+02  8.23103005595483949719e+01  2.98615785396549085817e+02  1.15209641695308731869e+06  8.69458271108220797032e+05  7.64546241999704356829e+00  2.91543079365079492796e-03  1.45781999998406803343e+02  4.87333674672127237226e-01  7.86666667733331298473e-02  3.53386666649369942661e+01  5.00000000000000027756e-02
1.16375000000000000000e+02  4.15000000000000035527e+00  9.74789999999999963620e+02  8.15400000000000062528e+01  2.27752399999999994407e+02  1.30584850000000000000e+06  1.01701931250000000000e+06  5.41272063901502775707e+00  2.92053000000000017450e-03  1.46777999999999991587e+02  4.66000000000000025313e-01  7.79999999999999998890e-02  3.64200000000000017053e+01  5.00000000000000027756e-02
1.16381944444444442865e+02  4.37008313349210997245e+00  9.74810051159072031624e+02  8.06786123101701662108e+01  4.83021129206457885630e+02  1.26817358340351679362e+06  1.05469170826315437444e+06  2.98896182867176740672e+00  2.76331769841274034472e-03  1.46301999999238603323e+02  4.23999327989249552573e-01  6.73333316266698927999e-02  3.68220000006430296935e+01  1.59998656010640699643e-01
1.16388888888888885731e+02  4.52997761790382380553e+00  9.74880019184653860975e+02  7.78200607514039006674e+01  6.42212702539221936604e+02  1.23049866680703382008e+06  1.09236410402630898170e+06  6.28383353508299524748e+00  2.60610539682548008125e-03  1.45825999998477186637e+02  3.81998655978499079833e-01  5.66666632533397787719e-02  3.72240000012860576817e+01  1.79999920000121771402e-01
1.16395833333333328596e+02  5.34005755395668835206e+00  9.75119894484412725433e+02  7.48393093525197343752e+01  5.51037945239631199001e+02  1.19282375021055061370e+06  1.13003649978946335614e+06  2.15900216276229794943e+00  2.44889309523822025147e-03  1.45349999989628344110e+02  3.40000735976446921693e-01  5.00000000000000027756e-02  3.76260000022138072495e+01  5.00000000000000027756e-02
1.16402777777777771462e+02  4.96001278976842563395e+00  9.74980035171863164578e+02  7.48997921662630830042e+01  2.59959830476562558488e+02  1.21124720829900028184e+06  1.08410437508559692651e+06  2.00035139325657507214e+00  2.35816111111120541716e-03  1.43188666663210938168e+02  3.55333578658805215866e-01  5.60000015999893852037e-02  3.80873333340709550043e+01  5.00000000000000027756e-02
1.16409722222222228538e+02  4.66997761790525434122e+00  9.74950051159073723284e+02  7.59400991207052982190e+01  1.86842098095105114908e+02  1.22967066670099971816e+06  1.03817224991440295707e+06  3.71092767030790060545e+00  2.26906388888882494179e-03  1.41027333336789070017e+02  3.70666421341194873840e-01  6.59999984000106121318e-02  3.85486666659290406756e+01  5.00000000000000027756e-02
1.16416666666666671404e+02  4.40000479616305817387e+00  9.75289923261391095366e+02  7.80999520383694232351e+01  2.45550730952642197735e+02  1.24809412484021135606e+06  9.92240124963096692227e+05  3.38049860058433937482e+00  2.17996666666662617870e-03  1.38866000010371664075e+02  3.85999264023553112501e-01  7.59999952000113693229e-02  3.90099999977861884304e+01  6.00001919980706274749e-02
1.16423611111111114269e+02  4.44000799360577769193e+00  9.75190014388490453712e+02  7.90898944844037430357e+01  3.40306085397436788753e+02  1.21950233322680764832e+06  9.85636833308731205761e+05  5.60379608310561572182e+00  1.96323722222217994862e-03  1.37929333336329875692e+02  3.24001984031739520553e-01  6.93333354666626350271e-02  3.99713333302578845974e+01  5.00000000000000027756e-02
1.16430555555555557135e+02  5.16992965627590628230e+00  9.75230102318144190576e+02  7.52602238209402969460e+01  5.23915873333030049253e+02  1.19091054161340370774e+06  9.79033541654365602881e+05  3.38819522482521584550e+00  1.74007253968255651624e-03  1.36992666668164957855e+02  2.62000992015869738072e-01  6.26666677333313215659e-02  4.09326666651289414744e+01  5.00000000000000027756e-02
1.16437500000000000000e+02  4.78000000000000024869e+00  9.75340000000000031832e+02  7.61200000000000045475e+01  4.31871399999999994179e+02  1.16231875000000000000e+06  9.72430250000000000000e+05  2.00802337600351332725e+00  1.51690785714293308387e-03  1.36056000000000011596e+02  2.00000000000000011102e-01  5.60000000000000011657e-02  4.18939999999999983515e+01  5.00000000000000027756e-02
1.16444444444444442865e+02  4.80002557953603403718e+00  9.75509923261391918459e+02  7.67298273381317699204e+01  2.90449222857147219656e+02  1.06442043768237205222e+06  9.22923687592224450782e+05  5.28504357736155405689e+00  1.33700933333340157665e-03  1.36439333333946507310e+02  1.74666261326848926139e-01  5.00000000000000027756e-02  4.22280000005342586178e+01  5.00000000000000027756e-02
1.16451388888888885731e+02  4.57000159872115574444e+00  9.75540012789769207302e+02  7.83100399680288887794e+01  3.53283293650797190821e+02  9.66522125364744104445e+05  8.73417125184448785149e+05  4.95409221121443987812e+00  1.16046766666673992034e-03  1.36822666667893003023e+02  1.49332522653697841175e-01  5.00000000000000027756e-02  4.25620000010685117786e+01  5.00000000000000027756e-02
1.16458333333333328596e+02  4.41999040767388517992e+00  9.75690043165467614017e+02  7.93000767386089222555e+01  3.63795297142542722213e+02  8.68623813047116156667e+05  8.23910562776673235931e+05  2.55234994517037128148e+00  9.91924920634925212995e-04  1.37206000013398011106e+02  1.24000895971326657863e-01  5.00000000000000027756e-02  4.28959999998144496658e+01  5.00000000000000027756e-02
1.16465277777777771462e+02  4.34004156674738439392e+00  9.75690047961631648832e+02  8.10599008792947017810e+01  4.35950965078403612551e+02  8.65880166671779588796e+05  8.60181749932406703010e+05  2.98784734899471215996e+00  9.82027433862441099383e-04  1.39998000004464103085e+02  1.42666965323762828799e-01  5.00000000000000027756e-02  4.28573333332715122879e+01  5.00000000000000027756e-02
1.16472222222222228538e+02  4.11997761790525451886e+00  9.76079948840926363118e+02  8.37800607514000290621e+01  3.43754228571274211390e+02  8.63136520828220411204e+05  8.96452937567593296990e+05  2.00000000000000000000e+00  9.72129947089936602769e-04  1.42789999995535879407e+02  1.61333034676237163652e-01  5.00000000000000027756e-02  4.28186666667284896448e+01  5.00000000000000027756e-02
1.16479166666666671404e+02  3.95999040767388521544e+00  9.76010067146282835893e+02  8.63797841726624113790e+01  3.05292602381220717689e+02  8.60392874302427633666e+05  9.32724124204593128525e+05  2.00000000000000000000e+00  9.64394682539746329712e-04  1.45581999986601971386e+02  1.79999104028673334588e-01  5.00000000000000027756e-02  4.27800000001855522669e+01  8.99992800072351439855e-02
1.16486111111111114269e+02  4.25003197442310920451e+00  9.76090015987211586435e+02  8.53098657074229436148e+01  8.65050048095577267304e+02  7.35572676618285127915e+05  7.90397895303062046878e+05  2.00000000000000000000e+00  1.04458978835983082312e-03  1.44924000002105032081e+02  1.87333098662912533872e-01  5.00000000000000027756e-02  4.18473333363170709731e+01  5.00000000000000027756e-02
1.16493055555555557135e+02  4.38005115907206743486e+00  9.76279968025579933055e+02  8.26300511590720674349e+01  2.41377186666598873899e+02  6.10752478934142505750e+05  6.48071666401531081647e+05  2.00000000000000000000e+00  1.12478489417991542494e-03  1.44266000001052532298e+02  1.94666549331456273375e-01  5.00000000000000027756e-02  4.09146666681585386982e+01  5.00000000000000027756e-02
1.16500000000000000000e+02  2.89999999999999991118e+00  9.76340000000000031832e+02  8.87399999999999948841e+01  1.34394900000000006912e+02  4.85932281250000000000e+05  5.05745437500000000000e+05  2.00000000000000000000e+00  1.20498000000000002677e-03  1.43608000000000004093e+02  2.02000000000000012879e-01  5.80000000000000029421e-02  3.99819999999999993179e+01  5.00000000000000027756e-02
1.16506944444444442865e+02  2.79001278976801714293e+00  9.76459948840927950187e+02  9.13001406874481773457e+01  1.44278447619050751882e+02  5.63129208189525292255e+05  5.85289958185152034275e+05  2.00000000000000000000e+00  1.30500976190473525276e-03  1.41491333329947565289e+02  2.16666901337087464130e-01  5.00000000000000027756e-02  4.01126666668756755030e+01  5.00000000000000027756e-02
1.16513888888888885731e+02  3.08000000000000007105e+00  9.76609990407673080881e+02  9.35599488409230275465e+01  3.09919164602928844943e+02  6.40326135129050584510e+05  6.64834478870304068550e+05  2.00000000000000000000e+00  1.40503952380947069560e-03  1.39374666659895154908e+02  2.31333802674174943137e-01  5.00000000000000027756e-02  4.02433333337513587935e+01  1.29999792000316638507e-01
1.16520833333333328596e+02  3.96003836930445896058e+00  9.76739942446043301061e+02  9.38697649880101891995e+01  3.52524078095481343098e+02  7.17523062068575876765e+05  7.44378999555456102826e+05  2.00000000000000000000e+00  1.50506928571420613844e-03  1.37257999993531342398e+02  2.45999776007168324821e-01  5.00000000000000027756e-02  4.03740000039157607148e+01  5.00000000000000027756e-02
1.16527777777777771462e+02  4.00000000000000000000e+00  9.76899958433252550094e+02  9.32101087130316159346e+01  9.76057737138770562524e+01  8.02121874842345481738e+05  7.87649666586029459722e+05  2.00000000000000000000e+00  1.33948116402134663992e-03  1.35909999997844693098e+02  2.41333258669059302903e-01  5.00000000000000027756e-02  4.11900000013046962977e+01  5.00000000000000027756e-02
1.16534722222222228538e+02  3.52999680255789316519e+00  9.76870000000000004547e+02  8.62501790567579575963e+01  1.28676404761940716526e+02  8.86720687657654518262e+05  8.30920333413970540278e+05  2.00000000000000000000e+00  1.16736145502633107372e-03  1.34562000002155315315e+02  2.36666741330940705312e-01  5.00000000000000027756e-02  4.20059999986953087614e+01  5.00000000000000027756e-02
1.16541666666666671404e+02  3.56999520383694246561e+00  9.76790033573141386114e+02  8.26107386091108395476e+01  2.09337124285871084339e+02  9.71319500390970148146e+05  8.74191000163770397194e+05  2.00000000000000000000e+00  9.95241746031667656389e-04  1.33214000006468666015e+02  2.32000223992831683395e-01  5.00000000000000027756e-02  4.28219999960842443443e+01  5.00000000000000027756e-02
1.16548611111111114269e+02  4.11001119104808854132e+00  9.76849995203836556357e+02  8.05008511319021096142e+01  2.81514506031817290932e+02  1.04127779192731343210e+06  9.03495270942513598129e+05  3.33219531286242354184e+00  1.08259319444448608681e-03  1.33309999999692877282e+02  2.19333738673151090737e-01  5.00000000000000027756e-02  4.26586666671891947544e+01  5.00000000000000027756e-02
1.16555555555555557135e+02  4.71995523581194031948e+00  9.76900095923260096242e+02  7.86310551558613894940e+01  3.37542151745977832888e+02  1.11123608346365671605e+06  9.32799541721256799065e+05  2.00000000000000000000e+00  1.18302722222226089875e-03  1.33405999999846443416e+02  2.06666869336575548255e-01  5.00000000000000027756e-02  4.24953333335946012994e+01  5.00000000000000027756e-02
1.16562500000000000000e+02  4.75000000000000000000e+00  9.77029999999999972715e+02  7.42099999999999937472e+01  2.55099999999999994316e+02  1.18119437500000000000e+06  9.62103812500000000000e+05  2.00000000000000000000e+00  1.28441880952384819038e-03  1.33502000000000009550e+02  1.94000000000000005773e-01  5.00000000000000027756e-02  4.23320000000000007390e+01  1.00000000000000005551e-01
1.16569444444444442865e+02  5.01001278976801689424e+00  9.76989923261391936649e+02  7.27704412469965831178e+01  3.26602157142805367585e+02  1.24655204154491377994e+06  1.02825795821009657811e+06  2.00000000000000000000e+00  1.39815227513228365445e-03  1.34387333334749484948e+02  1.43999199987201814688e-01  5.00000000000000027756e-02  4.20806666662646406962e+01  5.00000000000000027756e-02
1.16576388888888885731e+02  5.79998401278844522011e+00  9.76929990407673017216e+02  7.11699184652210732338e+01  3.69867598889112286997e+02  1.31190970808982732706e+06  1.09441210392019315623e+06  2.00000000000000000000e+00  1.51188574074071933537e-03  1.35272666669498960346e+02  9.39983999744036236024e-02  5.00000000000000027756e-02  4.18293333325292806535e+01  5.00000000000000027756e-02
1.16583333333333328596e+02  6.11991846522802429575e+00  9.76999952038369428919e+02  6.90395491606726068312e+01  4.93193209999792827603e+02  1.37726737463474087417e+06  1.16056624963028985076e+06  2.00000000000000000000e+00  1.62636571428565563854e-03  1.36158000001308437277e+02  4.40033598924749538850e-02  5.00000000000000027756e-02  4.15779999975270584400e+01  5.00000000000000027756e-02
1.16590277777777771462e+02  6.31999040767368125415e+00  9.76940009592326418897e+02  6.75298561151052041396e+01  2.99983975555804590840e+02  1.16728791705797496252e+06  9.50168354558754712343e+05  2.38276130757385473657e+00  1.75565142857133553791e-03  1.36430666667102627798e+02  1.14001119964110567140e-01  5.00000000000000027756e-02  4.10626666658427055268e+01  1.39999584003293570111e-01
1.16597222222222228538e+02  6.49003836930527810978e+00  9.77019977617905283296e+02  6.73195203836840221356e+01  2.47486893650724141480e+02  9.57308457942025153898e+05  7.39770457941245287657e+05  2.00000000000000000000e+00  1.88493714285727998262e-03  1.36703333332897358332e+02  1.83998880035889433859e-01  5.00000000000000027756e-02  4.05473333341572939048e+01  8.99998080015201040727e-02
1.16604166666666671404e+02  6.61001918465222981780e+00  9.77010004796163002538e+02  6.64800239808152895193e+01  1.91677727142953500561e+02  7.47328999770305701531e+05  5.29372562539824633859e+05  2.00000000000000000000e+00  2.01209261904765129500e-03  1.36975999998691548853e+02  2.53996640107525040175e-01  5.00000000000000027756e-02  4.00320000024729409915e+01  7.99999520004823494457e-02
1.16611111111111114269e+02  6.70000159872115563786e+00  9.76900028776980775547e+02  6.57400095923269276454e+01  2.35607588412445608128e+02  7.06228624846870428883e+05  5.36498583359883050434e+05  2.00000000000000000000e+00  2.05261841269843399796e-03  1.34494666674604815171e+02  2.87332266649602430242e-01  5.00000000000000027756e-02  3.99800000001663491389e+01  5.00000000000000027756e-02
1.16618055555555557135e+02  6.54998081534797460534e+00  9.77110044764188046429e+02  6.90799040767398651042e+01  1.96014580634900084988e+02  6.65128249923435272649e+05  5.43624604179941583425e+05  2.00000000000000000000e+00  2.09314420634921713460e-03  1.32013333337302412929e+02  3.20666133324801205795e-01  5.00000000000000027756e-02  3.99280000000831734042e+01  5.00000000000000027756e-02
1.16625000000000000000e+02  6.40000000000000035527e+00  9.77120000000000004547e+02  6.95300000000000011369e+01  1.55999799999999993361e+02  6.24027875000000000000e+05  5.50750625000000000000e+05  2.00000000000000000000e+00  2.13366999999999983756e-03  1.29532000000000010687e+02  3.53999999999999981348e-01  5.00000000000000027756e-02  3.98759999999999976694e+01  5.00000000000000027756e-02
1.16631944444444442865e+02  6.12007034372409375322e+00  9.77239955235811976308e+02  6.80003517186204646805e+01  2.01494946666659274115e+02  5.99857291711693396792e+05  5.57524395820714649744e+05  2.00000000000000000000e+00  2.12228441798942074267e-03  1.33083333339013961449e+02  2.95332394651650120831e-01  5.00000000000000027756e-02  3.95319999994497450757e+01  1.39999936000506725042e-01
1.16638888888888885731e+02  6.18999360511537854990e+00  9.77319992006394272721e+02  7.28798864907979577765e+01  2.21458979365004381634e+02  5.75686708423386793584e+05  5.64298166641429299489e+05  2.00000000000000000000e+00  2.11089883597884208147e-03  1.36634666678027912212e+02  2.36664789303300260315e-01  5.00000000000000027756e-02  3.91879999988994924820e+01  5.00000000000000027756e-02
1.16645833333333328596e+02  6.18003836930445871189e+00  9.77439956834532495122e+02  7.19402350119898130743e+01  3.23535363809497255261e+02  5.51516125135080190375e+05  5.71071937462143949233e+05  2.00000000000000000000e+00  2.09951325396826298658e-03  1.40185999991400706222e+02  1.78000671978494978687e-01  6.79999907200219827486e-02  3.88440000033559087456e+01  5.00000000000000027756e-02
1.16652777777777771462e+02  6.54000639488421331436e+00  9.77579939248599998791e+02  7.18601119104737193766e+01  2.39838061587415126041e+02  5.21391739639471750706e+05  5.20360854261169559322e+05  2.00000000000000000000e+00  2.11358629629628067687e-03  1.38393999997134784508e+02  1.92000223992822099950e-01  5.00000000000000027756e-02  3.95433333344514892360e+01  5.00000000000000027756e-02
1.16659722222222228538e+02  6.54003197442106465331e+00  9.77520054356515743166e+02  7.30398880895262863078e+01  2.24324944444465046445e+02  4.91267354110528249294e+05  4.69649770738830440678e+05  2.00000000000000000000e+00  2.12828537037038122495e-03  1.36602000002865224815e+02  2.05999776007177892723e-01  5.00000000000000027756e-02  4.02426666655485121282e+01  7.00000000000000066613e-02
1.16666666666666671404e+02  6.80999040767388486017e+00  9.77510033573141413399e+02  6.96700767386089268030e+01  2.37049730952399016815e+02  4.61142968722808349412e+05  4.18938687354518508073e+05  2.00000000000000000000e+00  2.14298444444445141538e-03  1.34810000008599303101e+02  2.19999328021505013986e-01  5.00000000000000027756e-02  4.09419999966440926187e+01  1.59999088009164514013e-01
1.16673611111111114269e+02  7.20999840127884450425e+00  9.77630009592326928214e+02  6.35222510198990093500e+01  2.39493307936467857644e+02  4.56277427065205585677e+05  3.92906937403012358118e+05  2.00000000000000000000e+00  1.93050999999995779796e-03  1.33491333337551935756e+02  2.05000480007678897998e-01  5.00000000000000027756e-02  4.23879999953740309593e+01  5.00000479999269317744e-02
1.16680555555555557135e+02  7.40000000000000035527e+00  9.77590102318144204219e+02  5.33411382893535161998e+01  2.05198059999991130553e+02  4.51411885407602763735e+05  3.66875187451506149955e+05  2.00000000000000000000e+00  1.70658142857144567647e-03  1.32172666668775974586e+02  1.90000240003839443448e-01  5.00000000000000027756e-02  4.38339999976870160481e+01  5.00000000000000027756e-02
1.16687500000000000000e+02  7.46999999999999975131e+00  9.77730000000000018190e+02  5.07100000000000008527e+01  1.70815899999999999181e+02  4.46546343750000000000e+05  3.40843437500000000000e+05  2.00000000000000000000e+00  1.48265285714293355498e-03  1.30854000000000013415e+02  1.74999999999999988898e-01  5.00000000000000027756e-02  4.52800000000000011369e+01  1.60000000000000003331e-01
1.16694444444444442865e+02  7.33000000000000007105e+00  9.77919936051159879753e+02  4.57802174260562892982e+01  1.47204896825400766147e+02  4.11938364647803595290e+05  3.39651822918886493426e+05  2.00000000000000000000e+00  1.44633955555556383693e-03  1.31572000001148495585e+02  1.41999471991553188888e-01  5.00000000000000027756e-02  4.50553333329739658097e+01  7.99995520035469004361e-02
1.16701388888888885731e+02  7.22000479616346613199e+00  9.77889993605115364517e+02  4.74898944844037416146e+01  1.28141238253978059447e+02  3.77330385545607190579e+05  3.38460208337772986852e+05  2.00000000000000000000e+00  1.42458261111112001636e-03  1.32290000002297006176e+02  1.08998943983106388878e-01  5.00000000000000027756e-02  4.48306666659479233772e+01  5.00000000000000027756e-02
1.16708333333333328596e+02  7.08999040767388510886e+00  9.77930052757793532692e+02  4.63601294964025498757e+01  1.30134717619043556169e+02  3.42722406443410785869e+05  3.37268593756659480277e+05  2.00000000000000000000e+00  1.40333047619048130288e-03  1.33008000009207165704e+02  7.60010879651823595404e-02  5.00000000000000027756e-02  4.46059999992386053691e+01  9.99997600024117166972e-02
1.16715277777777771462e+02  7.08998721023157418841e+00  9.77960038369305266315e+02  4.69200831334947707774e+01  1.28264950158709524430e+02  3.42961687499554071110e+05  3.54913927050450292882e+05  2.00000000000000000000e+00  1.39209039682540490837e-03  1.34926666669734430570e+02  9.86670293217119936946e-02  5.00000000000000027756e-02  4.44473333330796478435e+01  5.00000000000000027756e-02
1.16722222222222228538e+02  7.11000319744210695916e+00  9.78080009592326405254e+02  4.78597953637051816145e+01  1.38920999365103313039e+02  3.43200968750445928890e+05  3.72559260449549707118e+05  2.00000000000000000000e+00  1.38085031746030552878e-03  1.36845333330265589211e+02  1.21332970678287993538e-01  5.00000000000000027756e-02  4.42886666669203563629e+01  1.39999584003293570111e-01
1.16729166666666671404e+02  7.13999520383694186165e+00  9.78099942446043314703e+02  4.64702877697834395576e+01  1.46330416666667389336e+02  3.43440250051489798352e+05  3.90204593724975828081e+05  2.00000000000000000000e+00  1.36998460317460670453e-03  1.38763999990792854078e+02  1.43998912034817627692e-01  5.00000000000000027756e-02  4.41300000007613988373e+01  9.99997600024117305750e-02
1.16736111111111114269e+02  7.17000319744231084940e+00  9.78080012789769284609e+02  4.76400319744231097729e+01  1.52230925079354449281e+02  3.52653583367659884971e+05  3.85726885399983846582e+05  2.44005040335260137141e+00  1.37434306878307112808e-03  1.36693333339957717953e+02  1.63332714656769406592e-01  5.00000000000000027756e-02  4.44753333322285584472e+01  5.00000000000000027756e-02
1.16743055555555557135e+02  7.28996802557995771110e+00  9.78139872102319827718e+02  4.74601470823321989201e+01  1.54196112380957742971e+02  3.61866916683829913381e+05  3.81249177074991923291e+05  2.00000000000000000000e+00  1.37870153439153555162e-03  1.34622666669978855225e+02  1.82666357328384709735e-01  5.00000000000000027756e-02  4.48206666661142776320e+01  6.00000639994932999377e-02
1.16750000000000000000e+02  7.45999999999999996447e+00  9.77970000000000027285e+02  4.82500000000000000000e+01  2.11778500000000008185e+02  3.71080250000000000000e+05  3.76771468750000000000e+05  2.00000000000000000000e+00  1.38305999999999997517e-03  1.32551999999999992497e+02  2.02000000000000012879e-01  5.00000000000000027756e-02  4.51659999999999968168e+01  5.00000000000000027756e-02
1.16756944444444442865e+02  7.58000639488400818067e+00  9.78199897681855873088e+02  4.67504220623445618799e+01  2.67300500317561045449e+02  3.82762552061570691876e+05  3.59518010448807675857e+05  2.00000000000000000000e+00  1.40390656084655529937e-03  1.31501333331652716652e+02  1.80666325327872800965e-01  5.00000000000000027756e-02  4.50893333332106962530e+01  5.00000000000000027756e-02
1.16763888888888885731e+02  7.53000959232693301004e+00  9.78149979216624956280e+02  4.69498880895191206264e+01  1.47326100317415978225e+02  3.94444854123141383752e+05  3.42264552147615351714e+05  2.00000000000000000000e+00  1.42475312169311062356e-03  1.30450666663305440807e+02  1.59332650655745561297e-01  5.00000000000000027756e-02  4.50126666664213956892e+01  1.29999824000267938384e-01
1.16770833333333328596e+02  7.53999040767388528650e+00  9.78180076738608818232e+02  4.76599424460433098716e+01  2.34198866666718885199e+02  4.06127156184712075628e+05  3.25011093846422969364e+05  2.00000000000000000000e+00  1.44559968253966594776e-03  1.29400000010669174344e+02  1.37999808006144308870e-01  5.00000000000000027756e-02  4.49359999997824601792e+01  5.00000000000000027756e-02
1.16777777777777771462e+02  6.92000639488421320777e+00  9.78439936051157928887e+02  4.88899776179052523162e+01  1.87028922221592893038e+02  3.52468552183329069521e+05  3.08031135448309767526e+05  2.00000000000000000000e+00  1.47783613756610320705e-03  1.31623333336888208578e+02  1.33999936002050845651e-01  5.00000000000000027756e-02  4.48906666665941855854e+01  6.99995200038002890475e-02
1.16784722222222228538e+02  6.69997761790525458991e+00  9.78499980815347385033e+02  4.85800319744210611361e+01  1.07346408571360939277e+02  2.98809947816670930479e+05  2.91051177051690232474e+05  2.00000000000000000000e+00  1.51035267195769539426e-03  1.33846666663111790285e+02  1.30000063997949166783e-01  5.00000000000000027756e-02  4.48453333334058115156e+01  5.00000000000000027756e-02
1.16791666666666671404e+02  6.44999520383694235903e+00  9.78470019184652301192e+02  5.07898225419668776226e+01  1.11338561904592324936e+02  2.45151343748917133780e+05  2.74071218676193850115e+05  2.00000000000000000000e+00  1.54286920634922122830e-03  1.36069999989330824519e+02  1.26000191993855703565e-01  5.00000000000000027756e-02  4.48000000002175369218e+01  5.00000000000000027756e-02
1.16798611111111114269e+02  6.04999360511537798146e+00  9.78619996802557693627e+02  5.19700015987211543234e+01  7.53824461430042589427e+01  2.44957583332611422520e+05  2.60864703075795900077e+05  2.00000000000000000000e+00  1.56514261111112009360e-03  1.36137999999782465466e+02  1.40666197325825081954e-01  5.00000000000000027756e-02  4.44593333344231709248e+01  5.00000000000000027756e-02
1.16805555555555557135e+02  5.91000000000000014211e+00  9.78760019184652037438e+02  5.23501854516362499226e+01  6.46580387301644776699e+01  2.44763822916305711260e+05  2.47658187475397950038e+05  2.00000000000000000000e+00  1.58689955555556391417e-03  1.36205999999891218977e+02  1.55333098662912533205e-01  5.00000000000000027756e-02  4.41186666672115848087e+01  5.00000000000000027756e-02
1.16812500000000000000e+02  5.59999999999999964473e+00  9.78870000000000004547e+02  5.33900000000000005684e+01  3.03011599999999994282e+01  2.44570062500000000000e+05  2.34451671875000000000e+05  2.00000000000000000000e+00  1.62997357142867982036e-03  1.36274000000000000909e+02  1.70000000000000012212e-01  5.00000000000000027756e-02  4.37779999999999986926e+01  5.00000000000000027756e-02
1.16819444444444442865e+02  5.24996163069594867778e+00  9.79040044764187996407e+02  5.42802749800123649493e+01  1.98636365714295664020e+01  2.25263666702632035594e+05  2.08449651090105122421e+05  2.00000000000000000000e+00  1.94780095238097656490e-03  1.38302666669911673125e+02  2.00000480007678921313e-01  5.00000000000000027756e-02  4.36953333332010984691e+01  5.00000000000000027756e-02
1.16826388888888885731e+02  4.99000319744231113361e+00  9.79209982414067326317e+02  5.51500239808173304823e+01  1.46669936190504550666e+01  2.05957270905264042085e+05  1.82447630305210244842e+05  2.00000000000000000000e+00  2.26562833333327330945e-03  1.40331333339823345341e+02  2.30000960015357830413e-01  5.00000000000000027756e-02  4.36126666664022053510e+01  5.00000000000000027756e-02
1.16833333333333328596e+02  4.72000959232611450034e+00  9.79310023980815230971e+02  5.65200863309350367558e+01  8.70024054286440318151e+00  1.86650875107896048576e+05  1.56445609520315367263e+05  2.00000000000000000000e+00  2.57033523809521800146e-03  1.42360000020836054091e+02  2.59999968001024039932e-01  5.00000000000000027756e-02  4.35299999987075452168e+01  5.00000000000000027756e-02
1.16840277777777771462e+02  4.52000959232631860374e+00  9.79360025579536909390e+02  5.82600319744210608519e+01  5.74101671428319093593e+00  1.78912661472753912676e+05  1.62623088530154607724e+05  2.00000000000000000000e+00  2.61481936507933308139e-03  1.46702000006942398613e+02  2.59333322667008481233e-01  5.00000000000000027756e-02  4.32606666662360339615e+01  5.00000000000000027756e-02
1.16847222222222228538e+02  4.28999040767368100546e+00  9.79569990407673685695e+02  5.91801438848947896076e+01  1.95510536190508754650e+00  1.71174447902246087324e+05  1.68800567719845392276e+05  2.00000000000000000000e+00  2.65930349206353923430e-03  1.51043999993057610709e+02  2.58666677332991534755e-01  5.00000000000000027756e-02  4.29913333337639684828e+01  9.99998400012667570946e-02
1.16854166666666671404e+02  4.03001438848917281632e+00  9.79639985611510837771e+02  6.02898129496407619854e+01  -3.50793323813346824558e-01  1.63436234334239794407e+05  1.74978046710322727449e+05  2.00000000000000000000e+00  2.71245079365111654499e-03  1.55385999979163955231e+02  2.58000031998975976055e-01  5.00000000000000027756e-02  4.27220000012924572275e+01  5.00000000000000027756e-02
1.16861111111111114269e+02  3.76999680255768909731e+00  9.79739998401278853635e+02  6.04699856115095997211e+01  -2.19749548888978418759e+00  1.56142802056159853237e+05  1.45511499890215171035e+05  2.00000000000000000000e+00  3.11790052910074395875e-03  1.49327333352715896808e+02  2.50000256004095422480e-01  5.00000000000000027756e-02  4.28213333330155521139e+01  5.00000000000000027756e-02
1.16868055555555557135e+02  3.64996163069594903305e+00  9.79720070343724160011e+02  6.13802238209403014935e+01  -2.88807386349230466038e+00  1.48849369778079941170e+05  1.16044953070107570966e+05  2.00000000000000000000e+00  3.52335026455037180620e-03  1.43268666676357952383e+02  2.42000128002047731890e-01  5.00000000000000027756e-02  4.29206666665077776202e+01  5.00000000000000027756e-02
1.16875000000000000000e+02  3.49000000000000021316e+00  9.79730000000000018190e+02  6.23599999999999994316e+01  -3.11344200000000004280e+00  1.41555937500000000000e+05  8.65784062500000000000e+04  2.00000000000000000000e+00  3.92879999999999965365e-03  1.37210000000000007958e+02  2.34000000000000013545e-01  5.00000000000000027756e-02  4.30200000000000031264e+01  1.10000000000000000555e-01
1.16881944444444442865e+02  3.19997442046396640691e+00  9.79909916866507842315e+02  6.37699616306959526923e+01  -3.16983944761875946483e+00  1.45817755200394109124e+05  9.96780728922636626521e+04  2.00000000000000000000e+00  3.43485158730171815863e-03  1.40686000005560117643e+02  2.32666645332992055861e-01  5.00000000000000027756e-02  4.31033333334666366454e+01  5.00000000000000027756e-02
1.16888888888888885731e+02  3.07000479616346622080e+00  9.79860022382096190086e+02  6.47199392485960913746e+01  -3.07500573174658109465e+00  1.50079572900788218249e+05  1.12777739534527310752e+05  2.00000000000000000000e+00  2.94090317460343666361e-03  1.44162000011120255749e+02  2.31333290665984098178e-01  5.00000000000000027756e-02  4.31866666669332630590e+01  9.99998880001705114928e-02
1.16895833333333328596e+02  2.86997122302165585950e+00  9.79999918465228006426e+02  6.53100671462828046288e+01  -2.98485392380993452832e+00  1.54341390601182327373e+05  1.25877406176790973404e+05  2.00000000000000000000e+00  2.44695476190515473491e-03  1.47637999993505729890e+02  2.30001983936509030171e-01  5.00000000000000027756e-02  4.32699999998080571117e+01  5.00000000000000027756e-02
1.16902777777777771462e+02  2.66001598721053245100e+00  9.79969974420463131537e+02  6.55200575539579119777e+01  -3.02779102539662181570e+00  1.41625101586197502911e+05  1.11827333359516414930e+05  2.00000000000000000000e+00  2.52271084656075124386e-03  1.46284666664502850608e+02  2.71333994645474807506e-01  5.00000000000000027756e-02  4.32299999999360480274e+01  1.09999616003040215362e-01
1.16909722222222228538e+02  2.62999999999999989342e+00  9.80019974420463086062e+02  6.57999648281368223479e+01  -3.10070772063557154041e+00  1.28908812476302497089e+05  9.77772603904835850699e+04  2.41833220349998656573e+00  2.61247605820112260150e-03  1.44931333335497157577e+02  3.12666005354525156079e-01  5.00000000000000027756e-02  4.31900000000639536779e+01  5.00000000000000027756e-02
1.16916666666666671404e+02  2.51999520383694264325e+00  9.80179932853717104990e+02  6.61200095923261130793e+01  -2.86076088571456832454e+00  1.16192523373233227176e+05  8.37271874947930773487e+04  2.00000000000000000000e+00  2.70224126984131051213e-03  1.43578000006494278296e+02  3.53998016063490961169e-01  5.00000000000000027756e-02  4.31500000001919445936e+01  5.00000000000000027756e-02
1.16923611111111114269e+02  2.44998721023075649583e+00  9.80169985611509559931e+02  6.56500239808173375877e+01  -2.61288157936684939386e+00  1.04692940061322151450e+05  8.27954869756953848992e+04  2.00000000000000000000e+00  2.71381592592592714094e-03  1.40367333343604741458e+02  2.96001856029691756689e-01  5.00000000000000027756e-02  4.30453333336681751575e+01  5.00000000000000027756e-02
1.16930555555555557135e+02  2.31001278976801716070e+00  9.80060044764187978217e+02  6.60299680255799614770e+01  -2.66196449206343421778e+00  9.31933567494110757252e+04  8.18637864565976924496e+04  2.00000000000000000000e+00  2.72144820105820047992e-03  1.37156666671802355495e+02  2.38000928014845875014e-01  5.00000000000000027756e-02  4.29406666668340903925e+01  9.99998720010134012348e-02
1.16937500000000000000e+02  2.25000000000000000000e+00  9.80059999999999945430e+02  6.66500000000000056843e+01  -3.00428100000000020131e+00  8.16937734375000000000e+04  8.09320859375000000000e+04  2.03762337225899115012e+00  2.72908047619047338522e-03  1.33945999999999997954e+02  1.79999999999999993339e-01  5.00000000000000027756e-02  4.28359999999999985221e+01  5.00000000000000027756e-02
1.16944444444444442865e+02  2.04003197442004235995e+00  9.80180025579535936231e+02  6.73902685851283536067e+01  -2.59475532698439970147e+00  8.50677291603814228438e+04  8.32000442666084127268e+04  2.28056916891796523927e+00  2.71243622222222926024e-03  1.35252666668756774015e+02  2.16000576009214684259e-01  5.00000000000000027756e-02  4.27453333331883058577e+01  5.00000000000000027756e-02
1.16951388888888885731e+02  1.91000159872115538029e+00  9.80270004796163448191e+02  6.84900143884903940261e+01  -2.33659191111182318323e+00  8.84416848832628311357e+04  8.54680025957168254536e+04  3.31990220684116277283e+00  2.69390844444445222775e-03  1.36559333337513550077e+02  2.52001152018429375179e-01  5.00000000000000027756e-02  4.26546666663766131933e+01  6.00000639999025697779e-02
1.16958333333333328596e+02  1.86997601918471323401e+00  9.80309952038369374350e+02  6.89000335731414139673e+01  -2.59097814761956080076e+00  9.18156406061442539794e+04  8.77359609248252527323e+04  3.80217278197295982523e+00  2.67242142857146511986e-03  1.37865999995342065176e+02  2.87998784038913824279e-01  5.00000000000000027756e-02  4.25640000004094929409e+01  6.99999520004823544417e-02
1.16965277777777771462e+02  1.74999360511578694322e+00  9.80300019184652569493e+02  6.91200127897684239997e+01  -2.13969089841351234327e+00  9.03069453153115318855e+04  7.84786705901681270916e+04  4.07378881077590637716e+00  2.59224285714291504887e-03  1.36895333331781358766e+02  2.62666261346321872061e-01  5.00000000000000027756e-02  4.26493333334697695136e+01  5.00000000000000027756e-02
1.16972222222222228538e+02  1.67001278976842582047e+00  9.80420044764189469788e+02  6.96799904076736851266e+01  -1.88657150793402572653e+00  8.87982499971884681145e+04  6.92213801910818729084e+04  8.36210819874727206980e+00  2.51206428571420061283e-03  1.35924666668218662835e+02  2.37333738653678100183e-01  5.00000000000000027756e-02  4.27346666665302308274e+01  5.00000000000000027756e-02
1.16979166666666671404e+02  1.65998561151082779652e+00  9.80439980815347780663e+02  6.90300623501197492260e+01  -2.01500330476293099125e+00  8.72895546599972003605e+04  5.99640899127971424605e+04  4.53924790985717763192e+00  2.43460833333335961021e-03  1.34954000004657956424e+02  2.12001215961086175721e-01  5.00000000000000027756e-02  4.28199999995905074002e+01  5.00000000000000027756e-02
1.16986111111111114269e+02  1.67999680255768901738e+00  9.80370006394884626388e+02  6.89699968025576879427e+01  -2.45632240952372793430e+00  8.23683385233314766083e+04  7.23190495251980901230e+04  6.77521631969991933175e+00  2.46787222222223960252e-03  1.34316666668705607890e+02  1.96667157341182896602e-01  5.00000000000000027756e-02  4.24633333344743633120e+01  5.00000000000000027756e-02
1.16993055555555557135e+02  1.56999360511599150847e+00  9.80530012789767965842e+02  6.94199168665078900631e+01  -2.11482129523772810487e+00  7.74471223866657383041e+04  8.46740091375990450615e+04  2.00000000000000000000e+00  2.50113611111111959484e-03  1.33679333334352804741e+02  1.81333578670591438753e-01  5.00000000000000027756e-02  4.21066666672371781033e+01  9.99990400076005286900e-02
1.17000000000000000000e+02  1.65999999999999992006e+00  9.80539999999999963620e+02  6.99599999999999937472e+01  -1.80565099999999989500e+00  7.25259062500000000000e+04  9.70289687500000000000e+04  5.24952806566139162925e+00  2.53440000000000002084e-03  1.33042000000000001592e+02  1.66000000000000008660e-01  5.00000000000000027756e-02  4.17500000000000000000e+01  5.00000000000000027756e-02
