665
0
1065
0
0
1282
0
0
0
1797
0
1055
0
672
0
730
731
0
0
0
734
1258
737
0
1769
0
0
847
0
1009
1341
0
1262
647
1263
849
1549
740
1063
1342
0
575
442
0
746
1132
1560
748
664
1272
1067
1068
1662
1709
815
853
1484
0
0
1129
1693
1273
344
903
1420
751
0
752
0
754
0
825
1562
1835
1485
757
1071
0
1074
1779
762
1045
1283
1077
857
858
1078
1080
1134
1081
809
0
0
765
1086
1572
0
0
767
0
768
0
769
1290
861
1090
0
1435
771
1578
1836
1647
0
1296
1092
0
1093
0
774
0
864
1353
776
1136
909
0
777
0
1303
1304
942
1305
1306
1099
0
1100
1752
0
1583
779
1309
1102
0
0
828
571
0
0
1053
0
1799
0
1250
1254
881
1028
1274
1843
1681
711
1101
0
945
1047
0
1275
0
948
1476
0
0
971
0
976
996
507
1031
1436
1384
549
1161
1149
787
0
0
893
0
1892
921
606
949
635
407
0
0
1361
675
0
695
1023
0
0
0
1227
0
0
725
0
1255
738
743
744
1271
1174
1301
0
1584
970
499
1381
1000
1057
854
856
0
0
999
0
1755
332
912
1261
1496
936
0
973
0
1177
0
1181
349
821
0
1773
829
0
1209
1214
1033
706
1609
624
1042
1541
1054
274
1253
773
1671
0
0
0
1151
0
1164
1062
626
1035
708
1694
1064
892
459
462
1095
463
873
0
0
0
0
276
466
0
0
897
0
1293
1479
0
951
468
0
1176
1576
1849
998
469
470
1034
1238
1614
1087
1289
0
1264
1097
1347
0
0
1018
1226
1412
0
1073
0
1299
1419
0
867
476
477
1286
0
1187
478
479
480
1148
481
0
1629
615
891
895
896
485
0
0
0
0
899
486
901
0
488
913
0
915
923
0
492
926
1256
0
1506
935
0
939
1224
1144
0
946
0
0
1146
0
952
954
1153
957
1312
1582
0
359
0
497
0
1736
980
498
361
819
1730
500
0
0
888
503
989
991
993
995
256
1193
1204
365
1001
366
1195
0
1445
1011
0
1157
0
0
1211
1451
509
1030
1385
511
1343
513
0
514
1241
0
1829
1400
1249
1898
0
1763
1056
0
0
0
370
1259
0
1839
0
1480
461
1066
0
0
1070
1905
0
0
1085
0
375
0
0
0
0
526
1206
1106
0
528
1375
781
529
1538
782
291
0
883
906
1217
0
1590
0
959
533
0
785
0
0
1765
0
0
0
535
537
0
1391
0
0
0
1060
451
1044
1507
1268
0
0
0
0
0
541
789
543
544
1036
0
790
296
546
0
0
1325
0
0
1160
1225
870
552
0
1587
0
0
0
0
381
872
1713
0
311
0
0
875
876
0
1222
0
1486
0
0
0
1279
1595
0
554
0
878
0
0
0
880
0
0
557
0
559
1863
0
560
1708
1210
0
1364
1104
0
884
0
0
563
0
0
0
0
0
0
0
1075
885
886
0
0
1168
0
0
0
0
1178
0
0
572
656
0
797
890
389
1188
0
0
0
1540
0
894
530
798
576
0
1768
799
578
579
0
1084
898
583
902
391
584
1223
574
0
0
1439
586
587
1669
1230
911
0
1239
589
1285
590
803
1589
0
1546
889
394
0
0
0
1270
0
594
0
0
0
0
598
1349
1287
0
0
1670
0
600
0
920
1358
0
1340
922
1831
0
0
0
1337
0
0
0
924
603
1329
1008
1404
0
810
1280
0
928
0
929
1655
930
700
931
1138
932
1371
0
0
0
607
1447
0
0
1141
0
1131
1415
524
609
398
610
1143
1434
0
1653
1624
1103
0
0
1145
0
618
0
0
0
0
0
1147
622
947
0
1592
0
0
623
846
625
0
953
0
955
627
1388
1465
960
401
631
962
0
868
0
964
0
0
0
966
691
0
1159
0
0
0
967
969
0
1667
0
1591
0
0
316
638
972
1348
0
0
558
0
1165
0
0
817
974
1775
0
977
1650
547
643
1171
0
978
1656
979
1172
0
650
1446
1311
613
0
0
981
1666
651
0
652
0
0
320
982
655
413
1040
657
658
1182
0
0
0
661
0
822
1156
1750
0
1186
986
1751
988
666
0
668
990
669
992
0
0
0
994
0
671
673
674
1190
0
997
0
0
0
0
323
0
0
0
1635
677
963
755
1198
0
0
1317
1646
416
0
1838
0
680
1798
1002
0
683
685
1314
1197
1005
1199
1200
0
1243
687
0
1539
1010
0
688
0
0
1012
1203
278
0
1013
0
1722
826
0
1015
1016
1687
419
1120
0
694
0
1019
830
0
0
1354
696
1212
1509
1213
0
698
0
699
1215
1020
542
380
0
701
0
1380
1024
702
1123
1025
1777
0
1026
1330
1428
0
1029
1220
1032
1334
0
0
0
0
716
1124
0
705
0
0
1038
1039
1386
709
0
710
0
1229
1043
713
0
0
839
715
0
1234
1390
1235
0
1535
1237
1588
0
0
0
1240
0
0
723
1049
1862
1613
1126
724
676
1244
1336
1050
0
0
842
1051
843
1922
1927
1914
1917
1918
1925
1928
1912
1930
1923
1926
43
44
45
46
47
48
49
50
51
52
53
31
32
33
34
35
36
37
38
39
40
41
42
55
56
57
58
59
60
61
62
63
64
65
66
67
68
69
70
71
72
73
74
75
76
77
78
79
80
81
82
83
84
85
86
87
88
89
90
125
126
127
128
129
130
131
132
133
134
135
136
137
138
139
140
141
142
143
144
145
146
147
148
149
165
166
167
168
169
170
171
172
173
174
175
176
177
178
179
180
181
182
183
184
185
186
187
188
189
190
1920
1916
1908
1909
1910
1915
106
107
108
109
110
111
112
113
114
115
116
117
118
119
120
121
122
123
124
91
92
93
94
95
96
97
98
99
100
101
102
103
104
105
150
151
152
153
154
155
156
157
158
159
160
161
162
163
164
191
192
193
194
195
196
197
198
199
200
201
202
203
204
205
206
207
28
