#  julian_day      temp_K          RH              Pres            rad             UVB             O3              so2             co              no              no2             nh3             pm25            hono            air             acetaldehyde    toluene         xyluene         OPEN            ch3oh           c2h5oh          c2h6            hcho            methylglyoxal   isoprene        monoterpene     sesquiterpene   h2so4           Julian day      cs_sa_dry       cs_sa_wet       cs_hno3_dry     cs_hno3_wet
   3.5000000e+01   2.7215000e+02   4.4000000e+01   1.0162000e+03   1.0000000e-02   1.0000000e-02   1.9919961e+09   1.8833987e+11   2.9746443e+13   2.4155296e+11   1.0747395e+12   1.0181811e+11   7.3267300e+01   4.3205028e+09   2.7045909e+19   1.4879685e+11   1.4876170e+11   1.1325664e+11   5.3888974e+09   5.9202413e+09   5.0977482e+07   7.4601813e+15   7.5625771e+10   8.2549253e+09   7.2478896e+10   2.5405980e+10   5.1082541e+10   3.5078814e+04   3.5000000e+01   2.6156208e-02   2.7786321e-02   2.6156208e-04   2.7786321e-04
   3.5006944e+01   2.7211667e+02   4.4000000e+01   1.0162000e+03   1.0000000e-02   1.0000000e-02   4.8577977e+10   1.7676509e+11   2.7843626e+13   2.0133688e+11   1.0080416e+12   9.2584844e+10   7.0202800e+01   3.8649385e+09   2.7049222e+19   1.4330741e+11   1.3951006e+11   1.0526209e+11   5.1578494e+09   5.8753796e+09   4.9206818e+07   7.4574795e+15   7.2591411e+10   8.0770735e+09   7.1917745e+10   2.5114738e+10   5.1167974e+10   4.8972346e+04   3.5006944e+01   2.6153437e-02   2.7783324e-02   2.6153437e-04   2.7783324e-04
   3.5013889e+01   2.7208333e+02   4.4000000e+01   1.0162000e+03   1.0000000e-02   1.0000000e-02   9.5175373e+10   1.6518747e+11   2.5940343e+13   1.6111094e+11   9.4132725e+11   8.3349314e+10   6.7138300e+01   3.4092625e+09   2.7052536e+19   1.3781662e+11   1.3025616e+11   9.7265589e+10   4.9267447e+09   5.8305068e+09   4.7435720e+07   7.4547771e+15   6.9556308e+10   7.8991782e+09   7.1356594e+10   2.4823495e+10   5.1253407e+10   6.2869282e+04   3.5013889e+01   2.5640958e-02   2.7248170e-02   2.5640958e-04   2.7248170e-04
   3.5020833e+01   2.7205000e+02   4.4000000e+01   1.0162000e+03   1.0000000e-02   1.0000000e-02   1.4178419e+11   1.5360702e+11   2.4036593e+13   1.2087515e+11   8.7459660e+11   7.4111521e+10   6.4073800e+01   2.9534748e+09   2.7055851e+19   1.3232448e+11   1.2099999e+11   8.9267126e+10   4.6955834e+09   5.7856231e+09   4.5664188e+07   7.4520741e+15   6.6520461e+10   7.7212392e+09   7.0795443e+10   2.4532253e+10   5.1338840e+10   7.6769623e+04   3.5020833e+01   2.3339431e-02   2.4810939e-02   2.3339431e-04   2.4810939e-04
   3.5027778e+01   2.7201667e+02   4.4000000e+01   1.0162000e+03   1.0000000e-02   1.0000000e-02   1.8840443e+11   1.4202373e+11   2.2132377e+13   8.0629490e+10   8.0784960e+11   6.4871464e+10   6.1009300e+01   2.4975755e+09   2.7059166e+19   1.2683100e+11   1.1174155e+11   8.1266703e+10   4.4643655e+09   5.7407283e+09   4.3892222e+07   7.4493704e+15   6.3483870e+10   7.5432567e+09   7.0456221e+10   2.5310093e+10   5.1047233e+10   9.0673371e+04   3.5027778e+01   2.2041174e-02   2.3433857e-02   2.2041174e-04   2.3433857e-04
   3.5034722e+01   2.7198333e+02   4.4000000e+01   1.0162000e+03   1.0000000e-02   1.0000000e-02   2.3503609e+11   1.3043760e+11   2.0227695e+13   4.0373969e+10   7.4108623e+11   5.5629142e+10   5.7944800e+01   2.0415643e+09   2.7062482e+19   1.2133617e+11   1.0248084e+11   7.3264319e+10   4.2330909e+09   5.6958226e+09   4.2119822e+07   7.4466660e+15   6.0446535e+10   7.3652305e+09   7.0116999e+10   2.6087934e+10   5.0755626e+10   1.0458053e+05   3.5034722e+01   2.1894616e-02   2.3274864e-02   2.1894616e-04   2.3274864e-04
   3.5041667e+01   2.7195000e+02   4.4000000e+01   1.0162000e+03   1.0000000e-02   1.0000000e-02   2.8167919e+11   1.1884863e+11   1.8322545e+13   1.0857960e+08   6.7430650e+11   4.6384555e+10   5.4880300e+01   1.5854414e+09   2.7065799e+19   1.1584000e+11   9.3217861e+10   6.5259973e+10   4.0017596e+09   5.6509059e+09   4.0346987e+07   7.4439609e+15   5.7408455e+10   7.1871606e+09   6.9777777e+10   2.6865775e+10   5.0464020e+10   1.1849109e+05   3.5041667e+01   1.9292961e-02   2.0531844e-02   1.9292961e-04   2.0531844e-04
   3.5048611e+01   2.7191667e+02   4.4000000e+01   1.0162833e+03   1.0000000e-02   1.0000000e-02   3.4678563e+11   1.1040585e+11   1.6906709e+13   9.0576669e+07   6.1083630e+11   4.2344268e+10   5.1850400e+01   1.3996310e+09   2.7071337e+19   1.0622129e+11   8.5821598e+10   5.9799817e+10   3.6428856e+09   5.4025816e+09   3.8088225e+07   7.4403630e+15   5.3825443e+10   6.6407704e+09   6.8219217e+10   2.6868326e+10   4.8587654e+10   2.5102597e+05   3.5048611e+01   1.7120092e-02   1.8222642e-02   1.7120092e-04   1.8222642e-04
   3.5055556e+01   2.7188333e+02   4.4000000e+01   1.0163667e+03   1.0000000e-02   1.0000000e-02   4.1191871e+11   1.0195960e+11   1.5490293e+13   7.2566370e+07   5.4734010e+11   3.8302326e+10   4.8820500e+01   1.2137444e+09   2.7076876e+19   9.6598651e+10   7.8422305e+10   5.4337424e+10   3.2838646e+09   5.1541556e+09   3.5828538e+07   7.4367633e+15   5.0240963e+10   6.0941564e+09   6.6660656e+10   2.6870876e+10   4.6711288e+10   3.8361507e+05   3.5055556e+01   1.6906145e-02   1.8003222e-02   1.6906145e-04   1.8003222e-04
   3.5062500e+01   2.7185000e+02   4.4000000e+01   1.0164500e+03   1.0000000e-02   1.0000000e-02   4.7707843e+11   9.3509897e+10   1.4073297e+13   5.4548698e+07   4.8381789e+11   3.4258729e+10   4.5790600e+01   1.0277818e+09   2.7082417e+19   8.6972066e+10   7.1019981e+10   4.8872794e+10   2.9246965e+09   4.9056277e+09   3.3567924e+07   7.4331619e+15   4.6655014e+10   5.5473185e+09   6.5102096e+10   2.6873426e+10   4.4834923e+10   5.1625843e+05   3.5062500e+01   1.6230513e-02   1.7285859e-02   1.6230513e-04   1.7285859e-04
   3.5069444e+01   2.7181667e+02   4.4000000e+01   1.0165333e+03   1.0000000e-02   1.0000000e-02   5.4226481e+11   8.5056731e+10   1.2655720e+13   3.6523650e+07   4.2026967e+11   3.0213475e+10   4.2760700e+01   8.4174296e+08   2.7087958e+19   7.7341539e+10   6.3614625e+10   4.3405925e+10   2.5653813e+09   4.6569979e+09   3.1306384e+07   7.4295588e+15   4.3067596e+10   5.0002565e+09   6.4835962e+10   2.7780041e+10   4.4996269e+10   6.4895606e+05   3.5069444e+01   1.6371870e-02   1.7438412e-02   1.6371870e-04   1.7438412e-04
   3.5076389e+01   2.7178333e+02   4.4000000e+01   1.0166167e+03   1.0000000e-02   1.0000000e-02   6.0747785e+11   7.6600102e+10   1.1237563e+13   1.8491222e+07   3.5669543e+11   2.6166565e+10   3.9730800e+01   6.5562797e+08   2.7093501e+19   6.7707067e+10   5.6206236e+10   3.7936818e+10   2.2059190e+09   4.4082662e+09   2.9043918e+07   7.4259540e+15   3.9478709e+10   4.4529705e+09   6.4569828e+10   2.8686656e+10   4.5157616e+10   7.8170798e+05   3.5076389e+01   1.5775198e-02   1.6810101e-02   1.5775198e-04   1.6810101e-04
   3.5083333e+01   2.7175000e+02   4.4000000e+01   1.0167000e+03   1.0000000e-02   1.0000000e-02   6.7271756e+11   6.8140009e+10   9.8188244e+12   4.5141330e+05   2.9309515e+11   2.2117997e+10   3.6700900e+01   4.6943677e+08   2.7099046e+19   5.8068649e+10   4.8794813e+10   3.2465470e+10   1.8463095e+09   4.1594326e+09   2.6780524e+07   7.4223474e+15   3.5888351e+10   3.9054603e+09   6.4303694e+10   2.9593270e+10   4.5318962e+10   9.1451421e+05   3.5083333e+01   1.6002299e-02   1.7049895e-02   1.6002299e-04   1.7049895e-04
   3.5090278e+01   2.7173333e+02   4.4166667e+01   1.0167500e+03   1.0000000e-02   1.0000000e-02   6.9557975e+11   6.4489171e+10   9.2769021e+12   4.0609445e+05   2.8100069e+11   2.1370027e+10   3.4647850e+01   4.5124311e+08   2.7102041e+19   5.4057189e+10   4.6426745e+10   3.1024302e+10   1.6988101e+09   3.9635244e+09   2.4588571e+07   7.4195812e+15   3.3928494e+10   3.6253302e+09   6.2444324e+10   2.7970950e+10   4.2975175e+10   1.2135969e+06   3.5090278e+01   1.6068775e-02   1.7124696e-02   1.6068775e-04   1.7124696e-04
   3.5097222e+01   2.7171667e+02   4.4333333e+01   1.0168000e+03   1.0000000e-02   1.0000000e-02   7.1844699e+11   6.0837525e+10   8.7348599e+12   3.6076568e+05   2.6890355e+11   2.0621891e+10   3.2594800e+01   4.3304542e+08   2.7105036e+19   5.0044841e+10   4.4058152e+10   2.9582816e+10   1.5512781e+09   3.7675729e+09   2.2396132e+07   7.4168143e+15   3.1968204e+10   3.3451382e+09   6.0584954e+10   2.6348629e+10   4.0631389e+10   1.5127456e+06   3.5097222e+01   1.7936884e-02   1.9109097e-02   1.7936884e-04   1.9109097e-04
   3.5104167e+01   2.7170000e+02   4.4500000e+01   1.0168500e+03   1.0000000e-02   1.0000000e-02   7.4131928e+11   5.7185071e+10   8.1926978e+12   3.1542689e+05   2.5680374e+11   1.9873589e+10   3.0541750e+01   4.1484370e+08   2.7108032e+19   4.6031607e+10   4.1689035e+10   2.8141010e+10   1.4037135e+09   3.5715781e+09   2.0203209e+07   7.4140467e+15   3.0007480e+10   3.0648842e+09   5.8725585e+10   2.4726309e+10   3.8287602e+10   1.8119605e+06   3.5104167e+01   1.6549964e-02   1.7632442e-02   1.6549964e-04   1.7632442e-04
   3.5111111e+01   2.7168333e+02   4.4666667e+01   1.0169000e+03   1.0000000e-02   1.0000000e-02   7.6419661e+11   5.3531809e+10   7.6504157e+12   2.7007807e+05   2.4470124e+11   1.9125122e+10   2.8488700e+01   3.9663795e+08   2.7111028e+19   4.2017484e+10   3.9319395e+10   2.6698886e+10   1.2561163e+09   3.3755398e+09   1.8009802e+07   7.4112784e+15   2.8046322e+10   2.7845682e+09   5.9383000e+10   2.4503545e+10   3.8242494e+10   2.1112415e+06   3.5111111e+01   1.7392990e-02   1.8530298e-02   1.7392990e-04   1.8530298e-04
   3.5118056e+01   2.7166667e+02   4.4833333e+01   1.0169500e+03   1.0000000e-02   1.0000000e-02   7.8707900e+11   4.9877739e+10   7.1080137e+12   2.2471922e+05   2.3259607e+11   1.8376489e+10   2.6435650e+01   3.7842817e+08   2.7114024e+19   3.8002474e+10   3.6949230e+10   2.5256442e+10   1.1084864e+09   3.1794583e+09   1.5815909e+07   7.4085094e+15   2.6084731e+10   2.5041903e+09   6.0040416e+10   2.4280781e+10   3.8197387e+10   2.4105886e+06   3.5118056e+01   1.5312281e-02   1.6318612e-02   1.5312281e-04   1.6318612e-04
   3.5125000e+01   2.7165000e+02   4.5000000e+01   1.0170000e+03   1.0000000e-02   1.0000000e-02   8.0996643e+11   4.6222860e+10   6.5654917e+12   1.7935035e+05   2.2048823e+11   1.7627691e+10   2.4382600e+01   3.6021437e+08   2.7117021e+19   3.3986576e+10   3.4578540e+10   2.3813680e+10   9.6082384e+08   2.9833333e+09   1.3621530e+07   7.4057397e+15   2.4122705e+10   2.2237503e+09   6.0697832e+10   2.4058018e+10   3.8152280e+10   2.7100018e+06   3.5125000e+01   1.6405490e-02   1.7484445e-02   1.6405490e-04   1.7484445e-04
   3.5131944e+01   2.7155833e+02   4.5000000e+01   1.0170333e+03   1.0000000e-02   1.0000000e-02   8.2418394e+11   4.4280998e+10   6.2714696e+12   1.6896281e+05   2.1230210e+11   1.6956133e+10   2.3098417e+01   3.4207923e+08   2.7127063e+19   3.2155101e+10   3.3446313e+10   2.3090602e+10   8.9747448e+08   2.8582742e+09   1.2554762e+07   7.4051187e+15   2.3030655e+10   2.1067149e+09   6.0505257e+10   2.4583639e+10   3.9774221e+10   3.1403939e+06   3.5131944e+01   1.5265561e-02   1.6269368e-02   1.5265561e-04   1.6269368e-04
   3.5138889e+01   2.7146667e+02   4.5000000e+01   1.0170667e+03   1.0000000e-02   1.0000000e-02   8.3841196e+11   4.2337695e+10   5.9772295e+12   1.5856758e+05   2.0410990e+11   1.6284077e+10   2.1814233e+01   3.2393065e+08   2.7137113e+19   3.0322268e+10   3.2313246e+10   2.2366987e+10   8.3407816e+08   2.7331225e+09   1.1487203e+07   7.4044969e+15   2.1937796e+10   1.9895927e+09   6.0312681e+10   2.5109260e+10   4.1396163e+10   3.5711048e+06   3.5138889e+01   1.6157238e-02   1.7213414e-02   1.6157238e-04   1.7213414e-04
   3.5145833e+01   2.7137500e+02   4.5000000e+01   1.0171000e+03   1.0000000e-02   1.0000000e-02   8.5265050e+11   4.0392952e+10   5.6827712e+12   1.4816463e+05   1.9591162e+11   1.5611523e+10   2.0530050e+01   3.0576861e+08   2.7147169e+19   2.8488076e+10   3.1179338e+10   2.1642836e+10   7.7063483e+08   2.6078779e+09   1.0418853e+07   7.4038746e+15   2.0844126e+10   1.8723837e+09   6.0120106e+10   2.5634881e+10   4.3018105e+10   4.0021348e+06   3.5145833e+01   1.6874365e-02   1.7981950e-02   1.6874365e-04   1.7981950e-04
   3.5152778e+01   2.7128333e+02   4.5000000e+01   1.0171333e+03   1.0000000e-02   1.0000000e-02   8.6689959e+11   3.8446765e+10   5.3880944e+12   1.3775397e+05   1.8770726e+11   1.4938469e+10   1.9245867e+01   2.8759310e+08   2.7157232e+19   2.6652524e+10   3.0044589e+10   2.0918148e+10   7.0714445e+08   2.4825404e+09   9.3497100e+06   7.4032516e+15   1.9749644e+10   1.7550877e+09   5.9582826e+10   2.4963836e+10   4.2678709e+10   4.4334842e+06   3.5152778e+01   1.6306238e-02   1.7379605e-02   1.6306238e-04   1.7379605e-04
   3.5159722e+01   2.7119167e+02   4.5000000e+01   1.0171667e+03   1.0000000e-02   1.0000000e-02   8.8115921e+11   3.6499134e+10   5.0931990e+12   1.2733559e+05   1.7949681e+11   1.4264916e+10   1.7961683e+01   2.6940410e+08   2.7167302e+19   2.4815610e+10   2.8908998e+10   2.0192921e+10   6.4360697e+08   2.3571098e+09   8.2797741e+06   7.4026279e+15   1.8654351e+10   1.6377047e+09   5.9045546e+10   2.4292792e+10   4.2339313e+10   4.8651535e+06   3.5159722e+01   1.5156376e-02   1.6157446e-02   1.5156376e-04   1.6157446e-04
   3.5166667e+01   2.7110000e+02   4.5000000e+01   1.0172000e+03   1.0000000e-02   1.0000000e-02   8.9542940e+11   3.4550058e+10   4.7980847e+12   1.1690947e+05   1.7128027e+11   1.3590864e+10   1.6677500e+01   2.5120160e+08   2.7177379e+19   2.2977332e+10   2.7772563e+10   1.9467156e+10   5.8002233e+08   2.2315862e+09   7.2090443e+06   7.4020037e+15   1.7558244e+10   1.5202346e+09   5.8508267e+10   2.3621747e+10   4.1999917e+10   5.2971429e+06   3.5166667e+01   1.3676234e-02   1.4583207e-02   1.3676234e-04   1.4583207e-04
   3.5173611e+01   2.7102500e+02   4.4166667e+01   1.0172833e+03   1.0000000e-02   1.0000000e-02   9.0410789e+11   3.3563051e+10   4.6849536e+12   1.1174620e+05   1.6797534e+11   1.3281414e+10   1.5904867e+01   2.4797944e+08   2.7187126e+19   2.2248327e+10   2.7313655e+10   1.9197913e+10   5.5327479e+08   2.1464599e+09   6.6453131e+06   7.4005488e+15   1.6988782e+10   1.4713301e+09   5.8011427e+10   2.3908126e+10   4.0528060e+10   5.6892551e+06   3.5173611e+01   1.3777448e-02   1.4707353e-02   1.3777448e-04   1.4707353e-04
   3.5180556e+01   2.7095000e+02   4.3333333e+01   1.0173667e+03   1.0000000e-02   1.0000000e-02   9.1279255e+11   3.2575335e+10   4.5717411e+12   1.0657922e+05   1.6466804e+11   1.2971742e+10   1.5132233e+01   2.4475496e+08   2.7196880e+19   2.1518797e+10   2.6854417e+10   1.8928475e+10   5.2650802e+08   2.0612724e+09   6.0811770e+06   7.3990924e+15   1.6418910e+10   1.4223905e+09   5.7514588e+10   2.4194504e+10   3.9056204e+10   6.0816484e+06   3.5180556e+01   1.3466868e-02   1.4363691e-02   1.3466868e-04   1.4363691e-04
   3.5187500e+01   2.7087500e+02   4.2500000e+01   1.0174500e+03   1.0000000e-02   1.0000000e-02   9.2148340e+11   3.1586907e+10   4.4584470e+12   1.0140853e+05   1.6135835e+11   1.2661847e+10   1.4359600e+01   2.4152816e+08   2.7206638e+19   2.0788742e+10   2.6394847e+10   1.8658843e+10   4.9972201e+08   1.9760236e+09   5.5166356e+06   7.3976346e+15   1.5848629e+10   1.3734156e+09   5.7017749e+10   2.4480883e+10   3.7584347e+10   6.4743229e+06   3.5187500e+01   1.2373517e-02   1.3207398e-02   1.2373517e-04   1.3207398e-04
   3.5194444e+01   2.7080000e+02   4.1666667e+01   1.0175333e+03   1.0000000e-02   1.0000000e-02   9.3018043e+11   3.0597768e+10   4.3450714e+12   9.6234114e+04   1.5804628e+11   1.2351729e+10   1.3586967e+01   2.3829902e+08   2.7216402e+19   2.0058162e+10   2.5934945e+10   1.8389016e+10   4.7291674e+08   1.8907135e+09   4.9516887e+06   7.3961753e+15   1.5277937e+10   1.3244055e+09   5.9655123e+10   2.3739847e+10   4.1189084e+10   6.8672789e+06   3.5194444e+01   1.2235426e-02   1.3072600e-02   1.2235426e-04   1.3072600e-04
   3.5201389e+01   2.7072500e+02   4.0833333e+01   1.0176167e+03   1.0000000e-02   1.0000000e-02   9.3888364e+11   2.9607917e+10   4.2316141e+12   9.1055980e+04   1.5473182e+11   1.2041387e+10   1.2814333e+01   2.3506755e+08   2.7226172e+19   1.9327056e+10   2.5474712e+10   1.8118995e+10   4.4609220e+08   1.8053420e+09   4.3863359e+06   7.3947145e+15   1.4706834e+10   1.2753601e+09   6.2292498e+10   2.2998811e+10   4.4793821e+10   7.2605167e+06   3.5201389e+01   1.0796511e-02   1.1546555e-02   1.0796511e-04   1.1546555e-04
   3.5208333e+01   2.7065000e+02   4.0000000e+01   1.0177000e+03   1.0000000e-02   1.0000000e-02   9.4759305e+11   2.8617354e+10   4.1180751e+12   8.5874123e+04   1.5141498e+11   1.1730822e+10   1.2041700e+01   2.3183374e+08   2.7235947e+19   1.8595424e+10   2.5014147e+10   1.7848778e+10   4.1924837e+08   1.7199092e+09   3.8205769e+06   7.3932522e+15   1.4135320e+10   1.2262794e+09   6.4929872e+10   2.2257775e+10   4.8398558e+10   7.6540364e+06   3.5208333e+01   9.7078278e-03   1.0382889e-02   9.7078278e-05   1.0382889e-04
   3.5215278e+01   2.7060000e+02   3.8833333e+01   1.0178000e+03   1.0000000e-02   1.0000000e-02   9.3726576e+11   3.2902526e+10   4.4660616e+12   9.2869218e+04   1.6517570e+11   1.6257629e+10   1.2188750e+01   2.5642978e+08   2.7243656e+19   1.9297040e+10   2.6014740e+10   1.8586008e+10   4.2877337e+08   1.6921788e+09   3.5575565e+06   7.3910722e+15   1.4313494e+10   1.2562449e+09   6.5177702e+10   2.4834156e+10   4.8127695e+10   8.0330871e+06   3.5215278e+01   8.3590479e-03   8.9463120e-03   8.3590479e-05   8.9463120e-05
   3.5222222e+01   2.7055000e+02   3.7666667e+01   1.0179000e+03   1.0000000e-02   1.0000000e-02   9.2693257e+11   3.7190123e+10   4.8142448e+12   9.9868270e+04   1.7894420e+11   2.0786998e+10   1.2335800e+01   2.8103972e+08   2.7251368e+19   1.9999052e+10   2.7015898e+10   1.9323654e+10   4.3830373e+08   1.6644327e+09   3.2943870e+06   7.3888905e+15   1.4491769e+10   1.2862273e+09   6.5425531e+10   2.7410537e+10   4.7856831e+10   8.4123519e+06   3.5222222e+01   8.0470778e-03   8.6271116e-03   8.0470778e-05   8.6271116e-05
   3.5229167e+01   2.7050000e+02   3.6500000e+01   1.0180000e+03   1.0000000e-02   1.0000000e-02   9.1659348e+11   4.1480146e+10   5.1626250e+12   1.0687128e+05   1.9272049e+11   2.5318931e+10   1.2482850e+01   3.0566359e+08   2.7259083e+19   2.0701461e+10   2.8017621e+10   2.0061717e+10   4.4783947e+08   1.6366708e+09   3.0310683e+06   7.3867072e+15   1.4670143e+10   1.3162266e+09   6.5673361e+10   2.9986918e+10   4.7585967e+10   8.7918311e+06   3.5229167e+01   6.8275274e-03   7.3348072e-03   6.8275274e-05   7.3348072e-05
   3.5236111e+01   2.7045000e+02   3.5333333e+01   1.0181000e+03   1.0000000e-02   1.0000000e-02   9.0624847e+11   4.5772596e+10   5.5112021e+12   1.1387825e+05   2.0650457e+11   2.9853429e+10   1.2629900e+01   3.3030139e+08   2.7266801e+19   2.1404266e+10   2.9019910e+10   2.0800197e+10   4.5738058e+08   1.6088930e+09   2.7676003e+06   7.3845222e+15   1.4848618e+10   1.3462428e+09   6.6042744e+10   2.8067574e+10   4.7013384e+10   9.1715247e+06   3.5236111e+01   6.5281917e-03   7.0194580e-03   6.5281917e-05   7.0194580e-05
   3.5243056e+01   2.7040000e+02   3.4166667e+01   1.0182000e+03   1.0000000e-02   1.0000000e-02   8.9589756e+11   5.0067475e+10   5.8599764e+12   1.2088918e+05   2.2029644e+11   3.4390494e+10   1.2776950e+01   3.5495312e+08   2.7274521e+19   2.2107468e+10   3.0022766e+10   2.1539094e+10   4.6692708e+08   1.5810995e+09   2.5039829e+06   7.3823356e+15   1.5027193e+10   1.3762760e+09   6.6412128e+10   2.6148230e+10   4.6440801e+10   9.5514328e+06   3.5243056e+01   5.6704740e-03   6.1093605e-03   5.6704740e-05   6.1093605e-05
   3.5250000e+01   2.7035000e+02   3.3000000e+01   1.0183000e+03   1.0000000e-02   1.0000000e-02   8.8554074e+11   5.4364783e+10   6.2089478e+12   1.2790407e+05   2.3409612e+11   3.8930126e+10   1.2924000e+01   3.7961879e+08   2.7282245e+19   2.2811067e+10   3.1026187e+10   2.2278408e+10   4.7647895e+08   1.5532901e+09   2.2402161e+06   7.3801473e+15   1.5205868e+10   1.4063261e+09   6.6781511e+10   2.4228886e+10   4.5868218e+10   9.9315556e+06   3.5250000e+01   5.1971322e-03   5.6118196e-03   5.1971322e-05   5.6118196e-05
   3.5256944e+01   2.7026667e+02   3.2166667e+01   1.0185000e+03   1.0000000e-02   1.0000000e-02   8.5169896e+11   6.3253651e+10   6.9183620e+12   2.9539677e+08   2.7220976e+11   4.6221938e+10   1.3927517e+01   4.3307679e+08   2.7296017e+19   2.4956885e+10   3.6550231e+10   2.6176698e+10   5.5132268e+08   1.5625091e+09   2.0782368e+06   7.3799104e+15   1.6248718e+10   1.5431002e+09   6.5024504e+10   2.5145138e+10   4.4427359e+10   9.4594210e+06   3.5256944e+01   4.7485603e-03   5.1353913e-03   4.7485603e-05   5.1353913e-05
   3.5263889e+01   2.7018333e+02   3.1333333e+01   1.0187000e+03   1.0000000e-02   1.0000000e-02   8.1782284e+11   7.2151484e+10   7.6284913e+12   5.9096378e+08   3.1036183e+11   5.3521104e+10   1.4931033e+01   4.8658868e+08   2.7309798e+19   2.7104865e+10   4.2079847e+10   3.0078920e+10   6.2624188e+08   1.5717371e+09   1.9160936e+06   7.3796717e+15   1.7292618e+10   1.6800123e+09   6.3267496e+10   2.6061390e+10   4.2986501e+10   8.9868078e+06   3.5263889e+01   4.2347069e-03   4.5877759e-03   4.2347069e-05   4.5877759e-05
   3.5270833e+01   2.7010000e+02   3.0500000e+01   1.0189000e+03   1.0000000e-02   1.0000000e-02   7.8391234e+11   8.1058289e+10   8.3393363e+12   8.8682920e+08   3.4855238e+11   6.0827632e+10   1.5934550e+01   5.4015452e+08   2.7323587e+19   2.9255009e+10   4.7615039e+10   3.3985077e+10   7.0123663e+08   1.5809742e+09   1.7537863e+06   7.3794314e+15   1.8337570e+10   1.8170622e+09   6.1510489e+10   2.6977642e+10   4.1545642e+10   8.5137154e+06   3.5270833e+01   4.8256149e-03   5.2095299e-03   4.8256149e-05   5.2095299e-05
   3.5277778e+01   2.7001667e+02   2.9666667e+01   1.0191000e+03   1.0000000e-02   1.0000000e-02   7.4996743e+11   8.9974076e+10   9.0508977e+12   1.1829933e+09   3.8678144e+11   6.8141529e+10   1.6938067e+01   5.9377437e+08   2.7337384e+19   3.1407320e+10   5.3155813e+10   3.7895174e+10   7.7630700e+08   1.5902202e+09   1.5913146e+06   7.3791893e+15   1.9383572e+10   1.9542503e+09   6.0275498e+10   2.5597006e+10   4.3794619e+10   8.0401435e+06   3.5277778e+01   4.2244988e-03   4.5880096e-03   4.2244988e-05   4.5880096e-05
   3.5284722e+01   2.6993333e+02   2.8833333e+01   1.0193000e+03   1.0000000e-02   1.0000000e-02   7.1598807e+11   9.8898851e+10   9.7631762e+12   1.4794564e+09   4.2504904e+11   7.5462801e+10   1.7941583e+01   6.4744827e+08   2.7351191e+19   3.3561798e+10   5.8702174e+10   4.1809212e+10   8.5145305e+08   1.5994753e+09   1.4286785e+06   7.3789455e+15   2.0430628e+10   2.0915766e+09   5.9040507e+10   2.4216371e+10   4.6043595e+10   7.5660915e+06   3.5284722e+01   4.3826211e-03   4.7564525e-03   4.3826211e-05   4.7564525e-05
   3.5291667e+01   2.6985000e+02   2.8000000e+01   1.0195000e+03   5.1284059e-08   7.4501258e-12   6.8197425e+11   1.0783262e+11   1.0476172e+13   1.7762188e+09   4.6335522e+11   8.2791456e+10   1.8945100e+01   7.0117627e+08   2.7365005e+19   3.5718447e+10   6.4254127e+10   4.5727198e+10   9.2667486e+08   1.6087394e+09   1.2658778e+06   7.3787001e+15   2.1478738e+10   2.2290411e+09   5.7805517e+10   2.2835735e+10   4.8292572e+10   7.0915591e+06   3.5291667e+01   3.8468535e-03   4.1830011e-03   3.8468535e-05   4.1830011e-05
   3.5298611e+01   2.6978333e+02   2.7666667e+01   1.0197333e+03   9.1782000e+00   1.3333333e-03   6.8318640e+11   1.1094126e+11   1.0985353e+13   1.7096815e+10   4.7114262e+11   8.5697850e+10   1.9646750e+01   8.4158839e+08   2.7378032e+19   3.9619024e+10   6.6579587e+10   4.7535930e+10   1.1579607e+09   1.6451359e+09   1.1475137e+06   7.3790824e+15   2.3143153e+10   2.5765489e+09   6.0516588e+10   2.3269784e+10   4.6199065e+10   8.1558017e+06   3.5298611e+01   4.0308691e-03   4.3733160e-03   4.0308691e-05   4.3733160e-05
   3.5305556e+01   2.6971667e+02   2.7333333e+01   1.0199667e+03   1.8356400e+01   2.6666667e-03   6.8439955e+11   1.1405284e+11   1.1495017e+13   3.2431997e+10   4.7893735e+11   8.8606993e+10   2.0348400e+01   9.8213404e+08   2.7391065e+19   4.3523307e+10   6.8907247e+10   4.9346374e+10   1.3894666e+09   1.6815667e+09   1.0290367e+06   7.3794635e+15   2.4809147e+10   2.9243870e+09   6.3227659e+10   2.3703833e+10   4.4105557e+10   9.2210561e+06   3.5305556e+01   3.7553159e-03   4.0789403e-03   3.7553159e-05   4.0789403e-05
   3.5312500e+01   2.6965000e+02   2.7000000e+01   1.0202000e+03   2.7534600e+01   4.0000000e-03   6.8561372e+11   1.1716735e+11   1.2005163e+13   4.7781776e+10   4.8673938e+11   9.1518887e+10   2.1050050e+01   1.1228133e+09   2.7404105e+19   4.7431299e+10   7.1237108e+10   5.1158532e+10   1.6211926e+09   1.7180319e+09   9.1044659e+05   7.3798433e+15   2.6476723e+10   3.2725558e+09   6.5938731e+10   2.4137882e+10   4.2012050e+10   1.0287323e+07   3.5312500e+01   3.4140203e-03   3.7192577e-03   3.4140203e-05   3.7192577e-05
   3.5319444e+01   2.6958333e+02   2.6666667e+01   1.0204333e+03   3.6712800e+01   5.3333333e-03   6.8682889e+11   1.2028480e+11   1.2515792e+13   6.3146163e+10   4.9454875e+11   9.4433534e+10   2.1751700e+01   1.2636263e+09   2.7417151e+19   5.1343003e+10   7.3569173e+10   5.2972404e+10   1.8531390e+09   1.7545314e+09   7.9174336e+05   7.3802219e+15   2.8145881e+10   3.6210554e+09   6.5227707e+10   2.3476880e+10   4.0917356e+10   1.1354603e+07   3.5319444e+01   3.2016875e-03   3.4953482e-03   3.2016875e-05   3.4953482e-05
   3.5326389e+01   2.6951667e+02   2.6333333e+01   1.0206667e+03   4.5891000e+01   6.6666667e-03   6.8804506e+11   1.2340520e+11   1.3026906e+13   7.8525169e+10   5.0236544e+11   9.7350937e+10   2.2453350e+01   1.4045732e+09   2.7430204e+19   5.5258420e+10   7.5903443e+10   5.4787992e+10   2.0853058e+09   1.7910652e+09   6.7292691e+05   7.3805992e+15   2.9816622e+10   3.9698861e+09   6.4516684e+10   2.2815878e+10   3.9822662e+10   1.2422897e+07   3.5326389e+01   3.6605292e-03   3.9835673e-03   3.6605292e-05   3.9835673e-05
   3.5333333e+01   2.6945000e+02   2.6000000e+01   1.0209000e+03   5.5069200e+01   8.0000000e-03   6.8926225e+11   1.2652854e+11   1.3538503e+13   9.3918804e+10   5.1018947e+11   1.0027110e+11   2.3155000e+01   1.5456540e+09   2.7443263e+19   5.9177554e+10   7.8239919e+10   5.6605297e+10   2.3176933e+09   1.8276335e+09   5.5399715e+05   7.3809753e+15   3.1488949e+10   4.3190482e+09   6.3805661e+10   2.2154877e+10   3.8727968e+10   1.3492206e+07   3.5333333e+01   2.9453179e-03   3.2236322e-03   2.9453179e-05   3.2236322e-05
   3.5340278e+01   2.6956667e+02   2.5333333e+01   1.0210667e+03   8.6180667e+01   1.5833333e-02   6.9699349e+11   1.2340446e+11   1.3718513e+13   1.2260941e+11   5.2042953e+11   9.5838000e+10   2.3839700e+01   2.1343593e+09   2.7435864e+19   7.0652334e+10   7.9697481e+10   5.8610047e+10   2.8046541e+09   1.9060733e+09   4.6153982e+05   7.3859449e+15   3.5695705e+10   5.0675458e+09   5.8942451e+10   2.1503096e+10   4.0096871e+10   1.3839692e+07   3.5340278e+01   2.8852510e-03   3.1629684e-03   2.8852510e-05   3.1629684e-05
   3.5347222e+01   2.6968333e+02   2.4666667e+01   1.0212333e+03   1.1729213e+02   2.3666667e-02   7.0472063e+11   1.2028208e+11   1.3898427e+13   1.5128457e+11   5.3066412e+11   9.1407301e+10   2.4524400e+01   2.7227476e+09   2.7428471e+19   8.2120935e+10   8.1154264e+10   6.0613722e+10   3.2913526e+09   1.9844709e+09   3.6913237e+05   7.3909125e+15   3.9900197e+10   5.8156405e+09   5.4079241e+10   2.0851315e+10   4.1465775e+10   1.4186993e+07   3.5347222e+01   3.0840865e-03   3.3675708e-03   3.0840865e-05   3.3675708e-05
   3.5354167e+01   2.6980000e+02   2.4000000e+01   1.0214000e+03   1.4840360e+02   3.1500000e-02   7.1244367e+11   1.1716139e+11   1.4078246e+13   1.7994429e+11   5.4089325e+11   8.6978997e+10   2.5209100e+01   3.3108191e+09   2.7421085e+19   9.3583365e+10   8.2610270e+10   6.2616322e+10   3.7777892e+09   2.0628265e+09   2.7677473e+05   7.3958780e+15   4.4102428e+10   6.5633327e+09   4.9216032e+10   2.0199535e+10   4.2834678e+10   1.4534108e+07   3.5354167e+01   2.9943540e-03   3.2759985e-03   2.9943540e-05   3.2759985e-05
   3.5361111e+01   2.6991667e+02   2.3333333e+01   1.0215667e+03   1.7951507e+02   3.9333333e-02   7.2016261e+11   1.1404239e+11   1.4257969e+13   2.0858860e+11   5.5111691e+11   8.2553084e+10   2.5893800e+01   3.8985743e+09   2.7413705e+19   1.0503963e+11   8.4065499e+10   6.4617850e+10   4.2639643e+09   2.1411402e+09   1.8446683e+05   7.4008415e+15   4.8302401e+10   7.3106230e+09   5.0009722e+10   2.2059739e+10   4.2659697e+10   1.4881037e+07   3.5361111e+01   3.0429158e-03   3.3246650e-03   3.0429158e-05   3.3246650e-05
   3.5368056e+01   2.7003333e+02   2.2666667e+01   1.0217333e+03   2.1062653e+02   4.7166667e-02   7.2787747e+11   1.1092507e+11   1.4437596e+13   2.3721752e+11   5.6133512e+11   7.8129560e+10   2.6578500e+01   4.4860137e+09   2.7406332e+19   1.1648975e+11   8.5519952e+10   6.6618307e+10   4.7498782e+09   2.2194118e+09   9.2208607e+04   7.4058030e+15   5.2500118e+10   8.0575119e+09   5.0803412e+10   2.3919944e+10   4.2484716e+10   1.5227780e+07   3.5368056e+01   3.7652953e-03   4.0864805e-03   3.7652953e-05   4.0864805e-05
   3.5375000e+01   2.7015000e+02   2.2000000e+01   1.0219000e+03   2.4173800e+02   5.5000000e-02   7.3558823e+11   1.0780945e+11   1.4617129e+13   2.6583106e+11   5.7154789e+11   7.3708422e+10   2.7263200e+01   5.0731376e+09   2.7398965e+19   1.2793371e+11   8.6973631e+10   6.8617694e+10   5.2355312e+09   2.2976416e+09   2.7183527e-03   7.4107625e+15   5.6695582e+10   8.8039998e+09   5.1597102e+10   2.5780149e+10   4.2309734e+10   1.5574339e+07   3.5375000e+01   4.9684385e-03   5.3428585e-03   4.9684385e-05   5.3428585e-05
   3.5381944e+01   2.7028333e+02   2.1833333e+01   1.0219500e+03   2.7031717e+02   7.0500000e-02   7.5124290e+11   1.0703592e+11   1.4292809e+13   2.7271468e+11   5.6475849e+11   7.0930916e+10   2.7493850e+01   5.1736155e+09   2.7386789e+19   1.3020930e+11   8.9402255e+10   6.9469511e+10   5.5688798e+09   2.3096352e+09   1.5912911e+05   7.4098837e+15   5.8229608e+10   9.1630444e+09   5.4156484e+10   2.3815301e+10   4.1010367e+10   1.5508230e+07   3.5381944e+01   4.2104449e-03   4.5655212e-03   4.2104449e-05   4.5655212e-05
   3.5388889e+01   2.7041667e+02   2.1666667e+01   1.0220000e+03   2.9889633e+02   8.6000000e-02   7.6688368e+11   1.0626309e+11   1.3968778e+13   2.7959219e+11   5.5797515e+11   6.8155880e+10   2.7724500e+01   5.2740043e+09   2.7374625e+19   1.3248287e+11   9.1828726e+10   7.0320574e+10   5.9019326e+09   2.3216182e+09   3.1811686e+05   7.4090060e+15   5.9762273e+10   9.5217704e+09   5.6715865e+10   2.1850454e+10   3.9710999e+10   1.5442181e+07   3.5388889e+01   7.3368130e-03   7.8228524e-03   7.3368130e-05   7.8228524e-05
   3.5395833e+01   2.7055000e+02   2.1500000e+01   1.0220500e+03   3.2747550e+02   1.0150000e-01   7.8251062e+11   1.0549095e+11   1.3645036e+13   2.8646361e+11   5.5119785e+11   6.5383312e+10   2.7955150e+01   5.3743042e+09   2.7362472e+19   1.3475443e+11   9.4253046e+10   7.1170885e+10   6.2346898e+09   2.3335907e+09   4.7696347e+05   7.4081294e+15   6.1293580e+10   9.8801783e+09   5.9275247e+10   1.9885606e+10   3.8411631e+10   1.5376191e+07   3.5395833e+01   3.8049123e-03   4.1315367e-03   3.8049123e-05   4.1315367e-05
   3.5402778e+01   2.7068333e+02   2.1333333e+01   1.0221000e+03   3.5605467e+02   1.1700000e-01   7.9812371e+11   1.0471950e+11   1.3321581e+13   2.9332894e+11   5.4442659e+11   6.2613206e+10   2.8185800e+01   5.4745154e+09   2.7350332e+19   1.3702398e+11   9.6675219e+10   7.2020444e+10   6.5671520e+09   2.3455526e+09   6.3566913e+05   7.4072540e+15   6.2823530e+10   1.0238269e+10   5.8076214e+10   2.0031712e+10   3.7359190e+10   1.5310260e+07   3.5402778e+01   6.9185352e-03   7.3797223e-03   6.9185352e-05   7.3797223e-05
   3.5409722e+01   2.7081667e+02   2.1166667e+01   1.0221500e+03   3.8463383e+02   1.3250000e-01   8.1372300e+11   1.0394874e+11   1.2998414e+13   3.0018819e+11   5.3766136e+11   5.9845561e+10   2.8416450e+01   5.5746379e+09   2.7338204e+19   1.3929152e+11   9.9095248e+10   7.2869253e+10   6.8993197e+09   2.3575041e+09   7.9423405e+05   7.4063796e+15   6.4352127e+10   1.0596042e+10   5.6877181e+10   2.0177817e+10   3.6306749e+10   1.5244388e+07   3.5409722e+01   3.8967177e-03   4.2179966e-03   3.8967177e-05   4.2179966e-05
   3.5416667e+01   2.7095000e+02   2.1000000e+01   1.0222000e+03   4.1321300e+02   1.4800000e-01   8.2930849e+11   1.0317866e+11   1.2675534e+13   3.0704138e+11   5.3090216e+11   5.7080371e+10   2.8647100e+01   5.6746719e+09   2.7326087e+19   1.4155706e+11   1.0151314e+11   7.3717313e+10   7.2311932e+09   2.3694450e+09   9.5265846e+05   7.4055063e+15   6.5879371e+10   1.0953498e+10   5.5678148e+10   2.0323922e+10   3.5254308e+10   1.5178576e+07   3.5416667e+01   3.7181828e-03   4.0310345e-03   3.7181828e-05   4.0310345e-05
   3.5423611e+01   2.7113333e+02   2.0666667e+01   1.0222167e+03   4.3465517e+02   1.6733333e-01   8.5471164e+11   9.7390994e+10   1.2037518e+13   2.8980646e+11   5.0362836e+11   5.3966998e+10   2.7755517e+01   5.4053610e+09   2.7308055e+19   1.3661870e+11   9.7852864e+10   7.0365213e+10   7.1418530e+09   2.3118645e+09   1.3339166e+06   7.4042743e+15   6.4698472e+10   1.0707716e+10   5.6881158e+10   2.1176296e+10   3.8400599e+10   1.6658069e+07   3.5423611e+01   5.4500134e-03   5.8465997e-03   5.4500134e-05   5.8465997e-05
   3.5430556e+01   2.7131667e+02   2.0333333e+01   1.0222333e+03   4.5609733e+02   1.8666667e-01   8.8008130e+11   9.1610962e+10   1.1400345e+13   2.7259428e+11   4.7639054e+11   5.0857733e+10   2.6863933e+01   5.1364054e+09   2.7290048e+19   1.3168685e+11   9.4197422e+10   6.7017535e+10   7.0526307e+09   2.2543599e+09   1.7146719e+06   7.4030440e+15   6.3519133e+10   1.0462258e+10   5.8084169e+10   2.2028671e+10   4.1546891e+10   1.8135610e+07   3.5430556e+01   7.0619277e-03   7.5279016e-03   7.0619277e-05   7.5279016e-05
   3.5437500e+01   2.7150000e+02   2.0000000e+01   1.0222500e+03   4.7753950e+02   2.0600000e-01   9.0541754e+11   8.5838550e+10   1.0764011e+13   2.5540479e+11   4.4918863e+11   4.7752567e+10   2.5972350e+01   4.8678044e+09   2.7272065e+19   1.2676151e+11   9.0546800e+10   6.3674271e+10   6.9635262e+09   2.1969312e+09   2.0949255e+06   7.4018156e+15   6.2341349e+10   1.0217124e+10   5.9287180e+10   2.2881045e+10   4.4693182e+10   1.9611205e+07   3.5437500e+01   4.9675719e-03   5.3306271e-03   4.9675719e-05   5.3306271e-05
   3.5444444e+01   2.7168333e+02   1.9666667e+01   1.0222667e+03   4.9898167e+02   2.2533333e-01   9.3072044e+11   8.0073743e+10   1.0128516e+13   2.3823795e+11   4.2202256e+11   4.4651491e+10   2.5080767e+01   4.5995573e+09   2.7254106e+19   1.2184266e+11   8.6900987e+10   6.0335411e+10   6.8745393e+09   2.1395781e+09   2.4746782e+06   7.4005889e+15   6.1165117e+10   9.9723136e+09   6.4296764e+10   2.3851211e+10   4.4780612e+10   2.1084857e+07   3.5444444e+01   6.8589273e-03   7.3123214e-03   6.8589273e-05   7.3123214e-05
   3.5451389e+01   2.7186667e+02   1.9333333e+01   1.0222833e+03   5.2042383e+02   2.4466667e-01   9.5599005e+11   7.4316525e+10   9.4938573e+12   2.2109370e+11   3.9489225e+11   4.1554498e+10   2.4189183e+01   4.3316633e+09   2.7236171e+19   1.1693028e+11   8.3259975e+10   5.7000948e+10   6.7856695e+09   2.0823006e+09   2.8539313e+06   7.3993640e+15   5.9990435e+10   9.7278251e+09   6.9306348e+10   2.4821376e+10   4.4868042e+10   2.2556570e+07   3.5451389e+01   3.6483851e-03   3.9650082e-03   3.6483851e-05   3.9650082e-05
   3.5458333e+01   2.7205000e+02   1.9000000e+01   1.0223000e+03   5.4186600e+02   2.6400000e-01   9.8122645e+11   6.8566880e+10   8.8600336e+12   2.0397201e+11   3.6779763e+11   3.8461579e+10   2.3297600e+01   4.0641217e+09   2.7218260e+19   1.1202437e+11   7.9623754e+10   5.3670871e+10   6.6969168e+09   2.0250984e+09   3.2326855e+06   7.3981409e+15   5.8817299e+10   9.4836584e+09   7.4315933e+10   2.5791542e+10   4.4955472e+10   2.4026348e+07   3.5458333e+01   3.4319221e-03   3.7292271e-03   3.4319221e-05   3.7292271e-05
   3.5465278e+01   2.7213333e+02   1.8833333e+01   1.0222167e+03   5.5401350e+02   2.7783333e-01   9.9036417e+11   6.8147371e+10   8.6966172e+12   2.0073765e+11   3.6290184e+11   4.1097333e+10   2.3363733e+01   4.0077542e+09   2.7207707e+19   1.1080933e+11   7.9088543e+10   5.2845575e+10   6.7390135e+09   2.0177989e+09   3.4172563e+06   7.3991632e+15   5.9172818e+10   9.4706674e+09   6.9152714e+10   2.6143800e+10   4.5692298e+10   2.3883238e+07   3.5465278e+01   4.5326306e-03   4.8865549e-03   4.5326306e-05   4.8865549e-05
   3.5472222e+01   2.7221667e+02   1.8666667e+01   1.0221333e+03   5.6616100e+02   2.9166667e-01   9.9949476e+11   6.7728183e+10   8.5333268e+12   1.9750578e+11   3.5800983e+11   4.3731040e+10   2.3429867e+01   3.9514302e+09   2.7197161e+19   1.0959522e+11   7.8553741e+10   5.2020916e+10   6.7810772e+09   2.0105048e+09   3.6016838e+06   7.4001843e+15   5.9528058e+10   9.4576858e+09   6.3989496e+10   2.6496058e+10   4.6429123e+10   2.3740239e+07   3.5472222e+01   5.4602742e-03   5.8495122e-03   5.4602742e-05   5.8495122e-05
   3.5479167e+01   2.7230000e+02   1.8500000e+01   1.0220500e+03   5.7830850e+02   3.0550000e-01   1.0086182e+12   6.7309316e+10   8.3701625e+12   1.9427641e+11   3.5312158e+11   4.6362704e+10   2.3496000e+01   3.8951495e+09   2.7186621e+19   1.0838205e+11   7.8019349e+10   5.1196893e+10   6.8231078e+09   2.0032163e+09   3.7859681e+06   7.4012041e+15   5.9883018e+10   9.4447137e+09   5.8826277e+10   2.6848316e+10   4.7165948e+10   2.3597348e+07   3.5479167e+01   7.4640187e-03   7.9482539e-03   7.4640187e-05   7.9482539e-05
   3.5486111e+01   2.7238333e+02   1.8333333e+01   1.0219667e+03   5.9045600e+02   3.1933333e-01   1.0177345e+12   6.6890769e+10   8.2071241e+12   1.9104953e+11   3.4823710e+11   4.8992326e+10   2.3562133e+01   3.8389122e+09   2.7176087e+19   1.0716981e+11   7.7485366e+10   5.0373505e+10   6.8651054e+09   1.9959332e+09   3.9701093e+06   7.4022227e+15   6.0237700e+10   9.4317510e+09   6.1905133e+10   2.4419934e+10   4.5998697e+10   2.3454567e+07   3.5486111e+01   5.1446137e-03   5.5296867e-03   5.1446137e-05   5.5296867e-05
   3.5493056e+01   2.7246667e+02   1.8166667e+01   1.0218833e+03   6.0260350e+02   3.3316667e-01   1.0268437e+12   6.6472542e+10   8.0442114e+12   1.8782513e+11   3.4335638e+11   5.1619907e+10   2.3628267e+01   3.7827183e+09   2.7165560e+19   1.0595850e+11   7.6951792e+10   4.9550752e+10   6.9070701e+09   1.9886558e+09   4.1541077e+06   7.4032400e+15   6.0592103e+10   9.4187978e+09   6.4983989e+10   2.1991553e+10   4.4831445e+10   2.3311895e+07   3.5493056e+01   4.7457123e-03   5.1110623e-03   4.7457123e-05   5.1110623e-05
   3.5500000e+01   2.7255000e+02   1.8000000e+01   1.0218000e+03   6.1475100e+02   3.4700000e-01   1.0359458e+12   6.6054634e+10   7.8814244e+12   1.8460322e+11   3.3847942e+11   5.4245451e+10   2.3694400e+01   3.7265676e+09   2.7155040e+19   1.0474812e+11   7.6418627e+10   4.8728633e+10   6.9490018e+09   1.9813838e+09   4.3379633e+06   7.4042561e+15   6.0946228e+10   9.4058541e+09   6.8062844e+10   1.9563171e+10   4.3664194e+10   2.3169332e+07   3.5500000e+01   8.5365716e-03   9.0697834e-03   8.5365716e-05   9.0697834e-05
   3.5506944e+01   2.7274167e+02   1.8000000e+01   1.0216500e+03   6.1646783e+02   3.4700000e-01   1.0433424e+12   6.5858976e+10   7.7848505e+12   1.8078029e+11   3.3528652e+11   5.7228702e+10   2.3933067e+01   3.6477853e+09   2.7131973e+19   1.0350020e+11   7.5905132e+10   4.7942423e+10   6.9542955e+09   1.9821765e+09   4.3518690e+06   7.4020500e+15   6.1264448e+10   9.3592420e+09   7.1485500e+10   2.2206176e+10   4.7831538e+10   2.2360472e+07   3.5506944e+01   5.8264350e-03   6.2399402e-03   5.8264350e-05   6.2399402e-05
   3.5513889e+01   2.7293333e+02   1.8000000e+01   1.0215000e+03   6.1818467e+02   3.4700000e-01   1.0507262e+12   6.5663634e+10   7.6884385e+12   1.7696381e+11   3.3209896e+11   6.0206876e+10   2.4171733e+01   3.5691358e+09   2.7108939e+19   1.0225438e+11   7.5392490e+10   4.7157536e+10   6.9595785e+09   1.9829674e+09   4.3657501e+06   7.3998458e+15   6.1582112e+10   9.3127068e+09   7.4908157e+10   2.4849180e+10   5.1998881e+10   2.1552980e+07   3.5513889e+01   8.6968170e-03   9.2598460e-03   8.6968170e-05   9.2598460e-05
   3.5520833e+01   2.7312500e+02   1.8000000e+01   1.0213500e+03   6.1990150e+02   3.4700000e-01   1.0580972e+12   6.5468607e+10   7.5921882e+12   1.7315376e+11   3.2891673e+11   6.3179980e+10   2.4410400e+01   3.4906189e+09   2.7085937e+19   1.0101064e+11   7.4880699e+10   4.6373969e+10   6.9648508e+09   1.9837564e+09   4.3796065e+06   7.3976435e+15   6.1899222e+10   9.2662481e+09   7.8330813e+10   2.7492184e+10   5.6166225e+10   2.0746853e+07   3.5520833e+01   8.0053865e-03   8.5332274e-03   8.0053865e-05   8.5332274e-05
   3.5527778e+01   2.7331667e+02   1.8000000e+01   1.0212000e+03   6.2161833e+02   3.4700000e-01   1.0654555e+12   6.5273894e+10   7.4960993e+12   1.6935013e+11   3.2573980e+11   6.6148028e+10   2.4649067e+01   3.4122343e+09   2.7062968e+19   9.9768984e+10   7.4369757e+10   4.5591719e+10   6.9701125e+09   1.9845437e+09   4.3934383e+06   7.3954431e+15   6.2215778e+10   9.2198660e+09   7.3400181e+10   2.5707465e+10   5.1321531e+10   1.9942088e+07   3.5527778e+01   6.3797257e-03   6.8270421e-03   6.3797257e-05   6.8270421e-05
   3.5534722e+01   2.7350833e+02   1.8000000e+01   1.0210500e+03   6.2333517e+02   3.4700000e-01   1.0728010e+12   6.5079495e+10   7.4001713e+12   1.6555290e+11   3.2256819e+11   6.9111028e+10   2.4887733e+01   3.3339817e+09   2.7040031e+19   9.8529410e+10   7.3859663e+10   4.4810784e+10   6.9753634e+09   1.9853291e+09   4.4072456e+06   7.3932446e+15   6.2531783e+10   9.1735602e+09   6.8469550e+10   2.3922746e+10   4.6476837e+10   1.9138681e+07   3.5534722e+01   7.1470831e-03   7.6440592e-03   7.1470831e-05   7.6440592e-05
   3.5541667e+01   2.7370000e+02   1.8000000e+01   1.0209000e+03   6.2505200e+02   3.4700000e-01   1.0801339e+12   6.4885409e+10   7.3044040e+12   1.6176207e+11   3.1940186e+11   7.2068992e+10   2.5126400e+01   3.2558608e+09   2.7017125e+19   9.7291910e+10   7.3350415e+10   4.4031160e+10   6.9806038e+09   1.9861126e+09   4.4210284e+06   7.3910480e+15   6.2847237e+10   9.1273305e+09   6.3538918e+10   2.2138027e+10   4.1632143e+10   1.8336631e+07   3.5541667e+01   7.9691384e-03   8.5149871e-03   7.9691384e-05   8.5149871e-05
   3.5548611e+01   2.7390833e+02   1.7833333e+01   1.0208000e+03   6.1615683e+02   3.3566667e-01   1.0840354e+12   6.4507849e+10   7.2199410e+12   1.5862638e+11   3.1968509e+11   7.3554370e+10   2.5420450e+01   3.1852570e+09   2.6993932e+19   9.6798935e+10   7.3884146e+10   4.3960608e+10   7.0543017e+09   2.0052879e+09   4.5140827e+06   7.3885181e+15   6.3402627e+10   9.1824358e+09   6.2741695e+10   2.2046031e+10   4.6308683e+10   1.7347173e+07   3.5548611e+01   7.4560516e-03   7.9732055e-03   7.4560516e-05   7.9732055e-05
   3.5555556e+01   2.7411667e+02   1.7666667e+01   1.0207000e+03   6.0726167e+02   3.2433333e-01   1.0879300e+12   6.4130926e+10   7.1356216e+12   1.5549604e+11   3.1996777e+11   7.5037187e+10   2.5714500e+01   3.1147737e+09   2.6970774e+19   9.6306789e+10   7.4416949e+10   4.3890169e+10   7.1278720e+09   2.0244299e+09   4.6069767e+06   7.3859913e+15   6.3957054e+10   9.2374450e+09   6.1944471e+10   2.1954035e+10   5.0985224e+10   1.6359410e+07   3.5555556e+01   7.6295234e-03   8.1521728e-03   7.6295234e-05   8.1521728e-05
   3.5562500e+01   2.7432500e+02   1.7500000e+01   1.0206000e+03   5.9836650e+02   3.1300000e-01   1.0918177e+12   6.3754638e+10   7.0514456e+12   1.5237104e+11   3.2024992e+11   7.6517450e+10   2.6008550e+01   3.0444108e+09   2.6947651e+19   9.5815471e+10   7.4948827e+10   4.3819844e+10   7.2013150e+09   2.0435387e+09   4.6997107e+06   7.3834676e+15   6.4510520e+10   9.2923583e+09   6.1147247e+10   2.1862039e+10   5.5661765e+10   1.5373338e+07   3.5562500e+01   8.2797162e-03   8.8371588e-03   8.2797162e-05   8.8371588e-05
   3.5569444e+01   2.7453333e+02   1.7333333e+01   1.0205000e+03   5.8947133e+02   3.0166667e-01   1.0956987e+12   6.3378984e+10   6.9674127e+12   1.4925138e+11   3.2053153e+11   7.7995163e+10   2.6302600e+01   2.9741680e+09   2.6924563e+19   9.5324978e+10   7.5479780e+10   4.3749632e+10   7.2746309e+09   2.0626145e+09   4.7922849e+06   7.3809470e+15   6.5063026e+10   9.3471760e+09   5.8110250e+10   2.2596253e+10   5.1500073e+10   1.4388953e+07   3.5569444e+01   1.0425555e-02   1.1090747e-02   1.0425555e-04   1.1090747e-04
   3.5576389e+01   2.7474167e+02   1.7166667e+01   1.0204000e+03   5.8057617e+02   2.9033333e-01   1.0995728e+12   6.3003963e+10   6.8835224e+12   1.4613703e+11   3.2081261e+11   7.9470333e+10   2.6596650e+01   2.9040449e+09   2.6901510e+19   9.4835309e+10   7.6009812e+10   4.3679533e+10   7.3478201e+09   2.0816572e+09   4.8846999e+06   7.3784295e+15   6.5614575e+10   9.4018983e+09   5.5073252e+10   2.3330467e+10   4.7338381e+10   1.3406251e+07   3.5576389e+01   9.8234885e-03   1.0447841e-02   9.8234885e-05   1.0447841e-04
   3.5583333e+01   2.7495000e+02   1.7000000e+01   1.0203000e+03   5.7168100e+02   2.7900000e-01   1.1034400e+12   6.2629573e+10   6.7997746e+12   1.4302798e+11   3.2109315e+11   8.0942965e+10   2.6890700e+01   2.8340413e+09   2.6878492e+19   9.4346462e+10   7.6538924e+10   4.3609546e+10   7.4208828e+09   2.1006670e+09   4.9769559e+06   7.3759150e+15   6.6165170e+10   9.4565253e+09   5.2036255e+10   2.4064681e+10   4.3176689e+10   1.2425228e+07   3.5583333e+01   8.2078559e-03   8.7595464e-03   8.2078559e-05   8.7595464e-05
   3.5590278e+01   2.7503333e+02   1.6833333e+01   1.0202667e+03   5.5285833e+02   2.5383333e-01   1.0986107e+12   6.3448581e+10   6.8100268e+12   1.4180363e+11   3.2964899e+11   8.2359045e+10   2.7341100e+01   2.7982179e+09   2.6869470e+19   9.4973141e+10   7.8029119e+10   4.4416353e+10   7.5306839e+09   2.1365398e+09   5.0547294e+06   7.3764397e+15   6.6865616e+10   9.6033097e+09   5.2437601e+10   2.3722045e+10   4.0723521e+10   1.1543160e+07   3.5590278e+01   8.4784696e-03   9.0501528e-03   8.4784696e-05   9.0501528e-05
   3.5597222e+01   2.7511667e+02   1.6666667e+01   1.0202333e+03   5.3403567e+02   2.2866667e-01   1.0937845e+12   6.4267037e+10   6.8202720e+12   1.4058009e+11   3.3819907e+11   8.3774173e+10   2.7791500e+01   2.7624186e+09   2.6860453e+19   9.5599398e+10   7.9518313e+10   4.5222617e+10   7.6404112e+09   2.1723884e+09   5.1324507e+06   7.3769639e+15   6.7565590e+10   9.7499954e+09   5.2838946e+10   2.3379409e+10   3.8270353e+10   1.0661684e+07   3.5597222e+01   9.6563234e-03   1.0293535e-02   9.6563234e-05   1.0293535e-04
   3.5604167e+01   2.7520000e+02   1.6500000e+01   1.0202000e+03   5.1521300e+02   2.0350000e-01   1.0889616e+12   6.5084943e+10   6.8305102e+12   1.3935738e+11   3.4674342e+11   8.5188349e+10   2.8241900e+01   2.7266431e+09   2.6851442e+19   9.6225232e+10   8.1006506e+10   4.6028340e+10   7.7500647e+09   2.2082130e+09   5.2101196e+06   7.3774875e+15   6.8265093e+10   9.8965824e+09   5.3240292e+10   2.3036773e+10   3.5817185e+10   9.7807990e+06   3.5604167e+01   8.8803505e-03   9.4719671e-03   8.8803505e-05   9.4719671e-05
   3.5611111e+01   2.7528333e+02   1.6333333e+01   1.0201667e+03   4.9639033e+02   1.7833333e-01   1.0841419e+12   6.5902299e+10   6.8407414e+12   1.3813548e+11   3.5528202e+11   8.6601575e+10   2.8692300e+01   2.6908917e+09   2.6842437e+19   9.6850644e+10   8.2493698e+10   4.6833521e+10   7.8596445e+09   2.2440134e+09   5.2877364e+06   7.3780106e+15   6.8964126e+10   1.0043071e+10   5.6065156e+10   2.3350321e+10   4.0868422e+10   8.9005047e+06   3.5611111e+01   9.6328268e-03   1.0264224e-02   9.6328268e-05   1.0264224e-04
   3.5618056e+01   2.7536667e+02   1.6166667e+01   1.0201333e+03   4.7756767e+02   1.5316667e-01   1.0793254e+12   6.6719105e+10   6.8509655e+12   1.3691439e+11   3.6381489e+11   8.8013852e+10   2.9142700e+01   2.6551641e+09   2.6833437e+19   9.7475635e+10   8.3979892e+10   4.7638161e+10   7.9691506e+09   2.2797898e+09   5.3653010e+06   7.3785333e+15   6.9662688e+10   1.0189461e+10   5.8890020e+10   2.3663870e+10   4.5919659e+10   8.0208005e+06   3.5618056e+01   1.0234668e-02   1.0896822e-02   1.0234668e-04   1.0896822e-04
   3.5625000e+01   2.7545000e+02   1.6000000e+01   1.0201000e+03   4.5874500e+02   1.2800000e-01   1.0745121e+12   6.7535362e+10   6.8611827e+12   1.3569412e+11   3.7234204e+11   8.9425180e+10   2.9593100e+01   2.6194604e+09   2.6824442e+19   9.8100205e+10   8.5465087e+10   4.8442260e+10   8.0785832e+09   2.3155422e+09   5.4428135e+06   7.3790554e+15   7.0360780e+10   1.0335753e+10   6.1714884e+10   2.3977418e+10   5.0970895e+10   7.1416859e+06   3.5625000e+01   9.8996217e-03   1.0541726e-02   9.8996217e-05   1.0541726e-04
   3.5631944e+01   2.7545000e+02   1.6000000e+01   1.0201000e+03   4.3175133e+02   1.1658333e-01   1.0561351e+12   6.8932602e+10   6.9091448e+12   1.3187119e+11   3.9033766e+11   9.0106521e+10   3.0029667e+01   2.5769683e+09   2.6824442e+19   9.9290942e+10   8.7894801e+10   5.0116195e+10   8.1943306e+09   2.3642827e+09   5.5401057e+06   7.3806961e+15   7.0957133e+10   1.0547317e+10   6.1474822e+10   2.3989882e+10   5.1047552e+10   6.5247192e+06   3.5631944e+01   1.0391659e-02   1.1061231e-02   1.0391659e-04   1.1061231e-04
   3.5638889e+01   2.7545000e+02   1.6000000e+01   1.0201000e+03   4.0475767e+02   1.0516667e-01   1.0377581e+12   7.0329843e+10   6.9571069e+12   1.2804826e+11   4.0833329e+11   9.0787862e+10   3.0466233e+01   2.5344761e+09   2.6824442e+19   1.0048168e+11   9.0324514e+10   5.1790130e+10   8.3100781e+09   2.4130231e+09   5.6373980e+06   7.3823369e+15   7.1553485e+10   1.0758881e+10   6.1234760e+10   2.4002346e+10   5.1124208e+10   5.9077526e+06   3.5638889e+01   1.0009991e-02   1.0657509e-02   1.0009991e-04   1.0657509e-04
   3.5645833e+01   2.7545000e+02   1.6000000e+01   1.0201000e+03   3.7776400e+02   9.3750000e-02   1.0193811e+12   7.1727083e+10   7.0050690e+12   1.2422533e+11   4.2632891e+11   9.1469202e+10   3.0902800e+01   2.4919840e+09   2.6824442e+19   1.0167242e+11   9.2754227e+10   5.3464064e+10   8.4258256e+09   2.4617636e+09   5.7346902e+06   7.3839777e+15   7.2149837e+10   1.0970446e+10   6.0994698e+10   2.4014809e+10   5.1200865e+10   5.2907859e+06   3.5645833e+01   9.8651718e-03   1.0501456e-02   9.8651718e-05   1.0501456e-04
   3.5652778e+01   2.7545000e+02   1.6000000e+01   1.0201000e+03   3.5077033e+02   8.2333333e-02   1.0010041e+12   7.3124324e+10   7.0530311e+12   1.2040240e+11   4.4432453e+11   9.2150543e+10   3.1339367e+01   2.4494918e+09   2.6824442e+19   1.0286315e+11   9.5183941e+10   5.5137999e+10   8.5415730e+09   2.5105040e+09   5.8319825e+06   7.3856184e+15   7.2746189e+10   1.1182010e+10   6.4179388e+10   2.5756937e+10   4.9576232e+10   4.6738193e+06   3.5652778e+01   9.9427572e-03   1.0585099e-02   9.9427572e-05   1.0585099e-04
   3.5659722e+01   2.7545000e+02   1.6000000e+01   1.0201000e+03   3.2377667e+02   7.0916667e-02   9.8262716e+11   7.4521564e+10   7.1009932e+12   1.1657947e+11   4.6232016e+11   9.2831884e+10   3.1775933e+01   2.4069997e+09   2.6824442e+19   1.0405389e+11   9.7613654e+10   5.6811933e+10   8.6573205e+09   2.5592445e+09   5.9292747e+06   7.3872592e+15   7.3342541e+10   1.1393575e+10   6.7364079e+10   2.7499064e+10   4.7951598e+10   4.0568527e+06   3.5659722e+01   9.4386709e-03   1.0054029e-02   9.4386709e-05   1.0054029e-04
   3.5666667e+01   2.7545000e+02   1.6000000e+01   1.0201000e+03   2.9678300e+02   5.9500000e-02   9.6425018e+11   7.5918805e+10   7.1489553e+12   1.1275654e+11   4.8031578e+11   9.3513225e+10   3.2212500e+01   2.3645075e+09   2.6824442e+19   1.0524463e+11   1.0004337e+11   5.8485868e+10   8.7730680e+09   2.6079849e+09   6.0265670e+06   7.3888999e+15   7.3938893e+10   1.1605139e+10   7.0548770e+10   2.9241192e+10   4.6326965e+10   3.4398860e+06   3.5666667e+01   9.6124425e-03   1.0238268e-02   9.6124425e-05   1.0238268e-04
   3.5673611e+01   2.7533333e+02   1.6166667e+01   1.0201667e+03   2.6527767e+02   5.1583333e-02   9.0889207e+11   7.9347400e+10   7.3953990e+12   1.0169370e+11   5.3104200e+11   9.6393860e+10   3.2913150e+01   2.3622284e+09   2.6837562e+19   1.0829744e+11   1.0580986e+11   6.3017280e+10   8.9083978e+09   2.6932791e+09   6.1804580e+06   7.3921382e+15   7.5107065e+10   1.1941109e+10   6.7694578e+10   2.8271315e+10   4.6821314e+10   3.0456948e+06   3.5673611e+01   8.9707949e-03   9.5654637e-03   8.9707949e-05   9.5654637e-05
   3.5680556e+01   2.7521667e+02   1.6333333e+01   1.0202333e+03   2.3377233e+02   4.3666667e-02   8.5347973e+11   8.2779346e+10   7.6420833e+12   9.0620017e+10   5.8181784e+11   9.9277307e+10   3.3613800e+01   2.3599468e+09   2.6850694e+19   1.1135323e+11   1.1158200e+11   6.7553123e+10   9.0438596e+09   2.7786566e+09   6.3344993e+06   7.3953791e+15   7.6276376e+10   1.2277408e+10   6.4840385e+10   2.7301438e+10   4.7315664e+10   2.6511176e+06   3.5680556e+01   8.8328081e-03   9.4177791e-03   8.8328081e-05   9.4177791e-05
   3.5687500e+01   2.7510000e+02   1.6500000e+01   1.0203000e+03   2.0226700e+02   3.5750000e-02   7.9801308e+11   8.6214646e+10   7.8890087e+12   7.9535491e+10   6.3264334e+11   1.0216357e+11   3.4314450e+01   2.3576629e+09   2.6863836e+19   1.1441200e+11   1.1735977e+11   7.2093402e+10   9.1794533e+09   2.8641174e+09   6.4886909e+06   7.3986228e+15   7.7446827e+10   1.2614035e+10   6.1986193e+10   2.6331561e+10   4.7810013e+10   2.2561539e+06   3.5687500e+01   9.0718573e-03   9.6754984e-03   9.0718573e-05   9.6754984e-05
   3.5694444e+01   2.7498333e+02   1.6666667e+01   1.0203667e+03   1.7076167e+02   2.7833333e-02   7.4249207e+11   8.9653305e+10   8.1361754e+12   6.8440104e+10   6.8351857e+11   1.0505266e+11   3.5015100e+01   2.3553766e+09   2.6876989e+19   1.1747377e+11   1.2314320e+11   7.6638123e+10   9.3151793e+09   2.9496618e+09   6.6430332e+06   7.4018692e+15   7.8618419e+10   1.2950991e+10   6.0835832e+10   2.6337911e+10   4.8493141e+10   1.8608033e+06   3.5694444e+01   8.7693036e-03   9.3551187e-03   8.7693036e-05   9.3551187e-05
   3.5701389e+01   2.7486667e+02   1.6833333e+01   1.0204333e+03   1.3925633e+02   1.9916667e-02   6.8691661e+11   9.3095327e+10   8.3835837e+12   5.7333842e+10   7.3444361e+11   1.0794456e+11   3.5715750e+01   2.3530879e+09   2.6890154e+19   1.2053852e+11   1.2893228e+11   8.1187291e+10   9.4510377e+09   3.0352898e+09   6.7975262e+06   7.4051182e+15   7.9791154e+10   1.3288276e+10   5.9685470e+10   2.6344261e+10   4.9176270e+10   1.4650652e+06   3.5701389e+01   8.7435845e-03   9.3319209e-03   8.7435845e-05   9.3319209e-05
   3.5708333e+01   2.7475000e+02   1.7000000e+01   1.0205000e+03   1.0775100e+02   1.2000000e-02   6.3128664e+11   9.6540716e+10   8.6312339e+12   4.6216693e+10   7.8541851e+11   1.1083930e+11   3.6416400e+01   2.3507968e+09   2.6903330e+19   1.2360627e+11   1.3472703e+11   8.5740913e+10   9.5870286e+09   3.1210015e+09   6.9521702e+06   7.4083700e+15   8.0965034e+10   1.3625891e+10   5.8535109e+10   2.6350611e+10   4.9859398e+10   1.0689393e+06   3.5708333e+01   8.5408062e-03   9.1132357e-03   8.5408062e-05   9.1132357e-05
   3.5715278e+01   2.7468333e+02   1.7166667e+01   1.0206500e+03   8.9792500e+01   1.0000000e-02   5.2726997e+11   1.1459521e+11   1.0595224e+13   1.2994663e+11   8.9918742e+11   1.2831964e+11   4.0034350e+01   2.7709836e+09   2.6913815e+19   1.2959096e+11   1.5460314e+11   1.0308287e+11   9.7478249e+09   3.1533257e+09   7.3017270e+06   7.4082474e+15   8.5203082e+10   1.3878840e+10   6.0226866e+10   2.9111392e+10   4.8417476e+10   8.9745394e+05   3.5715278e+01   9.3095694e-03   9.9273355e-03   9.3095694e-05   9.9273355e-05
   3.5722222e+01   2.7461667e+02   1.7333333e+01   1.0208000e+03   7.1834000e+01   8.0000000e-03   4.2317215e+11   1.3266377e+11   1.2560745e+13   2.1374183e+11   1.0130449e+12   1.4581360e+11   4.3652300e+01   3.1914976e+09   2.6924305e+19   1.3558030e+11   1.7449472e+11   1.2043834e+11   9.9087455e+09   3.1856748e+09   7.6515554e+06   7.4081238e+15   8.9444426e+10   1.4131984e+10   6.1918622e+10   3.1872173e+10   4.6975553e+10   7.2583484e+05   3.5722222e+01   9.4612787e-03   1.0089852e-02   9.4612787e-05   1.0089852e-04
   3.5729167e+01   2.7455000e+02   1.7500000e+01   1.0209500e+03   5.3875500e+01   6.0000000e-03   3.1899311e+11   1.5074640e+11   1.4527796e+13   2.9760234e+11   1.1269911e+12   1.6332118e+11   4.7270250e+01   3.6123392e+09   2.6934800e+19   1.4157429e+11   1.9440178e+11   1.3780733e+11   1.0069790e+10   3.2180487e+09   8.0016557e+06   7.4079993e+15   9.3689066e+10   1.4385325e+10   6.3610379e+10   3.4632953e+10   4.5533630e+10   5.5408183e+05   3.5729167e+01   9.3002583e-03   9.9127062e-03   9.3002583e-05   9.9127062e-05
   3.5736111e+01   2.7448333e+02   1.7666667e+01   1.0211000e+03   3.5917000e+01   4.0000000e-03   2.1473279e+11   1.6884311e+11   1.6496380e+13   3.8152821e+11   1.2410260e+12   1.8084239e+11   5.0888200e+01   4.0335085e+09   2.6945300e+19   1.4757294e+11   2.1432436e+11   1.5518984e+11   1.0230960e+10   3.2504475e+09   8.3520282e+06   7.4078738e+15   9.7937005e+10   1.4638861e+10   6.4193996e+10   3.2159836e+10   4.7086924e+10   3.8219483e+05   3.5736111e+01   9.8665562e-03   1.0513925e-02   9.8665562e-05   1.0513925e-04
   3.5743056e+01   2.7441667e+02   1.7833333e+01   1.0212500e+03   1.7958500e+01   2.0000000e-03   1.1039114e+11   1.8695392e+11   1.8466497e+13   4.6551948e+11   1.3551497e+12   1.9837725e+11   5.4506150e+01   4.4550058e+09   2.6955806e+19   1.5357625e+11   2.3426244e+11   1.7258589e+11   1.0392254e+10   3.2828712e+09   8.7026729e+06   7.4077474e+15   1.0218825e+11   1.4892593e+10   6.4777613e+10   2.9686718e+10   4.8640217e+10   2.1017374e+05   3.5743056e+01   8.9949127e-03   9.5911086e-03   8.9949127e-05   9.5911086e-05
   3.5750000e+01   2.7435000e+02   1.8000000e+01   1.0214000e+03   1.0000000e-02   1.0000000e-02   5.9681042e+09   2.0507883e+11   2.0438148e+13   5.4957622e+11   1.4693622e+12   2.1592576e+11   5.8124100e+01   4.8768313e+09   2.6966316e+19   1.5958423e+11   2.5421605e+11   1.8999549e+11   1.0553672e+10   3.3153198e+09   9.0535900e+06   7.4076200e+15   1.0644279e+11   1.5146521e+10   6.5361230e+10   2.7213600e+10   5.0193510e+10   3.8018461e+04   3.5750000e+01   9.8359670e-03   1.0487535e-02   9.8359670e-05   1.0487535e-04
   3.5756944e+01   2.7430833e+02   1.8333333e+01   1.0215667e+03   1.0000000e-02   1.0000000e-02   4.9749872e+09   2.2568702e+11   2.3307183e+13   7.2015647e+11   1.4685700e+12   2.4082619e+11   6.1024967e+01   5.0925120e+09   2.6974813e+19   1.5997435e+11   2.6418930e+11   2.0141338e+11   1.0142728e+10   3.2588766e+09   8.9359643e+06   7.4062406e+15   1.0818842e+11   1.4568660e+10   6.8255123e+10   2.7213405e+10   5.0383528e+10   3.2105636e+04   3.5756944e+01   9.9490489e-03   1.0607710e-02   9.9490489e-05   1.0607710e-04
   3.5763889e+01   2.7426667e+02   1.8666667e+01   1.0217333e+03   1.0000000e-02   1.0000000e-02   3.9812439e+09   2.4630817e+11   2.6178023e+13   8.9084417e+11   1.4677771e+12   2.6574228e+11   6.3925833e+01   5.3083282e+09   2.6983313e+19   1.6036471e+11   2.7416880e+11   2.1283843e+11   9.7315227e+09   3.2023975e+09   8.8182635e+06   7.4048596e+15   1.0993514e+11   1.3990434e+10   7.1149017e+10   2.7213210e+10   5.0573545e+10   2.6189082e+04   3.5763889e+01   1.0161456e-02   1.0826195e-02   1.0161456e-04   1.0826195e-04
   3.5770833e+01   2.7422500e+02   1.9000000e+01   1.0219000e+03   1.0000000e-02   1.0000000e-02   2.9868737e+09   2.6694230e+11   2.9050669e+13   1.0616394e+12   1.4669835e+12   2.9067404e+11   6.6826700e+01   5.5242798e+09   2.6991815e+19   1.6075529e+11   2.8415458e+11   2.2427067e+11   9.3200577e+09   3.1458825e+09   8.7004876e+06   7.4034769e+15   1.1168295e+11   1.3411841e+10   7.4042910e+10   2.7213016e+10   5.0763563e+10   2.0268796e+04   3.5770833e+01   1.0159006e-02   1.0820799e-02   1.0159006e-04   1.0820799e-04
   3.5777778e+01   2.7418333e+02   1.9333333e+01   1.0220667e+03   1.0000000e-02   1.0000000e-02   1.9918766e+09   2.8758940e+11   3.1925124e+13   1.2325421e+12   1.4661894e+12   3.1562150e+11   6.9727567e+01   5.7403669e+09   2.7000320e+19   1.6114610e+11   2.9414661e+11   2.3571009e+11   8.9083324e+09   3.0893316e+09   8.5826366e+06   7.4020926e+15   1.1343185e+11   1.2832883e+10   7.2903163e+10   2.7345107e+10   4.9388606e+10   1.4344777e+04   3.5777778e+01   1.0733590e-02   1.1432708e-02   1.0733590e-04   1.1432708e-04
   3.5784722e+01   2.7414167e+02   1.9666667e+01   1.0222333e+03   1.0000000e-02   1.0000000e-02   9.9625209e+08   3.0824949e+11   3.4801387e+13   1.4035524e+12   1.4653945e+12   3.4058464e+11   7.2628433e+01   5.9565897e+09   2.7008827e+19   1.6153714e+11   3.0414491e+11   2.4715669e+11   8.4963467e+09   3.0327446e+09   8.4647104e+06   7.4007067e+15   1.1518184e+11   1.2253558e+10   7.1763415e+10   2.7477199e+10   4.8013649e+10   8.4170218e+03   3.5784722e+01   1.1386575e-02   1.2133153e-02   1.1386575e-04   1.2133153e-04
   3.5791667e+01   2.7410000e+02   2.0000000e+01   1.0224000e+03   1.0000000e-02   1.0000000e-02   6.6211657e+00   3.2892257e+11   3.7679459e+13   1.5746704e+12   1.4645990e+12   3.6556348e+11   7.5529300e+01   6.1729481e+09   2.7017337e+19   1.6192841e+11   3.1414949e+11   2.5861049e+11   8.0841005e+09   2.9761217e+09   8.3467090e+06   7.3993191e+15   1.1693292e+11   1.1673867e+10   7.0623667e+10   2.7609290e+10   4.6638692e+10   2.4855301e+03   3.5791667e+01   1.0606379e-02   1.1302563e-02   1.0606379e-04   1.1302563e-04
   3.5798611e+01   2.7397500e+02   2.0166667e+01   1.0225000e+03   1.0000000e-02   1.0000000e-02   5.5406114e+00   3.4023447e+11   3.9940639e+13   1.6535667e+12   1.4535677e+12   3.7661861e+11   7.7272350e+01   6.1301388e+09   2.7032307e+19   1.6277166e+11   3.1559453e+11   2.6172229e+11   7.7335195e+09   2.9755316e+09   8.4496774e+06   7.3999859e+15   1.1706507e+11   1.1209802e+10   7.0011655e+10   2.8781447e+10   4.7138314e+10   2.1368989e+03   3.5798611e+01   1.1958740e-02   1.2732802e-02   1.1958740e-04   1.2732802e-04
   3.5805556e+01   2.7385000e+02   2.0333333e+01   1.0226000e+03   1.0000000e-02   1.0000000e-02   4.4588584e+00   3.5155889e+11   4.2204322e+13   1.7325503e+12   1.4425240e+12   3.8768595e+11   7.9015400e+01   6.0872814e+09   2.7047291e+19   1.6361583e+11   3.1704113e+11   2.6483752e+11   7.3825491e+09   2.9749406e+09   8.5527591e+06   7.4006527e+15   1.1719735e+11   1.0745222e+10   6.9399643e+10   2.9953604e+10   4.7637936e+10   1.7878809e+03   3.5805556e+01   7.4361593e-03   7.9442974e-03   7.4361593e-05   7.9442974e-05
   3.5812500e+01   2.7372500e+02   2.0500000e+01   1.0227000e+03   1.0000000e-02   1.0000000e-02   3.3759051e+00   3.6289582e+11   4.4470512e+13   1.8116213e+12   1.4314679e+12   3.9876553e+11   8.0758450e+01   6.0443757e+09   2.7062289e+19   1.6446091e+11   3.1848931e+11   2.6795617e+11   7.0311885e+09   2.9743485e+09   8.6559542e+06   7.4013195e+15   1.1732977e+11   1.0280125e+10   6.8787632e+10   3.1125762e+10   4.8137559e+10   1.4384757e+03   3.5812500e+01   7.9983895e-03   8.5406164e-03   7.9983895e-05   8.5406164e-05
   3.5819444e+01   2.7360000e+02   2.0666667e+01   1.0228000e+03   1.0000000e-02   1.0000000e-02   2.2917499e+00   3.7424529e+11   4.6739211e+13   1.8907799e+12   1.4203993e+12   4.0985736e+11   8.2501500e+01   6.0014218e+09   2.7077300e+19   1.6530692e+11   3.1993906e+11   2.7107825e+11   6.6794374e+09   2.9737555e+09   8.7592629e+06   7.4019861e+15   1.1746232e+11   9.8145104e+09   6.9110944e+10   2.7213831e+10   4.1812307e+10   1.0886826e+03   3.5819444e+01   7.4587461e-03   7.9736852e-03   7.4587461e-05   7.9736852e-05
   3.5826389e+01   2.7347500e+02   2.0833333e+01   1.0229000e+03   1.0000000e-02   1.0000000e-02   1.2063912e+00   3.8560732e+11   4.9010423e+13   1.9700261e+12   1.4093184e+12   4.2096145e+11   8.4244550e+01   5.9584196e+09   2.7092325e+19   1.6615384e+11   3.2139038e+11   2.7420377e+11   6.3272951e+09   2.9731614e+09   8.8626852e+06   7.4026527e+15   1.1759500e+11   9.3483784e+09   6.9434257e+10   2.3301899e+10   3.5487056e+10   7.3850111e+02   3.5826389e+01   6.8446880e-03   7.3280918e-03   6.8446880e-05   7.3280918e-05
   3.5833333e+01   2.7335000e+02   2.1000000e+01   1.0230000e+03   1.0000000e-02   1.0000000e-02   1.1982730e-01   3.9698192e+11   5.1284151e+13   2.0493601e+12   1.3982249e+12   4.3207783e+11   8.5987600e+01   5.9153690e+09   2.7107364e+19   1.6700169e+11   3.2284328e+11   2.7733273e+11   5.9747612e+09   2.9725664e+09   8.9662214e+06   7.4033193e+15   1.1772782e+11   8.8817278e+09   6.9757569e+10   1.9389968e+10   2.9161805e+10   3.8793078e+02   3.5833333e+01   7.2421864e-03   7.7472863e-03   7.2421864e-05   7.7472863e-05
   3.5840278e+01   2.7325000e+02   2.0833333e+01   1.0231333e+03   1.0000000e-02   1.0000000e-02   7.2022604e+00   3.8701453e+11   5.1015661e+13   1.9610996e+12   1.3801830e+12   4.1567853e+11   8.4336317e+01   6.0224445e+09   2.7120819e+19   1.6681369e+11   3.1010916e+11   2.6678239e+11   5.8014505e+09   3.0131139e+09   9.0800682e+06   7.4034592e+15   1.1521466e+11   8.7175894e+09   6.7401818e+10   2.2668178e+10   3.3175654e+10   1.2656631e+03   3.5840278e+01   6.3196985e-03   6.7725148e-03   6.3196985e-05   6.7725148e-05
   3.5847222e+01   2.7315000e+02   2.0666667e+01   1.0232667e+03   1.0000000e-02   1.0000000e-02   1.4291726e+01   3.7703720e+11   5.0746898e+13   1.8727512e+12   1.3621229e+12   3.9926289e+11   8.2685033e+01   6.1296255e+09   2.7134283e+19   1.6662548e+11   2.9736235e+11   2.5622153e+11   5.6279669e+09   3.0537013e+09   9.1940268e+06   7.4035982e+15   1.1269899e+11   8.5532868e+09   6.5046066e+10   2.5946388e+10   3.7189503e+10   2.1442668e+03   3.5847222e+01   6.7265366e-03   7.2010005e-03   6.7265366e-05   7.2010005e-05
   3.5854167e+01   2.7305000e+02   2.0500000e+01   1.0234000e+03   1.0000000e-02   1.0000000e-02   2.1388231e+01   3.6704990e+11   5.0477862e+13   1.7843149e+12   1.3440448e+12   3.8283089e+11   8.1033750e+01   6.2369123e+09   2.7147758e+19   1.6643707e+11   2.8460284e+11   2.4565015e+11   5.4543103e+09   3.0943286e+09   9.3080974e+06   7.4037365e+15   1.1018080e+11   8.3888200e+09   6.2690315e+10   2.9224598e+10   4.1203352e+10   3.0237430e+03   3.5854167e+01   6.7960201e-03   7.2810299e-03   6.7960201e-05   7.2810299e-05
   3.5861111e+01   2.7295000e+02   2.0333333e+01   1.0235333e+03   1.0000000e-02   1.0000000e-02   2.8491785e+01   3.5705263e+11   5.0208552e+13   1.6957904e+12   1.3259485e+12   3.6638252e+11   7.9382467e+01   6.3443048e+09   2.7161242e+19   1.6624844e+11   2.7183061e+11   2.3506824e+11   5.2804804e+09   3.1349958e+09   9.4222801e+06   7.4038739e+15   1.0766010e+11   8.2241886e+09   6.2094769e+10   2.6907077e+10   4.1315361e+10   3.9040926e+03   3.5861111e+01   6.0851897e-03   6.5261513e-03   6.0851897e-05   6.5261513e-05
   3.5868056e+01   2.7285000e+02   2.0166667e+01   1.0236667e+03   1.0000000e-02   1.0000000e-02   3.5602394e+01   3.4704538e+11   4.9938967e+13   1.6071778e+12   1.3078340e+12   3.4991775e+11   7.7731183e+01   6.4518032e+09   2.7174736e+19   1.6605960e+11   2.5904566e+11   2.2447577e+11   5.1064771e+09   3.1757031e+09   9.5365751e+06   7.4040105e+15   1.0513688e+11   8.0593926e+09   6.1499224e+10   2.4589555e+10   4.1427369e+10   4.7853166e+03   3.5868056e+01   6.4881973e-03   6.9512331e-03   6.4881973e-05   6.9512331e-05
   3.5875000e+01   2.7275000e+02   2.0000000e+01   1.0238000e+03   1.0000000e-02   1.0000000e-02   4.2720066e+01   3.3702814e+11   4.9669108e+13   1.5184768e+12   1.2897014e+12   3.3343658e+11   7.6079900e+01   6.5594076e+09   2.7188240e+19   1.6587056e+11   2.4624797e+11   2.1387276e+11   4.9323002e+09   3.2164504e+09   9.6509824e+06   7.4041462e+15   1.0261114e+11   7.8944318e+09   6.0903678e+10   2.2272033e+10   4.1539378e+10   5.6674158e+03   3.5875000e+01   7.5247360e-03   8.0541298e-03   7.5247360e-05   8.0541298e-05
   3.5881944e+01   2.7268333e+02   2.0333333e+01   1.0239000e+03   1.0000000e-02   1.0000000e-02   1.1548534e+08   3.1603002e+11   4.6856336e+13   1.3236927e+12   1.2702200e+12   3.1044899e+11   7.1932950e+01   6.3717362e+09   2.7197543e+19   1.6132504e+11   2.2989503e+11   1.9832213e+11   4.7704990e+09   3.2202209e+09   9.5474438e+06   7.4037923e+15   9.7798468e+10   7.7503888e+09   6.3809754e+10   2.3032700e+10   4.1668064e+10   2.7879363e+04   3.5881944e+01   7.7225403e-03   8.2544408e-03   7.7225403e-05   8.2544408e-05
   3.5888889e+01   2.7261667e+02   2.0666667e+01   1.0240000e+03   1.0000000e-02   1.0000000e-02   2.3104968e+08   2.9501749e+11   4.4041635e+13   1.1287751e+12   1.2507253e+12   2.8744564e+11   6.7786000e+01   6.1839359e+09   2.7206851e+19   1.5677640e+11   2.1353089e+11   1.8276085e+11   4.6085867e+09   3.2239938e+09   9.4438337e+06   7.4034377e+15   9.2982498e+10   7.6062466e+09   6.6715829e+10   2.3793366e+10   4.1796751e+10   5.0106514e+04   3.5888889e+01   7.9440234e-03   8.4918922e-03   7.9440234e-05   8.4918922e-05
   3.5895833e+01   2.7255000e+02   2.1000000e+01   1.0241000e+03   1.0000000e-02   1.0000000e-02   3.4669312e+08   2.7399056e+11   4.1225004e+13   9.3372398e+11   1.2312171e+12   2.6442653e+11   6.3639050e+01   5.9960067e+09   2.7216164e+19   1.5222463e+11   1.9715552e+11   1.6718889e+11   4.4465632e+09   3.2277690e+09   9.3401520e+06   7.4030823e+15   8.8163225e+10   7.4620053e+09   6.9621904e+10   2.4554033e+10   4.1925437e+10   7.2348878e+04   3.5895833e+01   9.5024508e-03   1.0127505e-02   9.5024508e-05   1.0127505e-04
   3.5902778e+01   2.7248333e+02   2.1333333e+01   1.0242000e+03   1.0000000e-02   1.0000000e-02   4.6241573e+08   2.5294922e+11   3.8406441e+13   7.3853927e+11   1.2116954e+12   2.4139164e+11   5.9492100e+01   5.8079483e+09   2.7225481e+19   1.4766974e+11   1.8076893e+11   1.5160627e+11   4.2844285e+09   3.2315466e+09   9.2363987e+06   7.4027262e+15   8.3340645e+10   7.3176647e+09   7.0554912e+10   2.6141312e+10   4.0928759e+10   9.4606468e+04   3.5902778e+01   9.7752378e-03   1.0420096e-02   9.7752378e-05   1.0420096e-04
   3.5909722e+01   2.7241667e+02   2.1666667e+01   1.0243000e+03   1.0000000e-02   1.0000000e-02   5.7821756e+08   2.3189345e+11   3.5585946e+13   5.4322083e+11   1.1921604e+12   2.1834096e+11   5.5345150e+01   5.6197608e+09   2.7234802e+19   1.4311171e+11   1.6437111e+11   1.3601296e+11   4.1221825e+09   3.2353266e+09   9.1325737e+06   7.4023694e+15   7.8514758e+10   7.1732248e+09   7.1487920e+10   2.7728590e+10   3.9932081e+10   1.1687929e+05   3.5909722e+01   1.0364792e-02   1.1040955e-02   1.0364792e-04   1.1040955e-04
   3.5916667e+01   2.7235000e+02   2.2000000e+01   1.0244000e+03   1.0000000e-02   1.0000000e-02   6.9409870e+08   2.1082324e+11   3.2763517e+13   3.4776858e+11   1.1726118e+12   1.9527447e+11   5.1198200e+01   5.4314440e+09   2.7244129e+19   1.3855056e+11   1.4796204e+11   1.2040897e+11   3.9598251e+09   3.2391089e+09   9.0286770e+06   7.4020118e+15   7.3685560e+10   7.0286855e+09   7.2420928e+10   2.9315869e+10   3.8935403e+10   1.3916737e+05   3.5916667e+01   9.2140422e-03   9.8252283e-03   9.2140422e-05   9.8252283e-05
   3.5923611e+01   2.7230000e+02   2.1833333e+01   1.0245000e+03   1.0000000e-02   1.0000000e-02   6.7195423e+09   2.0180274e+11   3.1471717e+13   3.0113202e+11   1.1601614e+12   1.8480443e+11   4.9648533e+01   5.1743566e+09   2.7251791e+19   1.3489682e+11   1.4351515e+11   1.1631441e+11   3.8445192e+09   3.2312721e+09   8.8411487e+06   7.4014820e+15   7.1518965e+10   6.8795920e+09   7.2546240e+10   3.0040703e+10   4.2207006e+10   1.6364837e+05   3.5923611e+01   8.5727213e-03   9.1458070e-03   8.5727213e-05   9.1458070e-05
   3.5930556e+01   2.7225000e+02   2.1666667e+01   1.0246000e+03   1.0000000e-02   1.0000000e-02   1.2748376e+10   1.9277715e+11   3.0179190e+13   2.5446921e+11   1.1477040e+12   1.7432850e+11   4.8098867e+01   4.9171244e+09   2.7259457e+19   1.3124102e+11   1.3906575e+11   1.1221755e+11   3.7291482e+09   3.2234307e+09   8.6535145e+06   7.4009516e+15   6.9351147e+10   6.7304144e+09   7.2671553e+10   3.0765537e+10   4.5478609e+10   1.8814313e+05   3.5930556e+01   8.7126783e-03   9.3014752e-03   8.7126783e-05   9.3014752e-05
   3.5937500e+01   2.7220000e+02   2.1500000e+01   1.0247000e+03   1.0000000e-02   1.0000000e-02   1.8780600e+10   1.8374647e+11   2.8885933e+13   2.0778013e+11   1.1352395e+12   1.6384665e+11   4.6549200e+01   4.6597471e+09   2.7267125e+19   1.2758315e+11   1.3461384e+11   1.0811838e+11   3.6137121e+09   3.2155848e+09   8.4657742e+06   7.4004204e+15   6.7182106e+10   6.5811523e+09   7.2796865e+10   3.1490371e+10   4.8750212e+10   2.1265167e+05   3.5937500e+01   8.1682119e-03   8.7272711e-03   8.1682119e-05   8.7272711e-05
   3.5944444e+01   2.7215000e+02   2.1333333e+01   1.0248000e+03   1.0000000e-02   1.0000000e-02   2.4816218e+10   1.7471071e+11   2.7591947e+13   1.6106476e+11   1.1227679e+12   1.5335890e+11   4.4999533e+01   4.4022248e+09   2.7274796e+19   1.2392322e+11   1.3015942e+11   1.0401689e+11   3.4982108e+09   3.2077342e+09   8.2779278e+06   7.3998885e+15   6.5011840e+10   6.4318060e+09   6.9208317e+10   2.8728368e+10   4.8322486e+10   2.3717399e+05   3.5944444e+01   7.6395022e-03   8.1645919e-03   7.6395022e-05   8.1645919e-05
   3.5951389e+01   2.7210000e+02   2.1166667e+01   1.0249000e+03   1.0000000e-02   1.0000000e-02   3.0855232e+10   1.6566984e+11   2.6297232e+13   1.1432310e+11   1.1102892e+12   1.4286524e+11   4.3449867e+01   4.1445573e+09   2.7282470e+19   1.2026122e+11   1.2570248e+11   9.9913088e+10   3.3826443e+09   3.1998790e+09   8.0899753e+06   7.3993559e+15   6.2840349e+10   6.2823752e+09   6.5619768e+10   2.5966365e+10   4.7894760e+10   2.6171009e+05   3.5951389e+01   8.6920953e-03   9.2779701e-03   8.6920953e-05   9.2779701e-05
   3.5958333e+01   2.7205000e+02   2.1000000e+01   1.0250000e+03   1.0000000e-02   1.0000000e-02   3.6897642e+10   1.5662388e+11   2.5001786e+13   6.7555120e+10   1.0978035e+12   1.3236567e+11   4.1900200e+01   3.8867445e+09   2.7290146e+19   1.1659715e+11   1.2124303e+11   9.5806971e+10   3.2670126e+09   3.1920193e+09   7.9019165e+06   7.3988226e+15   6.0667633e+10   6.1328600e+09   6.2031220e+10   2.3204363e+10   4.7467035e+10   2.8625999e+05   3.5958333e+01   8.6626982e-03   9.2461980e-03   8.6626982e-05   9.2461980e-05
   3.5965278e+01   2.7200000e+02   2.1166667e+01   1.0250833e+03   1.0000000e-02   1.0000000e-02   6.3172784e+10   1.5018301e+11   2.3885969e+13   5.6889605e+10   1.0632021e+12   1.2745885e+11   4.0540733e+01   3.6817681e+09   2.7297382e+19   1.1322040e+11   1.1789562e+11   9.2912145e+10   3.1566770e+09   3.1856909e+09   7.6987717e+06   7.3978999e+15   5.8802656e+10   5.9948372e+09   6.2200441e+10   2.4150572e+10   4.9383641e+10   3.3958080e+05   3.5965278e+01   9.0696532e-03   9.6752411e-03   9.0696532e-05   9.6752411e-05
   3.5972222e+01   2.7195000e+02   2.1333333e+01   1.0251667e+03   1.0000000e-02   1.0000000e-02   8.9461860e+10   1.4373871e+11   2.2769560e+13   4.6218431e+10   1.0285823e+12   1.2254942e+11   3.9181267e+01   3.4766828e+09   2.7304620e+19   1.0984185e+11   1.1454643e+11   9.0015779e+10   3.0462828e+09   3.1793591e+09   7.4955188e+06   7.3969764e+15   5.6936687e+10   5.8567410e+09   6.2369663e+10   2.5096781e+10   5.1300248e+10   3.9292987e+05   3.5972222e+01   8.2547027e-03   8.8229923e-03   8.2547027e-05   8.8229923e-05
   3.5979167e+01   2.7190000e+02   2.1500000e+01   1.0252500e+03   1.0000000e-02   1.0000000e-02   1.1576488e+11   1.3729099e+11   2.1652557e+13   3.5541595e+10   9.9394419e+11   1.1763738e+11   3.7821800e+01   3.2714885e+09   2.7311861e+19   1.0646150e+11   1.1119546e+11   8.7117874e+10   2.9358298e+09   3.1730238e+09   7.2921578e+06   7.3960521e+15   5.5069726e+10   5.7185712e+09   6.2538885e+10   2.6042990e+10   5.3216854e+10   4.4630723e+05   3.5979167e+01   7.8179404e-03   8.3524808e-03   7.8179404e-05   8.3524808e-05
   3.5986111e+01   2.7185000e+02   2.1666667e+01   1.0253333e+03   1.0000000e-02   1.0000000e-02   1.4208184e+11   1.3083985e+11   2.0534961e+13   2.4859093e+10   9.5928761e+11   1.1272273e+11   3.6462333e+01   3.0661853e+09   2.7319105e+19   1.0307935e+11   1.0784271e+11   8.4218427e+10   2.8253182e+09   3.1666850e+09   7.0886886e+06   7.3951270e+15   5.3201772e+10   5.5803279e+09   6.2106682e+10   2.4825765e+10   5.0503873e+10   4.9971288e+05   3.5986111e+01   7.9232955e-03   8.4687644e-03   7.9232955e-05   8.4687644e-05
   3.5993056e+01   2.7180000e+02   2.1833333e+01   1.0254167e+03   1.0000000e-02   1.0000000e-02   1.6841276e+11   1.2438527e+11   1.9416771e+13   1.4170922e+10   9.2461261e+11   1.0780546e+11   3.5102867e+01   2.8607730e+09   2.7326352e+19   9.9695411e+10   1.0448818e+11   8.1317438e+10   2.7147478e+09   3.1603427e+09   6.8851111e+06   7.3942010e+15   5.1332825e+10   5.4420110e+09   6.1674479e+10   2.3608540e+10   4.7790891e+10   5.5314684e+05   3.5993056e+01   8.8014038e-03   9.3941310e-03   8.8014038e-05   9.3941310e-05
   3.6000000e+01   2.7175000e+02   2.2000000e+01   1.0255000e+03   1.0000000e-02   1.0000000e-02   1.9475764e+11   1.1792727e+11   1.8297987e+13   3.4770800e+09   8.8991917e+11   1.0288559e+11   3.3743400e+01   2.6552516e+09   2.7333601e+19   9.6309668e+10   1.0113186e+11   7.8414907e+10   2.6041186e+09   3.1539968e+09   6.6814253e+06   7.3932743e+15   4.9462884e+10   5.3036205e+09   6.1242275e+10   2.2391314e+10   4.5077909e+10   6.0660913e+05   3.6000000e+01   8.8001421e-03   9.3927483e-03   8.8001421e-05   9.3927483e-05
