280 2.34000e-20 2.06800e-23 5.95750e-01
285 4.05000e-20 2.18000e-23 6.91250e-01
290 1.17000e-20 1.70700e-24 7.33000e-01
295 4.06000e-20 3.82700e-24 6.81000e-01
300 9.63000e-21 4.26700e-24 6.83500e-01
305 4.74000e-20 4.17300e-24 7.32000e-01
310 1.74000e-20 2.36000e-24 7.19500e-01
315 5.56000e-20 2.58700e-24 6.94000e-01
320 1.19000e-20 2.40000e-25 6.65500e-01
325 1.54000e-20 2.21300e-24 5.61750e-01
330 3.86000e-20 2.21730e-23 4.24500e-01
335 9.66000e-22 2.00050e-23 1.91500e-01
340 3.15000e-20 5.52000e-24 0.00000e+00
345 4.36000e-21 2.76500e-24 0.00000e+00
350 3.60000e-22 2.07280e-23 0.00000e+00
355 6.96000e-21 2.45600e-24 0.00000e+00
360 8.70000e-23 0.00000e+00 0.00000e+00
365 8.80000e-23 0.00000e+00 0.00000e+00
370 6.36000e-22 0.00000e+00 0.00000e+00
375 8.70000e-23 0.00000e+00 0.00000e+00
380 0.00000e+00 0.00000e+00 0.00000e+00
385 0.00000e+00 0.00000e+00 0.00000e+00
390 0.00000e+00 0.00000e+00 0.00000e+00
395 0.00000e+00 0.00000e+00 0.00000e+00
400 0.00000e+00 0.00000e+00 0.00000e+00
405 0.00000e+00 0.00000e+00 0.00000e+00
410 0.00000e+00 0.00000e+00 0.00000e+00
415 0.00000e+00 0.00000e+00 0.00000e+00
420 0.00000e+00 0.00000e+00 0.00000e+00
425 0.00000e+00 0.00000e+00 0.00000e+00
430 0.00000e+00 0.00000e+00 0.00000e+00
435 0.00000e+00 0.00000e+00 0.00000e+00
440 0.00000e+00 0.00000e+00 0.00000e+00
445 0.00000e+00 0.00000e+00 0.00000e+00
450 0.00000e+00 0.00000e+00 0.00000e+00
455 0.00000e+00 0.00000e+00 0.00000e+00
460 0.00000e+00 0.00000e+00 0.00000e+00
465 0.00000e+00 0.00000e+00 0.00000e+00
470 0.00000e+00 0.00000e+00 0.00000e+00
475 0.00000e+00 0.00000e+00 0.00000e+00
480 0.00000e+00 0.00000e+00 0.00000e+00
485 0.00000e+00 0.00000e+00 0.00000e+00
490 0.00000e+00 0.00000e+00 0.00000e+00
495 0.00000e+00 0.00000e+00 0.00000e+00
500 0.00000e+00 0.00000e+00 0.00000e+00
505 0.00000e+00 0.00000e+00 0.00000e+00
510 0.00000e+00 0.00000e+00 0.00000e+00
515 0.00000e+00 0.00000e+00 0.00000e+00
520 0.00000e+00 0.00000e+00 0.00000e+00
525 0.00000e+00 0.00000e+00 0.00000e+00
530 0.00000e+00 0.00000e+00 0.00000e+00
535 0.00000e+00 0.00000e+00 0.00000e+00
540 0.00000e+00 0.00000e+00 0.00000e+00
545 0.00000e+00 0.00000e+00 0.00000e+00
550 0.00000e+00 0.00000e+00 0.00000e+00
555 0.00000e+00 0.00000e+00 0.00000e+00
560 0.00000e+00 0.00000e+00 0.00000e+00
565 0.00000e+00 0.00000e+00 0.00000e+00
570 0.00000e+00 0.00000e+00 0.00000e+00
575 0.00000e+00 0.00000e+00 0.00000e+00
580 0.00000e+00 0.00000e+00 0.00000e+00
585 0.00000e+00 0.00000e+00 0.00000e+00
590 0.00000e+00 0.00000e+00 0.00000e+00
595 0.00000e+00 0.00000e+00 0.00000e+00
600 0.00000e+00 0.00000e+00 0.00000e+00
605 0.00000e+00 0.00000e+00 0.00000e+00
610 0.00000e+00 0.00000e+00 0.00000e+00
615 0.00000e+00 0.00000e+00 0.00000e+00
620 0.00000e+00 0.00000e+00 0.00000e+00
625 0.00000e+00 0.00000e+00 0.00000e+00
630 0.00000e+00 0.00000e+00 0.00000e+00
635 0.00000e+00 0.00000e+00 0.00000e+00
640 0.00000e+00 0.00000e+00 0.00000e+00
645 0.00000e+00 0.00000e+00 0.00000e+00
650 0.00000e+00 0.00000e+00 0.00000e+00
