280 5.18000e-20 0.00000e+00
285 5.81000e-20 0.00000e+00
290 5.78000e-20 2.10000e-01
295 6.03000e-20 2.10000e-01
300 5.42000e-20 2.10000e-01
305 5.08000e-20 2.10000e-01
310 4.07000e-20 2.10000e-01
315 3.46000e-20 2.10000e-01
320 2.25000e-20 2.10000e-01
325 1.69000e-20 2.10000e-01
330 8.68000e-21 2.10000e-01
335 4.85000e-21 2.10000e-01
340 2.15000e-21 2.10000e-01
345 4.10000e-22 2.10000e-01
350 1.50000e-22 2.10000e-01
355 6.00000e-23 2.10000e-01
360 2.00000e-23 2.10000e-01
365 0.00000e+00 2.10000e-01
370 0.00000e+00 2.10000e-01
375 0.00000e+00 2.10000e-01
380 0.00000e+00 2.10000e-01
385 0.00000e+00 0.00000e+00
390 0.00000e+00 0.00000e+00
395 0.00000e+00 0.00000e+00
400 0.00000e+00 0.00000e+00
405 0.00000e+00 0.00000e+00
410 0.00000e+00 0.00000e+00
415 0.00000e+00 0.00000e+00
420 0.00000e+00 0.00000e+00
425 0.00000e+00 0.00000e+00
430 0.00000e+00 0.00000e+00
435 0.00000e+00 0.00000e+00
440 0.00000e+00 0.00000e+00
445 0.00000e+00 0.00000e+00
450 0.00000e+00 0.00000e+00
455 0.00000e+00 0.00000e+00
460 0.00000e+00 0.00000e+00
465 0.00000e+00 0.00000e+00
470 0.00000e+00 0.00000e+00
475 0.00000e+00 0.00000e+00
480 0.00000e+00 0.00000e+00
485 0.00000e+00 0.00000e+00
490 0.00000e+00 0.00000e+00
495 0.00000e+00 0.00000e+00
500 0.00000e+00 0.00000e+00
505 0.00000e+00 0.00000e+00
510 0.00000e+00 0.00000e+00
515 0.00000e+00 0.00000e+00
520 0.00000e+00 0.00000e+00
525 0.00000e+00 0.00000e+00
530 0.00000e+00 0.00000e+00
535 0.00000e+00 0.00000e+00
540 0.00000e+00 0.00000e+00
545 0.00000e+00 0.00000e+00
550 0.00000e+00 0.00000e+00
555 0.00000e+00 0.00000e+00
560 0.00000e+00 0.00000e+00
565 0.00000e+00 0.00000e+00
570 0.00000e+00 0.00000e+00
575 0.00000e+00 0.00000e+00
580 0.00000e+00 0.00000e+00
585 0.00000e+00 0.00000e+00
590 0.00000e+00 0.00000e+00
595 0.00000e+00 0.00000e+00
600 0.00000e+00 0.00000e+00
605 0.00000e+00 0.00000e+00
610 0.00000e+00 0.00000e+00
615 0.00000e+00 0.00000e+00
620 0.00000e+00 0.00000e+00
625 0.00000e+00 0.00000e+00
630 0.00000e+00 0.00000e+00
635 0.00000e+00 0.00000e+00
640 0.00000e+00 0.00000e+00
645 0.00000e+00 0.00000e+00
650 0.00000e+00 0.00000e+00
