280 1.01000e-20 1.95000e-03
285 1.45000e-20 1.95000e-03
290 2.03000e-20 1.95000e-03
295 2.68000e-20 1.95000e-03
300 3.44000e-20 1.95000e-03
305 4.19000e-20 1.95000e-03
310 4.92000e-20 1.95000e-03
315 5.70000e-20 1.95000e-03
320 6.27000e-20 1.95000e-03
325 6.74000e-20 1.95000e-03
330 7.15000e-20 1.95000e-03
335 6.08000e-20 1.95000e-03
340 6.24000e-20 1.95000e-03
345 6.53000e-20 1.95000e-03
350 4.16000e-20 1.95000e-03
355 4.14000e-20 1.95000e-03
360 5.05000e-20 1.95000e-03
365 2.33000e-20 1.95000e-03
370 1.42000e-20 1.95000e-03
375 9.77000e-21 1.95000e-03
380 1.30000e-20 1.95000e-03
385 3.31000e-21 1.95000e-03
390 1.47000e-21 1.95000e-03
395 1.23000e-21 1.95000e-03
400 0.00000e+00 1.95000e-03
405 0.00000e+00 1.95000e-03
410 0.00000e+00 1.95000e-03
415 0.00000e+00 1.95000e-03
420 0.00000e+00 1.95000e-03
425 0.00000e+00 1.95000e-03
430 0.00000e+00 1.95000e-03
435 0.00000e+00 1.95000e-03
440 0.00000e+00 1.95000e-03
445 0.00000e+00 1.95000e-03
450 0.00000e+00 1.95000e-03
455 0.00000e+00 1.95000e-03
460 0.00000e+00 1.95000e-03
465 0.00000e+00 1.95000e-03
470 0.00000e+00 1.95000e-03
475 0.00000e+00 1.95000e-03
480 0.00000e+00 1.95000e-03
485 0.00000e+00 1.95000e-03
490 0.00000e+00 1.95000e-03
495 0.00000e+00 1.95000e-03
500 0.00000e+00 1.95000e-03
505 0.00000e+00 1.95000e-03
510 0.00000e+00 1.95000e-03
515 0.00000e+00 1.95000e-03
520 0.00000e+00 1.95000e-03
525 0.00000e+00 1.95000e-03
530 0.00000e+00 1.95000e-03
535 0.00000e+00 1.95000e-03
540 0.00000e+00 1.95000e-03
545 0.00000e+00 1.95000e-03
550 0.00000e+00 1.95000e-03
555 0.00000e+00 1.95000e-03
560 0.00000e+00 1.95000e-03
565 0.00000e+00 1.95000e-03
570 0.00000e+00 1.95000e-03
575 0.00000e+00 1.95000e-03
580 0.00000e+00 1.95000e-03
585 0.00000e+00 1.95000e-03
590 0.00000e+00 1.95000e-03
595 0.00000e+00 1.95000e-03
600 0.00000e+00 1.95000e-03
605 0.00000e+00 1.95000e-03
610 0.00000e+00 1.95000e-03
615 0.00000e+00 1.95000e-03
620 0.00000e+00 1.95000e-03
625 0.00000e+00 1.95000e-03
630 0.00000e+00 1.95000e-03
635 0.00000e+00 1.95000e-03
640 0.00000e+00 1.95000e-03
645 0.00000e+00 1.95000e-03
650 0.00000e+00 1.95000e-03
