280 1.33000e-20 8.29054e-02
285 1.81000e-20 6.29726e-02
290 2.43000e-20 4.78323e-02
295 3.08000e-20 3.63321e-02
300 3.87000e-20 2.75968e-02
305 4.66000e-20 2.09618e-02
310 5.44000e-20 1.59220e-02
315 6.14000e-20 1.20939e-02
320 6.70000e-20 9.18618e-03
325 6.95000e-20 6.97757e-03
330 7.28000e-20 5.29997e-03
335 6.94000e-20 4.02571e-03
340 6.44000e-20 3.05781e-03
345 6.23000e-20 2.32263e-03
350 5.20000e-20 1.76421e-03
355 4.15000e-20 1.34004e-03
360 3.68000e-20 1.01786e-03
365 3.03000e-20 7.73137e-04
370 1.88000e-20 5.87253e-04
375 1.31000e-20 4.46061e-04
380 1.05000e-20 3.38815e-04
385 7.57000e-21 2.57355e-04
390 3.44000e-21 1.95480e-04
395 2.07000e-21 1.48481e-04
400 0.00000e+00 0.00000e+00
405 0.00000e+00 0.00000e+00
410 0.00000e+00 0.00000e+00
415 0.00000e+00 0.00000e+00
420 0.00000e+00 0.00000e+00
425 0.00000e+00 0.00000e+00
430 0.00000e+00 0.00000e+00
435 0.00000e+00 0.00000e+00
440 0.00000e+00 0.00000e+00
445 0.00000e+00 0.00000e+00
450 0.00000e+00 0.00000e+00
455 0.00000e+00 0.00000e+00
460 0.00000e+00 0.00000e+00
465 0.00000e+00 0.00000e+00
470 0.00000e+00 0.00000e+00
475 0.00000e+00 0.00000e+00
480 0.00000e+00 0.00000e+00
485 0.00000e+00 0.00000e+00
490 0.00000e+00 0.00000e+00
495 0.00000e+00 0.00000e+00
500 0.00000e+00 0.00000e+00
505 0.00000e+00 0.00000e+00
510 0.00000e+00 0.00000e+00
515 0.00000e+00 0.00000e+00
520 0.00000e+00 0.00000e+00
525 0.00000e+00 0.00000e+00
530 0.00000e+00 0.00000e+00
535 0.00000e+00 0.00000e+00
540 0.00000e+00 0.00000e+00
545 0.00000e+00 0.00000e+00
550 0.00000e+00 0.00000e+00
555 0.00000e+00 0.00000e+00
560 0.00000e+00 0.00000e+00
565 0.00000e+00 0.00000e+00
570 0.00000e+00 0.00000e+00
575 0.00000e+00 0.00000e+00
580 0.00000e+00 0.00000e+00
585 0.00000e+00 0.00000e+00
590 0.00000e+00 0.00000e+00
595 0.00000e+00 0.00000e+00
600 0.00000e+00 0.00000e+00
605 0.00000e+00 0.00000e+00
610 0.00000e+00 0.00000e+00
615 0.00000e+00 0.00000e+00
620 0.00000e+00 0.00000e+00
625 0.00000e+00 0.00000e+00
630 0.00000e+00 0.00000e+00
635 0.00000e+00 0.00000e+00
640 0.00000e+00 0.00000e+00
645 0.00000e+00 0.00000e+00
650 0.00000e+00 0.00000e+00
