280 3.13000e-20 2.70000e-01
285 3.67000e-20 2.50000e-01
290 3.73000e-20 2.30000e-01
295 3.81000e-20 2.06000e-01
300 4.04000e-20 1.86000e-01
305 3.24000e-20 1.66000e-01
310 3.10000e-20 1.46000e-01
315 2.80000e-20 1.25000e-01
320 1.85000e-20 1.10000e-01
325 1.60000e-20 9.50000e-02
330 1.69000e-20 8.00000e-02
335 7.37000e-21 6.50000e-02
340 5.53000e-21 5.10000e-02
345 6.24000e-21 3.60000e-02
350 3.91000e-21 2.10000e-02
355 4.22000e-21 8.00000e-03
360 5.46000e-21 0.00000e+00
365 6.65000e-21 0.00000e+00
370 1.14000e-20 0.00000e+00
375 1.33000e-20 0.00000e+00
380 1.93000e-20 0.00000e+00
385 1.89000e-20 0.00000e+00
390 3.48000e-20 0.00000e+00
395 3.86000e-20 0.00000e+00
400 3.87000e-20 0.00000e+00
405 4.49000e-20 0.00000e+00
410 5.66000e-20 0.00000e+00
415 1.02000e-19 0.00000e+00
420 5.60000e-20 0.00000e+00
425 1.04000e-19 0.00000e+00
430 7.03000e-20 0.00000e+00
435 7.66000e-20 0.00000e+00
440 2.59000e-19 0.00000e+00
445 1.51000e-19 0.00000e+00
450 8.68000e-20 0.00000e+00
455 5.20000e-19 0.00000e+00
460 1.20000e-20 0.00000e+00
465 3.30000e-21 0.00000e+00
470 7.60000e-22 0.00000e+00
475 1.59000e-21 0.00000e+00
480 7.40000e-22 0.00000e+00
485 5.00000e-22 0.00000e+00
490 4.50000e-22 0.00000e+00
495 4.20000e-22 0.00000e+00
500 3.30000e-22 0.00000e+00
505 3.50000e-22 0.00000e+00
510 2.30000e-22 0.00000e+00
515 5.30000e-22 0.00000e+00
520 1.00000e-21 0.00000e+00
525 4.00000e-23 0.00000e+00
530 0.00000e+00 0.00000e+00
535 0.00000e+00 0.00000e+00
540 0.00000e+00 0.00000e+00
545 0.00000e+00 0.00000e+00
550 0.00000e+00 0.00000e+00
555 0.00000e+00 0.00000e+00
560 0.00000e+00 0.00000e+00
565 0.00000e+00 0.00000e+00
570 0.00000e+00 0.00000e+00
575 0.00000e+00 0.00000e+00
580 0.00000e+00 0.00000e+00
585 0.00000e+00 0.00000e+00
590 0.00000e+00 0.00000e+00
595 0.00000e+00 0.00000e+00
600 0.00000e+00 0.00000e+00
605 0.00000e+00 0.00000e+00
610 0.00000e+00 0.00000e+00
615 0.00000e+00 0.00000e+00
620 0.00000e+00 0.00000e+00
625 0.00000e+00 0.00000e+00
630 0.00000e+00 0.00000e+00
635 0.00000e+00 0.00000e+00
640 0.00000e+00 0.00000e+00
645 0.00000e+00 0.00000e+00
650 0.00000e+00 0.00000e+00
