280 4.92000e-20 9.93030e-01
285 4.70000e-20 9.93030e-01
290 4.92000e-20 9.93030e-01
295 4.37000e-20 9.87056e-01
300 3.69000e-20 9.81082e-01
305 3.38000e-20 9.66896e-01
310 2.34000e-20 9.52711e-01
315 1.86000e-20 9.22611e-01
320 1.50000e-20 8.92510e-01
325 9.24000e-21 8.37818e-01
330 6.47000e-21 7.83125e-01
335 4.95000e-21 7.02825e-01
340 3.22000e-21 6.22525e-01
345 2.95000e-21 5.31575e-01
350 3.85000e-21 4.40625e-01
355 5.56000e-21 3.61118e-01
360 7.65000e-21 2.81611e-01
365 1.08000e-20 2.25033e-01
370 1.47000e-20 1.68455e-01
375 1.90000e-20 1.32711e-01
380 2.42000e-20 9.69667e-02
385 3.20000e-20 7.65381e-02
390 4.03000e-20 5.61095e-02
395 4.67000e-20 4.41182e-02
400 5.62000e-20 3.21268e-02
405 6.92000e-20 2.54476e-02
410 8.52000e-20 1.87683e-02
415 9.69000e-20 1.51128e-02
420 1.02000e-19 1.14573e-02
425 1.03000e-19 9.27476e-03
430 1.04000e-19 7.09225e-03
435 1.08000e-19 5.79494e-03
440 9.94000e-20 4.49762e-03
445 9.62000e-20 0.00000e+00
450 8.68000e-20 0.00000e+00
455 3.69000e-20 0.00000e+00
460 9.14000e-21 0.00000e+00
465 2.68000e-21 0.00000e+00
470 1.08000e-21 0.00000e+00
475 6.27000e-22 0.00000e+00
480 3.92000e-22 0.00000e+00
485 2.43000e-22 0.00000e+00
490 1.74000e-22 0.00000e+00
495 0.00000e+00 0.00000e+00
500 0.00000e+00 0.00000e+00
505 0.00000e+00 0.00000e+00
510 0.00000e+00 0.00000e+00
515 0.00000e+00 0.00000e+00
520 0.00000e+00 0.00000e+00
525 0.00000e+00 0.00000e+00
530 0.00000e+00 0.00000e+00
535 0.00000e+00 0.00000e+00
540 0.00000e+00 0.00000e+00
545 0.00000e+00 0.00000e+00
550 0.00000e+00 0.00000e+00
555 0.00000e+00 0.00000e+00
560 0.00000e+00 0.00000e+00
565 0.00000e+00 0.00000e+00
570 0.00000e+00 0.00000e+00
575 0.00000e+00 0.00000e+00
580 0.00000e+00 0.00000e+00
585 0.00000e+00 0.00000e+00
590 0.00000e+00 0.00000e+00
595 0.00000e+00 0.00000e+00
600 0.00000e+00 0.00000e+00
605 0.00000e+00 0.00000e+00
610 0.00000e+00 0.00000e+00
615 0.00000e+00 0.00000e+00
620 0.00000e+00 0.00000e+00
625 0.00000e+00 0.00000e+00
630 0.00000e+00 0.00000e+00
635 0.00000e+00 0.00000e+00
640 0.00000e+00 0.00000e+00
645 0.00000e+00 0.00000e+00
650 0.00000e+00 0.00000e+00
