280 8.64000e-20 1.00000e+00
285 8.64000e-20 1.00000e+00
290 8.64000e-20 1.00000e+00
295 1.06400e-19 1.00000e+00
300 1.29900e-19 1.00000e+00
305 1.60400e-19 1.00000e+00
310 1.88200e-19 1.00000e+00
315 2.16400e-19 1.00000e+00
320 2.54200e-19 1.00000e+00
325 2.87900e-19 1.00000e+00
330 3.18800e-19 1.00000e+00
335 3.58700e-19 1.00000e+00
340 4.02000e-19 1.00000e+00
345 4.17500e-19 1.00000e+00
350 4.61000e-19 1.00000e+00
355 4.98200e-19 1.00000e+00
360 5.07700e-19 1.00000e+00
365 5.50100e-19 1.00000e+00
370 5.60700e-19 1.00000e+00
375 5.88800e-19 1.00000e+00
380 5.92400e-19 1.00000e+00
385 5.94200e-19 1.00000e+00
390 6.20000e-19 1.00000e+00
395 5.92000e-19 1.00000e+00
400 6.38500e-19 8.80000e-01
405 5.76800e-19 3.70000e-01
410 6.15300e-19 1.50000e-01
415 5.89200e-19 6.00000e-02
420 5.95000e-19 1.80000e-02
425 5.67000e-19 0.00000e+00
430 5.40400e-19 0.00000e+00
435 5.55400e-19 0.00000e+00
440 4.84200e-19 0.00000e+00
445 4.88400e-19 0.00000e+00
450 4.81300e-19 0.00000e+00
455 4.12400e-19 0.00000e+00
460 4.29700e-19 0.00000e+00
465 4.08700e-19 0.00000e+00
470 3.35600e-19 0.00000e+00
475 3.84900e-19 0.00000e+00
480 3.34400e-19 0.00000e+00
485 2.51800e-19 0.00000e+00
490 3.07400e-19 0.00000e+00
495 2.93000e-19 0.00000e+00
500 0.00000e+00 0.00000e+00
505 0.00000e+00 0.00000e+00
510 0.00000e+00 0.00000e+00
515 0.00000e+00 0.00000e+00
520 0.00000e+00 0.00000e+00
525 0.00000e+00 0.00000e+00
530 0.00000e+00 0.00000e+00
535 0.00000e+00 0.00000e+00
540 0.00000e+00 0.00000e+00
545 0.00000e+00 0.00000e+00
550 0.00000e+00 0.00000e+00
555 0.00000e+00 0.00000e+00
560 0.00000e+00 0.00000e+00
565 0.00000e+00 0.00000e+00
570 0.00000e+00 0.00000e+00
575 0.00000e+00 0.00000e+00
580 0.00000e+00 0.00000e+00
585 0.00000e+00 0.00000e+00
590 0.00000e+00 0.00000e+00
595 0.00000e+00 0.00000e+00
600 0.00000e+00 0.00000e+00
605 0.00000e+00 0.00000e+00
610 0.00000e+00 0.00000e+00
615 0.00000e+00 0.00000e+00
620 0.00000e+00 0.00000e+00
625 0.00000e+00 0.00000e+00
630 0.00000e+00 0.00000e+00
635 0.00000e+00 0.00000e+00
640 0.00000e+00 0.00000e+00
645 0.00000e+00 0.00000e+00
650 0.00000e+00 0.00000e+00
