280 0.00000e+00 0.00000e+00
285 0.00000e+00 0.00000e+00
290 0.00000e+00 0.00000e+00
295 0.00000e+00 0.00000e+00
300 0.00000e+00 0.00000e+00
305 0.00000e+00 0.00000e+00
310 0.00000e+00 0.00000e+00
315 0.00000e+00 0.00000e+00
320 0.00000e+00 0.00000e+00
325 0.00000e+00 0.00000e+00
330 0.00000e+00 0.00000e+00
335 0.00000e+00 0.00000e+00
340 0.00000e+00 0.00000e+00
345 0.00000e+00 0.00000e+00
350 0.00000e+00 0.00000e+00
355 0.00000e+00 0.00000e+00
360 0.00000e+00 0.00000e+00
365 0.00000e+00 0.00000e+00
370 0.00000e+00 0.00000e+00
375 0.00000e+00 0.00000e+00
380 0.00000e+00 0.00000e+00
385 0.00000e+00 0.00000e+00
390 0.00000e+00 0.00000e+00
395 0.00000e+00 0.00000e+00
400 0.00000e+00 0.00000e+00
405 3.00000e-20 0.00000e+00
410 1.00000e-20 0.00000e+00
415 6.00000e-20 0.00000e+00
420 8.00000e-20 0.00000e+00
425 7.00000e-20 0.00000e+00
430 1.70000e-19 0.00000e+00
435 1.60000e-19 0.00000e+00
440 1.90000e-19 0.00000e+00
445 2.00000e-19 0.00000e+00
450 2.90000e-19 0.00000e+00
455 3.60000e-19 0.00000e+00
460 4.00000e-19 0.00000e+00
465 5.10000e-19 0.00000e+00
470 5.90000e-19 0.00000e+00
475 6.80000e-19 0.00000e+00
480 7.00000e-19 0.00000e+00
485 8.20000e-19 0.00000e+00
490 1.03000e-18 0.00000e+00
495 1.06000e-18 0.00000e+00
500 1.13000e-18 0.00000e+00
505 1.28000e-18 0.00000e+00
510 1.51000e-18 0.00000e+00
515 1.58000e-18 0.00000e+00
520 1.68000e-18 0.00000e+00
525 1.58000e-18 0.00000e+00
530 2.23000e-18 0.00000e+00
535 2.30000e-18 0.00000e+00
540 2.10000e-18 0.00000e+00
545 1.96000e-18 0.00000e+00
550 2.48000e-18 0.00000e+00
555 3.11000e-18 0.00000e+00
560 3.32000e-18 0.00000e+00
565 2.73000e-18 0.00000e+00
570 2.79000e-18 0.00000e+00
575 3.08000e-18 0.00000e+00
580 3.34000e-18 0.00000e+00
585 2.89000e-18 0.00000e+00
590 5.96000e-18 1.90000e-01
595 4.29000e-18 3.59000e-01
600 2.76000e-18 2.91000e-01
605 4.36000e-18 2.64000e-01
610 1.77000e-18 2.36000e-01
615 2.26000e-18 1.66000e-01
620 3.27000e-18 1.31000e-01
625 8.38000e-18 9.85000e-02
630 6.76000e-18 6.49000e-02
635 1.44000e-18 3.73000e-02
640 1.23000e-18 2.03000e-02
645 8.60000e-19 0.00000e+00
650 5.00000e-19 0.00000e+00
