280 0.00000e+00 0.00000e+00
285 0.00000e+00 0.00000e+00
290 0.00000e+00 1.00000e+00
295 0.00000e+00 1.00000e+00
300 8.55000e-23 1.00000e+00
305 1.28200e-20 1.00000e+00
310 1.02600e-20 1.00000e+00
315 2.47900e-20 1.00000e+00
320 4.10400e-20 1.00000e+00
325 4.10400e-20 1.00000e+00
330 9.49100e-20 1.00000e+00
335 8.37900e-20 1.00000e+00
340 8.55000e-20 1.00000e+00
345 9.32000e-20 1.00000e+00
350 9.32000e-20 1.00000e+00
355 3.07800e-19 1.00000e+00
360 7.69500e-20 1.00000e+00
365 1.45400e-19 1.00000e+00
370 1.53000e-19 1.00000e+00
375 4.53200e-20 1.00000e+00
380 8.12300e-20 1.00000e+00
385 1.73600e-19 1.00000e+00
390 2.30900e-20 1.00000e+00
395 8.55000e-21 1.00000e+00
400 0.00000e+00 1.00000e+00
405 0.00000e+00 0.00000e+00
410 0.00000e+00 0.00000e+00
415 0.00000e+00 0.00000e+00
420 0.00000e+00 0.00000e+00
425 0.00000e+00 0.00000e+00
430 0.00000e+00 0.00000e+00
435 0.00000e+00 0.00000e+00
440 0.00000e+00 0.00000e+00
445 0.00000e+00 0.00000e+00
450 0.00000e+00 0.00000e+00
455 0.00000e+00 0.00000e+00
460 0.00000e+00 0.00000e+00
465 0.00000e+00 0.00000e+00
470 0.00000e+00 0.00000e+00
475 0.00000e+00 0.00000e+00
480 0.00000e+00 0.00000e+00
485 0.00000e+00 0.00000e+00
490 0.00000e+00 0.00000e+00
495 0.00000e+00 0.00000e+00
500 0.00000e+00 0.00000e+00
505 0.00000e+00 0.00000e+00
510 0.00000e+00 0.00000e+00
515 0.00000e+00 0.00000e+00
520 0.00000e+00 0.00000e+00
525 0.00000e+00 0.00000e+00
530 0.00000e+00 0.00000e+00
535 0.00000e+00 0.00000e+00
540 0.00000e+00 0.00000e+00
545 0.00000e+00 0.00000e+00
550 0.00000e+00 0.00000e+00
555 0.00000e+00 0.00000e+00
560 0.00000e+00 0.00000e+00
565 0.00000e+00 0.00000e+00
570 0.00000e+00 0.00000e+00
575 0.00000e+00 0.00000e+00
580 0.00000e+00 0.00000e+00
585 0.00000e+00 0.00000e+00
590 0.00000e+00 0.00000e+00
595 0.00000e+00 0.00000e+00
600 0.00000e+00 0.00000e+00
605 0.00000e+00 0.00000e+00
610 0.00000e+00 0.00000e+00
615 0.00000e+00 0.00000e+00
620 0.00000e+00 0.00000e+00
625 0.00000e+00 0.00000e+00
630 0.00000e+00 0.00000e+00
635 0.00000e+00 0.00000e+00
640 0.00000e+00 0.00000e+00
645 0.00000e+00 0.00000e+00
650 0.00000e+00 0.00000e+00
