280 1.12000e-20 1.78000e+00 1.12000e-20 1.00000e+00
285 8.58000e-21 1.99000e+00 8.58000e-21 1.00000e+00
290 6.15000e-21 2.27000e+00 6.15000e-21 1.00000e+00
295 4.17000e-21 2.61000e+00 4.17000e-21 1.00000e+00
300 2.63000e-21 3.10000e+00 2.63000e-21 1.00000e+00
305 1.50000e-21 3.64500e+00 1.50000e-21 1.00000e+00
310 8.14000e-22 4.23000e+00 8.14000e-22 1.00000e+00
315 4.15000e-22 5.20000e+00 4.15000e-22 1.00000e+00
320 1.97000e-22 6.45000e+00 1.97000e-22 1.00000e+00
325 9.50000e-23 7.35500e+00 9.50000e-23 1.00000e+00
330 4.31000e-23 9.75000e+00 4.31000e-23 1.00000e+00
335 2.19500e-23 1.00500e+01 2.19500e-23 1.00000e+00
340 1.03000e-23 1.18000e+01 1.03000e-23 1.00000e+00
345 5.97500e-24 1.07000e+01 5.97500e-24 1.00000e+00
350 4.17000e-24 9.30000e+00 4.17000e-24 1.00000e+00
355 0.00000e+00 0.00000e+00 0.00000e+00 1.00000e+00
360 0.00000e+00 0.00000e+00 0.00000e+00 1.00000e+00
365 0.00000e+00 0.00000e+00 0.00000e+00 1.00000e+00
370 0.00000e+00 0.00000e+00 0.00000e+00 1.00000e+00
375 0.00000e+00 0.00000e+00 0.00000e+00 1.00000e+00
380 0.00000e+00 0.00000e+00 0.00000e+00 1.00000e+00
385 0.00000e+00 0.00000e+00 0.00000e+00 1.00000e+00
390 0.00000e+00 0.00000e+00 0.00000e+00 1.00000e+00
395 0.00000e+00 0.00000e+00 0.00000e+00 1.00000e+00
400 0.00000e+00 0.00000e+00 0.00000e+00 1.00000e+00
405 0.00000e+00 0.00000e+00 0.00000e+00 1.00000e+00
410 0.00000e+00 0.00000e+00 0.00000e+00 1.00000e+00
415 0.00000e+00 0.00000e+00 0.00000e+00 1.00000e+00
420 0.00000e+00 0.00000e+00 0.00000e+00 1.00000e+00
425 0.00000e+00 0.00000e+00 0.00000e+00 1.00000e+00
430 0.00000e+00 0.00000e+00 0.00000e+00 1.00000e+00
435 0.00000e+00 0.00000e+00 0.00000e+00 1.00000e+00
440 0.00000e+00 0.00000e+00 0.00000e+00 1.00000e+00
445 0.00000e+00 0.00000e+00 0.00000e+00 1.00000e+00
450 0.00000e+00 0.00000e+00 0.00000e+00 1.00000e+00
455 0.00000e+00 0.00000e+00 0.00000e+00 1.00000e+00
460 0.00000e+00 0.00000e+00 0.00000e+00 1.00000e+00
465 0.00000e+00 0.00000e+00 0.00000e+00 1.00000e+00
470 0.00000e+00 0.00000e+00 0.00000e+00 1.00000e+00
475 0.00000e+00 0.00000e+00 0.00000e+00 1.00000e+00
480 0.00000e+00 0.00000e+00 0.00000e+00 1.00000e+00
485 0.00000e+00 0.00000e+00 0.00000e+00 1.00000e+00
490 0.00000e+00 0.00000e+00 0.00000e+00 1.00000e+00
495 0.00000e+00 0.00000e+00 0.00000e+00 1.00000e+00
500 0.00000e+00 0.00000e+00 0.00000e+00 1.00000e+00
505 0.00000e+00 0.00000e+00 0.00000e+00 1.00000e+00
510 0.00000e+00 0.00000e+00 0.00000e+00 1.00000e+00
515 0.00000e+00 0.00000e+00 0.00000e+00 1.00000e+00
520 0.00000e+00 0.00000e+00 0.00000e+00 1.00000e+00
525 0.00000e+00 0.00000e+00 0.00000e+00 1.00000e+00
530 0.00000e+00 0.00000e+00 0.00000e+00 1.00000e+00
535 0.00000e+00 0.00000e+00 0.00000e+00 1.00000e+00
540 0.00000e+00 0.00000e+00 0.00000e+00 1.00000e+00
545 0.00000e+00 0.00000e+00 0.00000e+00 1.00000e+00
550 0.00000e+00 0.00000e+00 0.00000e+00 1.00000e+00
555 0.00000e+00 0.00000e+00 0.00000e+00 1.00000e+00
560 0.00000e+00 0.00000e+00 0.00000e+00 1.00000e+00
565 0.00000e+00 0.00000e+00 0.00000e+00 1.00000e+00
570 0.00000e+00 0.00000e+00 0.00000e+00 1.00000e+00
575 0.00000e+00 0.00000e+00 0.00000e+00 1.00000e+00
580 0.00000e+00 0.00000e+00 0.00000e+00 1.00000e+00
585 0.00000e+00 0.00000e+00 0.00000e+00 1.00000e+00
590 0.00000e+00 0.00000e+00 0.00000e+00 1.00000e+00
595 0.00000e+00 0.00000e+00 0.00000e+00 1.00000e+00
600 0.00000e+00 0.00000e+00 0.00000e+00 1.00000e+00
605 0.00000e+00 0.00000e+00 0.00000e+00 1.00000e+00
610 0.00000e+00 0.00000e+00 0.00000e+00 1.00000e+00
615 0.00000e+00 0.00000e+00 0.00000e+00 1.00000e+00
620 0.00000e+00 0.00000e+00 0.00000e+00 1.00000e+00
625 0.00000e+00 0.00000e+00 0.00000e+00 1.00000e+00
630 0.00000e+00 0.00000e+00 0.00000e+00 1.00000e+00
635 0.00000e+00 0.00000e+00 0.00000e+00 1.00000e+00
640 0.00000e+00 0.00000e+00 0.00000e+00 1.00000e+00
645 0.00000e+00 0.00000e+00 0.00000e+00 1.00000e+00
650 0.00000e+00 0.00000e+00 0.00000e+00 1.00000e+00
