#                     time          SMEAR_TEMP_168.dat             SMEAR_PRESS.dat                SMEAR_RH.dat               SMEAR_SWR.dat                SA_tower.dat               SA_ground.dat                     NH3.dat                SMEAR_CS.dat            SMEAR_GAS_CO.dat           SMEAR_GAS_NO2.dat            SMEAR_GAS_NO.dat            SMEAR_GAS_O3.dat           SMEAR_GAS_SO2.dat
9.80000000000000000000e+01  6.80000000000000048850e-01  9.95860000000000013642e+02  7.19699999999999988631e+01  5.65070000000000016716e-02  3.87048085937500000000e+04  4.97306445312500000000e+04  2.00000000000000000000e+00  2.59764499999999998875e-03  1.68592000000000012960e+02  6.42000000000000015099e-01  5.00000000000000027756e-02  4.30820000000000007390e+01  5.00000000000000027756e-02
9.80069444444444428655e+01  5.69987210231982954767e-01  9.95840051159072118026e+02  7.22000703437240929361e+01  1.67271606348587814628e-01  3.41360104251777520403e+04  6.68006301765341195278e+04  2.00000000000000000000e+00  2.72371477513224172218e-03  1.68353333332951592638e+02  7.36001504024060615450e-01  5.00000000000000027756e-02  4.28926666663638158639e+01  5.00000000000000027756e-02
9.80138888888888857309e+01  5.40007993605777225632e-01  9.95650015987211531865e+02  7.23300175859327083572e+01  3.47674346032173287036e-01  2.95672122566055113566e+04  8.38706158218182536075e+04  2.00000000000000000000e+00  2.84978455026448345561e-03  1.68114666665903143894e+02  8.30003008048121215801e-01  5.00000000000000027756e-02  4.27033333327276309888e+01  5.00000000000000027756e-02
9.80208333333333285964e+01  4.30004796163057367853e-01  9.95720019184652301192e+02  7.33300479616305693753e+01  9.94800476057055259316e-03  2.49984140880332633969e+04  1.00940601467102373135e+05  2.00000000000000000000e+00  2.97585432539672518903e-03  1.67876000003458273113e+02  9.23999392019456911029e-01  5.00000000000000027756e-02  4.25139999999360185257e+01  5.00000000000000027756e-02
9.80277777777777714618e+01  4.40022382094745367898e-01  9.95520035171863128198e+02  7.38199392485999652536e+01  1.96783269814818639887e-02  2.92814570232683145150e+04  9.42290989708405832062e+04  2.00000000000000000000e+00  2.97247015873016579013e-03  1.68596666667818936958e+02  9.11333130673161018187e-01  5.00000000000000027756e-02  4.25006666666453511993e+01  5.00000000000000027756e-02
9.80347222222222285382e+01  3.09993605115787052018e-01  9.95409993605115801074e+02  7.45399776179052651059e+01  4.24746333333862302606e-01  3.35645000079816818470e+04  8.75175963416594167938e+04  2.00000000000000000000e+00  2.96590269841269385878e-03  1.69317333332181078731e+02  8.98666869326839035104e-01  5.00000000000000027756e-02  4.24873333333546483459e+01  5.00000000000000027756e-02
9.80416666666666714036e+01  2.99980815347770435331e-01  9.95329980815347767020e+02  7.47399568345324780694e+01  2.40581999999999990303e-01  3.78475429431012089481e+04  8.08060936600558197824e+04  2.00000000000000000000e+00  2.95933523809523537154e-03  1.70037999996541742576e+02  8.86000607980543142261e-01  5.00000000000000027756e-02  4.24740000000639810196e+01  7.00000000000000066613e-02
9.80486111111111142691e+01  3.20001598721155466887e-01  9.95150004796163443643e+02  7.50899776179038269674e+01  5.89615092064367019020e-01  3.32580735506091441493e+04  6.47119205129538822803e+04  2.00000000000000000000e+00  2.92220933333331737633e-03  1.69711333334378394966e+02  8.64000704011262388171e-01  5.00000000000000027756e-02  4.24006666669012659554e+01  5.00000000000000027756e-02
9.80555555555555571345e+01  3.40006394884008522617e-01  9.95030089528376038288e+02  7.50600575539560850302e+01  3.62327790476290101385e-01  2.86686041581170720747e+04  4.86177473658519447781e+04  2.00000000000000000000e+00  2.88354266666665179364e-03  1.69384666667189179634e+02  8.42000352005631169661e-01  5.00000000000000027756e-02  4.23273333334506318693e+01  5.00000000000000027756e-02
9.80625000000000000000e+01  3.40000000000000024425e-01  9.95059999999999945430e+02  7.50699999999999931788e+01  3.51030000000000022564e-02  2.40791347656250000000e+04  3.25235742187500000000e+04  2.00000000000000000000e+00  2.84385142857141066941e-03  1.69057999999999992724e+02  8.19999999999999951150e-01  5.80000000000000029421e-02  4.22539999999999977831e+01  1.49999999999999994449e-01
9.80694444444444428655e+01  3.69974420463966058303e-01  9.95099993605115969331e+02  7.52099104716238713308e+01  2.83267695238142380720e-01  2.63341393187158791989e+04  4.25828359187608803040e+04  2.03332409756165732873e+00  2.79095460317459924740e-03  1.71700666670893809851e+02  7.97332970660864837065e-01  5.00000000000000027756e-02  4.23793333335338147094e+01  5.00000000000000027756e-02
9.80763888888888857309e+01  4.29998401278844533113e-01  9.95149988808951889041e+02  7.54699568345288014370e+01  2.34123626983903154741e-01  2.85891438718067620357e+04  5.26420976187717606081e+04  2.00000000000000000000e+00  2.73805777777778782539e-03  1.74343333341787598556e+02  7.74665941321729611957e-01  5.00000000000000027756e-02  4.25046666670676245303e+01  5.00000000000000027756e-02
9.80833333333333285964e+01  4.20023980815286912538e-01  9.95209932853717191392e+02  7.54799232613910788814e+01  -4.41633476188680110242e-02  3.08441484248976412346e+04  6.27013593187826336361e+04  2.00000000000000000000e+00  2.68689349206349941540e-03  1.76986000000275112143e+02  7.52002079933436928805e-01  5.00000000000000027756e-02  4.26300000000895806807e+01  8.99996640033763894984e-02
9.80902777777777714618e+01  4.30019184652638886135e-01  9.95210025579536932128e+02  7.54600063948842034733e+01  -4.49064876193080553257e-01  2.93665442735869291937e+04  6.82111874897321395110e+04  2.00000000000000000000e+00  2.67009124338625546471e-03  1.77043333333424982357e+02  7.95334026644449409993e-01  5.00000000000000027756e-02  4.26486666666965135164e+01  5.00000000000000027756e-02
9.80972222222222285382e+01  3.90015987210532433238e-01  9.95190015987210585990e+02  7.57300255795368570944e+01  -7.29091949206756129165e-01  2.78889401014130708063e+04  7.37210156352678604890e+04  2.00000000000000000000e+00  2.65328899470897681956e-03  1.77100666666574994679e+02  8.38665973355550598001e-01  5.00000000000000027756e-02  4.26673333333034889847e+01  5.00000000000000027756e-02
9.81041666666666714036e+01  3.70014388489172119101e-01  9.95029999999999972715e+02  7.60600239808152878140e+01  -8.34209771427801616284e-01  2.64113359611254381889e+04  7.92308437179632164771e+04  2.00000000000000000000e+00  2.63619436507934188155e-03  1.77157999999724864892e+02  8.81997920066563079189e-01  5.00000000000000027756e-02  4.26859999999104218205e+01  9.99993760062704573066e-02
9.81111111111111142691e+01  2.90009592326932630346e-01  9.95069980815346184500e+02  7.64699856115095997211e+01  -1.00311251428640590966e+00  3.06387565261669587926e+04  7.34983372182254679501e+04  2.00000000000000000000e+00  2.60720957671956108520e-03  1.74360000008951203654e+02  8.76666837336063653474e-01  5.00000000000000027756e-02  4.25906666669716500451e+01  5.00000000000000027756e-02
9.81180555555555571345e+01  2.70025579536033955019e-01  9.94829904076739921948e+02  7.72298912869718634511e+01  -1.22664542539642185126e+00  3.48661770912084757583e+04  6.77658307184877339751e+04  2.00000000000000000000e+00  2.57822478835978072254e-03  1.71562000004475606829e+02  8.71333418668031822740e-01  5.00000000000000027756e-02  4.24953333334858243120e+01  1.19999360005067001733e-01
9.81250000000000000000e+01  1.19999999999999995559e-01  9.94600000000000022737e+02  7.74599999999999937472e+01  -1.27482899999999998997e+00  3.90935976562500000000e+04  6.20333242187500000000e+04  2.00000000000000000000e+00  2.54923999999999992619e-03  1.68764000000000010004e+02  8.65999999999999992006e-01  5.00000000000000027756e-02  4.23999999999999985789e+01  5.00000000000000027756e-02
9.81319444444444428655e+01  -3.00319744200424239289e-02  9.94340019184652078366e+02  7.84099488409279246071e+01  -5.46735660317596683377e-01  3.77593450545688756392e+04  5.56721041785168054048e+04  2.00000000000000000000e+00  2.57587029100528374162e-03  1.70676666669726131431e+02  8.97333834674686858790e-01  5.00000000000000027756e-02  4.22413333330795310872e+01  5.00000000000000027756e-02
9.81388888888888857309e+01  1.99968025576891146600e-02  9.94499971223019201716e+02  7.85100063948846269568e+01  5.22908753967012862596e-01  3.64250924528877512785e+04  4.93108841382836180856e+04  2.00000000000000000000e+00  2.60250058201056799073e-03  1.72589333339452252858e+02  9.28667669349373725574e-01  5.00000000000000027756e-02  4.20826666661590707008e+01  7.99997760003410274265e-02
9.81458333333333285964e+01  -9.99520383694261702057e-03  9.94329932853717195940e+02  7.84999952038369457341e+01  -4.53660571396498901731e-02  3.50908398512066269177e+04  4.29496640980504307663e+04  2.00000000000000000000e+00  2.62913087301585180616e-03  1.74501999984644101005e+02  9.60002335925244421055e-01  5.00000000000000027756e-02  4.19239999991810208257e+01  5.00000000000000027756e-02
9.81527777777777714618e+01  -8.00000000000000016653e-02  9.94379993605115828359e+02  7.87600351718631799258e+01  -5.32126384127106222266e-01  4.60794218545221810928e+04  5.47113932072480383795e+04  2.00000000000000000000e+00  2.63797433862432992649e-03  1.71301999994883544787e+02  1.00866744530838170490e+00  5.00000000000000027756e-02  4.17533333330604534694e+01  5.00000000000000027756e-02
9.81597222222222285382e+01  -1.09993605115787040916e-01  9.94270012789768429684e+02  7.89299936051157970951e+01  -7.69026095234107254228e-01  5.70680039267278189072e+04  6.64731224177519616205e+04  2.00000000000000000000e+00  2.64638042328042919632e-03  1.68102000005116451575e+02  1.05733255469161835371e+00  5.00000000000000027756e-02  4.15826666669395450526e+01  5.00000000000000027756e-02
9.81666666666666714036e+01  -2.00023980815286939183e-01  9.94210043165467595827e+02  7.89501151079133762778e+01  -8.16648495238428751009e-01  6.80565858634836185956e+04  7.82348515140534582315e+04  2.00000000000000000000e+00  2.65478650793651155260e-03  1.64902000015355895357e+02  1.10599766407475552654e+00  5.00000000000000027756e-02  4.14120000008189776963e+01  5.00000000000000027756e-02
9.81736111111111142691e+01  -2.89999999999999980016e-01  9.94309993605115323589e+02  7.94699744204615114995e+01  -1.09066806349155487332e+00  5.48124543777390790638e+04  6.95660624677023006370e+04  2.00000000000000000000e+00  2.68557277777778380390e-03  1.67945333323597253639e+02  1.08266741334527827334e+00  5.00000000000000027756e-02  4.11800000007422042358e+01  5.00000000000000027756e-02
9.81805555555555571345e+01  -4.89948840927932116607e-01  9.93970089528376092858e+02  7.99999360511599206802e+01  -1.03654991428598153291e+00  4.15683228919945395319e+04  6.08972734213511503185e+04  2.00000000000000000000e+00  2.71748746031745796320e-03  1.70988666661798646373e+02  1.05933370667263915266e+00  5.00000000000000027756e-02  4.09480000003711026579e+01  1.29998912008613909386e-01
9.81875000000000000000e+01  -5.89999999999999968914e-01  9.94009999999999990905e+02  8.05900000000000034106e+01  -5.49228999999999967230e-01  2.83241914062500000000e+04  5.22284843750000000000e+04  2.00000000000000000000e+00  2.74940214285713212250e-03  1.74032000000000010687e+02  1.03600000000000003197e+00  5.00000000000000027756e-02  4.07160000000000010800e+01  5.00000000000000027756e-02
9.81944444444444428655e+01  -6.29987210231983008057e-01  9.93979974420464031937e+02  8.10499808153479648354e+01  5.27831876190308468821e-01  2.94731647114012739621e+04  5.74417291569550579879e+04  2.00000000000000000000e+00  2.81225844444441940712e-03  1.72674666664495532586e+02  1.03666667733350403857e+00  5.00000000000000027756e-02  4.07633333334090437461e+01  5.00000000000000027756e-02
9.82013888888888857309e+01  -5.90003197442310889365e-01  9.93919998401278803613e+02  8.06999904076730700808e+01  1.23204046825665414211e+00  3.06221380165525515622e+04  6.26549739389101159759e+04  2.00000000000000000000e+00  2.87751538888886184558e-03  1.71317333328991026065e+02  1.03733335466700804517e+00  5.00000000000000027756e-02  4.08106666668180935176e+01  6.00001599997564138977e-02
9.82083333333333285964e+01  -5.19995203836942643250e-01  9.93730023980815303730e+02  8.03599712230216596254e+01  1.38904470952078185064e+00  3.17711113217038291623e+04  6.78682187208651739638e+04  2.00000000000000000000e+00  2.94329428571425081446e-03  1.69960000001906706757e+02  1.03800326389554720130e+00  5.00000000000000027756e-02  4.08579999988930921972e+01  1.09999664003376393384e-01
9.82152777777777714618e+01  -4.39990407673680583578e-01  9.93770009592326346137e+02  8.02400383693052674516e+01  2.60923558094770102755e+00  4.67412877325189256226e+04  7.75078020653694402426e+04  2.00000000000000000000e+00  3.01942523809518338640e-03  1.70357333333968625766e+02  1.10600108796513607601e+00  5.00000000000000027756e-02  4.06273333329645183198e+01  5.00000000000000027756e-02
9.82222222222222285382e+01  -2.80000000000000026645e-01  9.93579996802557957380e+02  8.01600799360526536930e+01  3.53499436190667459812e+00  6.17114642206060743774e+04  8.71473854346305597574e+04  2.00000000000000000000e+00  3.09555619047627121609e-03  1.70754666666031369004e+02  1.17399891203486395064e+00  5.00000000000000027756e-02  4.03966666670354754842e+01  5.00000000000000027756e-02
9.82291666666666714036e+01  -3.09985611510827818726e-01  9.93580004796163052561e+02  8.00400335731414145357e+01  4.99048074286171061686e+00  7.66816406139621976763e+04  9.67869687538668658817e+04  2.00000000000000000000e+00  3.17049253968256080846e-03  1.71151999998093288013e+02  1.24199673610445282534e+00  5.00000000000000027756e-02  4.01660000011069016068e+01  1.19999328006752767339e-01
9.82361111111111142691e+01  -6.00111910480881013963e-02  9.93659992006394190867e+02  7.96800207833750278041e+01  9.03441985873888953051e+00  7.47065911384748033015e+04  9.74788880234112439211e+04  2.00000000000000000000e+00  3.19684835978837353712e-03  1.73561333325625497537e+02  1.35266312527668008947e+00  5.00000000000000027756e-02  4.02486666664022010309e+01  5.99997120004384376646e-02
9.82430555555555571345e+01  -1.00255795360339391986e-02  9.93549923261391882079e+02  7.89099360511599172696e+01  1.74344648888911351037e+01  7.27315416629873943748e+04  9.81708072929556219606e+04  2.00000000000000000000e+00  3.22320417989418669946e-03  1.75970666662812760705e+02  1.46333156263834007760e+00  5.00000000000000027756e-02  4.03313333332011012544e+01  5.00000000000000027756e-02
9.82500000000000000000e+01  2.99999999999999988898e-02  9.93360000000000013642e+02  7.88499999999999943157e+01  2.38754300000000014848e+01  7.07564921875000000000e+04  9.88627265625000000000e+04  2.00000000000000000000e+00  3.24955999999999986180e-03  1.78379999999999995453e+02  1.57400000000000006573e+00  5.00000000000000027756e-02  4.04140000000000014779e+01  5.00000000000000027756e-02
9.82569444444444428655e+01  1.80019184652025460158e-01  9.93450063948840124795e+02  7.87199616306959484291e+01  2.40690331746037919913e+01  8.18494270626686047763e+04  1.20552489542928073206e+05  2.00000000000000000000e+00  3.31076370370368732246e-03  1.77713999998934696123e+02  1.64600115201842944757e+00  5.00000000000000027756e-02  4.04066666666549352271e+01  5.99992320060803996373e-02
9.82638888888888857309e+01  2.30001598721155442462e-01  9.93489988808951920873e+02  7.87099904076730609859e+01  2.52569261904714963407e+01  9.29423619378372241044e+04  1.42242252523356146412e+05  2.00000000000000000000e+00  3.37196740740737478312e-03  1.77047999997869368372e+02  1.71800230403685882941e+00  5.00000000000000027756e-02  4.03993333333098760818e+01  5.00000000000000027756e-02
9.82708333333333285964e+01  3.10014388489172176833e-01  9.93320028776978347196e+02  7.83599520383694283510e+01  2.69446231428564537680e+01  1.04035296813005828881e+05  1.63932015503784205066e+05  2.00000000000000000000e+00  3.43317111111106267746e-03  1.76381999989023739772e+02  1.79000076797542284623e+00  5.00000000000000027756e-02  4.03919999994465470650e+01  6.99998080019293839049e-02
9.82777777777777714618e+01  3.69993605115787049797e-01  9.93399990407673612935e+02  7.80900511590737096412e+01  3.79637364126401806175e+01  1.40345640557333681500e+05  2.05427895756003505085e+05  2.00000000000000000000e+00  3.44939296296294713867e-03  1.74094666663009462582e+02  1.80600025599179669911e+00  7.53333396266249177842e-02  4.02766666664822636790e+01  5.00000319997466538546e-02
9.82847222222222285382e+01  4.60019184652638912780e-01  9.93339996802557948286e+02  7.81199296562736549276e+01  5.55853607619121916628e+01  1.76655984442666289397e+05  2.46923776118996494915e+05  3.31398657744356484045e+00  3.46450870370371448101e-03  1.71807333336990552652e+02  1.82199974400820341458e+00  1.14666660373375056681e-01  4.01613333335177387085e+01  5.00000000000000027756e-02
9.82916666666666714036e+01  4.90009592326114740146e-01  9.93330043165467600375e+02  7.77800959232611432981e+01  6.70198143333842324409e+01  2.12966328427585482132e+05  2.88419656638133339584e+05  2.00000000000000000000e+00  3.47962444444445146569e-03  1.69520000010976275462e+02  1.83799923202457726745e+00  1.53999981120044704408e-01  4.00460000005534553225e+01  5.00000000000000027756e-02
9.82986111111111142691e+01  5.50000000000000044409e-01  9.93439984012788499967e+02  7.78199744204615058152e+01  9.39712828254119898475e+01  2.67109500201723654754e+05  3.57870344008755520917e+05  2.00000000000000000000e+00  3.50521108333334439552e-03  1.68610000002911220918e+02  1.82333380267417499709e+00  1.46000002559995178952e-01  4.01773333329131787650e+01  6.00000799998782058386e-02
9.83055555555555571345e+01  6.69948840927932165457e-01  9.93400044764188010049e+02  7.74600127897680152955e+01  1.87160257142855328993e+02  3.21252671975861827377e+05  4.27321031379377818666e+05  2.00000000000000000000e+00  3.53132566666667681299e-03  1.67700000001455606480e+02  1.80866690133708751809e+00  1.38000001279997591697e-01  4.03086666664565882456e+01  5.00000000000000027756e-02
9.83125000000000000000e+01  9.30000000000000048850e-01  9.93539999999999963620e+02  7.66500000000000056843e+01  1.81766699999999985948e+02  3.75395843750000000000e+05  4.96771718750000000000e+05  2.00000000000000000000e+00  3.55712380952381704638e-03  1.66789999999999992042e+02  1.79400000000000003908e+00  1.30000000000000004441e-01  4.04399999999999977263e+01  5.00000000000000027756e-02
9.83194444444444428655e+01  1.28002557953603401941e+00  9.93360108713028125749e+02  7.53799616306959450185e+01  2.92359253650725122498e+02  4.01012124952280137222e+05  5.46895333239959436469e+05  2.00000000000000000000e+00  3.57884338624338792234e-03  1.66828666666728508972e+02  1.75133265065574561525e+00  1.38666668053330721655e-01  4.05060000001055726671e+01  5.00000639994933049337e-02
9.83263888888888857309e+01  1.59001598721155446015e+00  9.93529990407673039954e+02  7.39800015987211594393e+01  1.68101485714346097211e+02  4.26628406154560274445e+05  5.97018947729918872938e+05  2.00000000000000000000e+00  3.60056296296295879830e-03  1.66867333333457025901e+02  1.70866530131149096938e+00  1.47333336106661438869e-01  4.05720000002111405024e+01  1.69999632000560230161e-01
9.83333333333333285964e+01  1.63999999999999990230e+00  9.93629932853717150465e+02  7.32898273381299389939e+01  1.65829329999942018503e+02  4.52244687356840411667e+05  6.47142562219878309406e+05  2.00000000000000000000e+00  3.62158857142856789590e-03  1.66906000006622235787e+02  1.66599891203481753621e+00  1.55999996160009091195e-01  4.06380000007997850275e+01  5.00000000000000027756e-02
9.83402777777777714618e+01  1.93000959232631941198e+00  9.93470041566747454453e+02  7.16701247002421553134e+01  2.20651683809441067297e+02  5.16952770712746307254e+05  7.55892312297338852659e+05  2.00000000000000000000e+00  3.62885047619047104023e-03  1.68286000002206463932e+02  1.64333297067828798532e+00  1.47999998720008490993e-01  4.08046666669331443700e+01  1.09999840001266752099e-01
9.83472222222222285382e+01  2.08000959232631954521e+00  9.93690022382094753084e+02  7.09798880895262840340e+01  2.41989469841724826438e+02  5.81660854287253692746e+05  8.64642062702661147341e+05  2.00000000000000000000e+00  3.63611238095238849602e-03  1.69665999997793534249e+02  1.62066702932171202711e+00  1.40000001279991515002e-01  4.09713333330668518784e+01  6.99997120022801538886e-02
9.83541666666666714036e+01  2.58005275779363119071e+00  9.93749980815347726093e+02  6.96500287769783454905e+01  3.15239173809542478466e+02  6.46368937894240254536e+05  9.73391812503244495019e+05  2.00000000000000000000e+00  3.64322412698412766846e-03  1.71045999993377762394e+02  1.59800108796518247622e+00  1.32000003839990914800e-01  4.11379999992002112208e+01  5.00000000000000027756e-02
9.83611111111111142691e+01  2.64999360511537807028e+00  9.93699993605115423634e+02  6.87899792166249852698e+01  2.76714133968596740942e+02  7.16912375262826913968e+05  9.73972375002162996680e+05  2.00000000000000000000e+00  3.64422941798941838268e-03  1.69430666671834359249e+02  1.57400076801228627765e+00  1.41999996800006050846e-01  4.12653333329259766060e+01  1.49999776000341006332e-01
9.83680555555555571345e+01  2.89003197442004244877e+00  9.93740038369304102162e+02  6.69100831334921082316e+01  2.91157558412618413968e+02  7.87455812631413456984e+05  9.74552937501081498340e+05  2.00000000000000000000e+00  3.64523470899470909690e-03  1.67815333335917159729e+02  1.55000038400614315037e+00  1.51999998400003027976e-01  4.13926666664629863135e+01  5.00000000000000027756e-02
9.83750000000000000000e+01  3.10000000000000008882e+00  9.93769999999999981810e+02  6.62000000000000028422e+01  3.74436899999999980082e+02  8.57999250000000000000e+05  9.75133500000000000000e+05  2.00000000000000000000e+00  3.64623999999999981111e-03  1.66199999999999988631e+02  1.52600000000000002309e+00  1.62000000000000005107e-01  4.15200000000000031264e+01  5.99999999999999977796e-02
9.83819444444444428655e+01  3.46015347721620347698e+00  9.93700019184652092008e+02  6.47697953637117223025e+01  4.51643446031740722901e+02  9.31291374863466131501e+05  1.07872399980702414177e+06  2.00000000000000000000e+00  3.68503298941797894847e-03  1.66712666667486701044e+02  1.47133245865267392460e+00  1.80666669653327699452e-01  4.17106666669716545925e+01  1.99999680002533514189e-01
9.83888888888888857309e+01  3.35000479616346646949e+00  9.93809980815346079908e+02  6.29700959232693264767e+01  2.74837826666701573686e+02  1.00458349972693226300e+06  1.18231449961404828355e+06  2.00000000000000000000e+00  3.72382597883595808583e-03  1.67225333334973413457e+02  1.41666491730534804816e+00  1.99333339306655393797e-01  4.19013333339433060587e+01  5.00000000000000027756e-02
9.83958333333333285964e+01  4.19994244604331168347e+00  9.93839976019184746292e+02  6.20096930455643260416e+01  5.23892881428310488445e+02  1.07787562459039827809e+06  1.28590499942107219249e+06  2.00000000000000000000e+00  3.76261896825393722318e-03  1.67737999997735016677e+02  1.36199491216282364547e+00  2.17999997440006060279e-01  4.20920000009757373505e+01  1.19999424005788113412e-01
9.84027777777777714618e+01  4.14004476418948996752e+00  9.93929980815347335010e+02  6.00901790567579681124e+01  5.24357909523780222116e+02  1.07821912499935994856e+06  1.34610254155448521487e+06  2.00000000000000000000e+00  3.80217365079360894442e-03  1.67265999999245337904e+02  1.25599830405434698122e+00  2.12666665813338984226e-01  4.22953333336584407220e+01  5.00000000000000027756e-02
9.84097222222222285382e+01  4.84995523581050935746e+00  9.93850038369305252672e+02  6.02501566746632164495e+01  3.51110533968995582654e+02  1.07856262500064005144e+06  1.40630008344551478513e+06  2.00000000000000000000e+00  3.84174706349209218320e-03  1.66794000000754664370e+02  1.15000169594565315734e+00  2.07333334186661027987e-01  4.24986666663415562084e+01  1.10000095999239946853e-01
9.84166666666666714036e+01  4.59993285371719640153e+00  9.94019952038369410730e+02  5.85598561151082819265e+01  3.78788496189777390555e+02  1.07890612579178321175e+06  1.46649762556487531401e+06  2.00000000000000000000e+00  3.88132047619049432366e-03  1.66322000002264985596e+02  1.04400508783717649308e+00  2.02000002559993951934e-01  4.27019999990242595800e+01  5.00000000000000027756e-02
9.84236111111111142691e+01  4.78999840127884457530e+00  9.94129971223019197168e+02  5.86099632294134238464e+01  5.38514015079099294780e+02  1.22058395886118873022e+06  1.56757366704325028695e+06  2.00000000000000000000e+00  3.93524314814815839858e-03  1.65978000001100497229e+02  1.02733386667519877022e+00  1.91333336746660226391e-01  4.29579999991810197457e+01  5.00000000000000027756e-02
9.84305555555555571345e+01  5.13988489208784660178e+00  9.94219904076739908305e+02  5.75704284572285658328e+01  5.70710367936520015064e+02  1.36226179193059448153e+06  1.66864970852162502706e+06  2.00000000000000000000e+00  3.98988931216930856755e-03  1.65634000000550258846e+02  1.01066693333759949347e+00  1.80666668373330119302e-01  4.32139999995905057517e+01  5.00000000000000027756e-02
9.84375000000000000000e+01  5.01999999999999957367e+00  9.94179999999999949978e+02  5.66300000000000025580e+01  6.03579399999999964166e+02  1.50393962500000000000e+06  1.76972575000000000000e+06  2.00000000000000000000e+00  4.04453547619045786915e-03  1.65289999999999992042e+02  9.93999999999999994671e-01  1.70000000000000012212e-01  4.34699999999999988631e+01  5.00000000000000027756e-02
9.84444444444444428655e+01  5.40012789768016965297e+00  9.93950102318144217861e+02  5.65996866506835871746e+01  6.28355698412703645772e+02  1.63591149975415319204e+06  1.78765862496659322642e+06  2.00000000000000000000e+00  4.09662288888886904487e-03  1.66750000002335355020e+02  8.99331818642435387723e-01  1.82666668693329509177e-01  4.36940000003583080002e+01  5.00000000000000027756e-02
9.84513888888888857309e+01  5.30004316547119636027e+00  9.94040004796163430001e+02  5.54599776179038244095e+01  5.89976545238134463034e+02  1.76788337450830638409e+06  1.80559149993318668567e+06  2.00000000000000000000e+00  4.14851177777775595445e-03  1.68210000004670746421e+02  8.04663637284870891797e-01  1.95333337386659006141e-01  4.39180000007166100318e+01  5.00000000000000027756e-02
9.84583333333333285964e+01  5.40016786570700890735e+00  9.93979937649880298522e+02  5.32498417266191097497e+01  5.84544956190356970183e+02  1.89985524926245957613e+06  1.82352437489977991208e+06  2.00000000000000000000e+00  4.20023619047616824512e-03  1.69670000001106899390e+02  7.09995904131078159338e-01  2.07999981760043195500e-01  4.41420000021402358925e+01  5.00000000000000027756e-02
9.84652777777777714618e+01  5.88000959232631892348e+00  9.93900041566747404431e+02  5.05099328537157603591e+01  5.22699305080268800339e+02  1.87542479171219421551e+06  1.77239870842860871926e+06  2.00000000000000000000e+00  4.24869849206345722575e-03  1.69900666667035466162e+02  6.24665301377084203338e-01  1.69999993920040309847e-01  4.45880000007131087614e+01  1.69999520003800280721e-01
9.84722222222222285382e+01  7.15996482813682888491e+00  9.93930047961631544240e+02  4.91299488409262963273e+01  6.26193855554754009063e+02  1.85099433328780578449e+06  1.72127304157139128074e+06  2.99157200051991534195e+00  4.29716079365084508562e-03  1.70131333332964516103e+02  5.39334698622915720279e-01  1.32000006079959653071e-01  4.50339999992868911249e+01  1.29999584003293561230e-01
9.84791666666666714036e+01  7.28994724220636847178e+00  9.93990004796163020728e+02  4.72802973621095574686e+01  5.06310360475872130337e+02  1.82656387506719911471e+06  1.67014737520741135813e+06  5.81104535939872324235e+00  4.34612753968259459686e-03  1.70361999998893082875e+02  4.54004095868921875301e-01  9.40000182399567812963e-02  4.54799999978597639938e+01  5.00000000000000027756e-02
9.84861111111111142691e+01  7.51999840127884411345e+00  9.94129977617903819009e+02  4.62200479616346626699e+01  5.02249682539760271993e+02  1.83858816671146615408e+06  1.70726054180494090542e+06  2.94275985521280825097e+00  4.41560835978839667793e-03  1.71341999996864842615e+02  4.73999359989761448464e-01  8.93333348266638488377e-02  4.58026666656344048079e+01  9.99997120004384454361e-02
9.84930555555555571345e+01  8.03999999999999914735e+00  9.94080031974420080587e+02  4.48601278976801722820e+01  4.83199870158772398554e+02  1.85061245835573296063e+06  1.74437370840247045271e+06  2.28595836494540227690e+00  4.48508917989419789163e-03  1.72321999998432403345e+02  4.93999679994880758205e-01  8.46666674133319252515e-02  4.61253333328172061556e+01  5.00000000000000027756e-02
9.85000000000000000000e+01  8.23000000000000042633e+00  9.94080000000000040927e+02  4.42599999999999980105e+01  6.69266300000000001091e+02  1.86263675000000000000e+06  1.78148687500000000000e+06  3.57673023849326643386e+00  4.55456999999999997270e-03  1.73301999999999992497e+02  5.14000000000000012434e-01  8.00000000000000016653e-02  4.64480000000000003979e+01  5.99999999999999977796e-02
9.85069444444444428655e+01  8.36992326139189657397e+00  9.93910095923260087147e+02  4.27800703437240912308e+01  6.25498737777796122828e+02  1.86383504166443436407e+06  1.75386929171811463311e+06  3.24000406895223935777e+00  4.60569433862432521531e-03  1.72709333332385313042e+02  5.01333130663424442197e-01  8.00000000000000016653e-02  4.66733333336937690206e+01  5.00000000000000027756e-02
9.85138888888888857309e+01  8.17002078337502091188e+00  9.93959992006394259079e+02  4.32700271782596459502e+01  5.66773474603735621713e+02  1.86503333332886872813e+06  1.72625170843622949906e+06  2.00000000000000000000e+00  4.65681867724865045793e-03  1.72116666664770633588e+02  4.88666261326848927471e-01  8.00000000000000016653e-02  4.68986666673875447486e+01  5.00000000000000027756e-02
9.85208333333333285964e+01  7.96000959232611471350e+00  9.93990028776978306269e+02  4.28499856115108315180e+01  4.72947041428066825119e+02  1.86623162499330309220e+06  1.69863412515434413217e+06  2.00000000000000000000e+00  4.70794301587297570055e-03  1.71523999990709683061e+02  4.75998272055298599081e-01  8.00000057599863506619e-02  4.71240000007198105436e+01  1.30000047999517670538e-01
9.85277777777777714618e+01  8.87996163069472288498e+00  9.93940006394884221663e+02  4.21199296562736549276e+01  6.38850534603371784215e+02  1.89261258328417106532e+06  1.71565899996827309951e+06  2.00000000000000000000e+00  4.68079047619050780948e-03  1.69587999996904557065e+02  4.39999424018457374608e-01  9.20000019199872648423e-02  4.72740000002398375045e+01  1.29999968000253346423e-01
9.85347222222222285382e+01  9.12000639488421249723e+00  9.93999990407673635673e+02  4.02500415667473845360e+01  6.49092893968118005432e+02  1.91899354171582893468e+06  1.73268387503172690049e+06  2.00000000000000000000e+00  4.65171309523807439967e-03  1.67652000003095452030e+02  4.04000575981542597859e-01  1.03999998080012728829e-01  4.74239999997601628934e+01  6.99999360005067045032e-02
9.85416666666666714036e+01  8.95991846522802504182e+00  9.93959961630695602253e+02  4.06900575539566844441e+01  5.95671336189600310718e+02  1.94537450027324282564e+06  1.74970874997151619755e+06  2.00000000000000000000e+00  4.62263571428570170518e-03  1.65716000009290326034e+02  3.68001727944701428896e-01  1.15999994240013643010e-01  4.75739999992801898543e+01  1.29999568004341092831e-01
9.85486111111111142691e+01  8.83999520383653347722e+00  9.93910020783374989151e+02  3.91200959232693250556e+01  6.35312243174701620774e+02  1.99426725018216203898e+06  1.74461199998101079836e+06  2.00000000000000000000e+00  4.70346900000003648179e-03  1.64090666671866358683e+02  3.85999423990785295313e-01  9.06666747733180233837e-02  4.78166666658903380949e+01  1.09999888000170506497e-01
9.85555555555555571345e+01  9.29981454836375398543e+00  9.94060025579535931683e+02  3.92000383693040532762e+01  6.57159577143001342847e+02  2.04316000009108101949e+06  1.73951524999050539918e+06  2.00000000000000000000e+00  4.78984400000003352621e-03  1.62465333335933166836e+02  4.03999711995392640773e-01  6.53333373866590016998e-02  4.80593333329451724012e+01  6.99998720010134023450e-02
9.85625000000000000000e+01  9.48000000000000042633e+00  9.94029999999999972715e+02  3.77100000000000008527e+01  6.70507899999999949614e+02  2.09205275000000000000e+06  1.73441850000000000000e+06  2.00000000000000000000e+00  4.87197738095239071821e-03  1.60840000000000003411e+02  4.21999999999999986233e-01  5.00000000000000027756e-02  4.83019999999999996021e+01  1.19999999999999995559e-01
9.85694444444444428655e+01  9.77016626698421930541e+00  9.94030038369304065782e+02  3.70599424460439266227e+01  7.47272134920624694132e+02  2.04554283341997535899e+06  1.67057525011893175542e+06  2.00000000000000000000e+00  4.89944100529100725477e-03  1.60786666666581368190e+02  3.70665845320193865220e-01  5.53333357866620315080e-02  4.85400000003807008397e+01  6.00003199974664946925e-02
9.85763888888888857309e+01  9.65999360511537830121e+00  9.94019996802557670890e+02  3.76199840127884428398e+01  7.49700345714456148016e+02  1.99903291683995071799e+06  1.60673200023786374368e+06  2.00000000000000000000e+00  4.92690462962962465870e-03  1.60733333333162704548e+02  3.19331690640387744207e-01  7.06666715733240691222e-02  4.87780000007613949720e+01  1.09999968000048714556e-01
9.85833333333333285964e+01  9.51001438848917146629e+00  9.94099942446043314703e+02  3.64302062350114681522e+01  6.68343668095468274259e+02  1.95252300025992607698e+06  1.54288875035679549910e+06  2.00000000000000000000e+00  4.95204095238096185516e-03  1.60680000003448697043e+02  2.68003167898619276688e-01  8.59999932800159100355e-02  4.90160000001279669846e+01  5.00000000000000027756e-02
9.85902777777777714618e+01  9.84998721023157308707e+00  9.93970073541168517295e+02  3.58699712230210394637e+01  6.41185547936270495484e+02  1.90021841676413919777e+06  1.56203904163097916171e+06  2.00000000000000000000e+00  4.93101912698414197866e-03  1.61398666667815746223e+02  3.34001055966161419786e-01  7.19999977600148527435e-02  4.90426666667093016372e+01  9.00003519972131516003e-02
9.85972222222222285382e+01  9.47009592326319449285e+00  9.94049961630694724590e+02  3.63499072741789106544e+01  6.21615062857148586772e+02  1.84791383323586080223e+06  1.58118933336902083829e+06  2.00000000000000000000e+00  4.90999730158727873408e-03  1.62117333332184273331e+02  3.99998944033838621515e-01  5.80000022399851378196e-02  4.90693333332906931332e+01  5.00000000000000027756e-02
9.86041666666666714036e+01  9.96997122302165550423e+00  9.93950062350119765142e+02  3.61099376498802513424e+01  5.71579430475477010987e+02  1.79560924907721136697e+06  1.60033962419162830338e+06  2.00000000000000000000e+00  4.89895214285745658755e-03  1.62835999996551322511e+02  4.65996832101380764612e-01  5.00000000000000027756e-02  4.90959999998720277858e+01  1.79999136008682170118e-01
9.86111111111111142691e+01  9.55001758593271077302e+00  9.94069979216625029039e+02  3.62199920063942215620e+01  6.26690187142692366251e+02  1.63048995771814091131e+06  1.45569354112775227986e+06  2.00000000000000000000e+00  5.29362476190497165118e-03  1.61848000003160763072e+02  4.31334442684413510438e-01  5.00000000000000027756e-02  4.91293333332266897173e+01  1.69999904000146168093e-01
9.86180555555555571345e+01  1.00599552358119410655e+01  9.94179948840927863785e+02  3.53100255795360382649e+01  6.62836652063470182839e+02  1.46537066635907045566e+06  1.31104745806387625635e+06  2.00000000000000000000e+00  5.68829738095248584745e-03  1.60860000001580402795e+02  3.96667221342206777202e-01  5.00000000000000027756e-02  4.91626666666133473882e+01  1.60000191998479895927e-01
9.86250000000000000000e+01  9.60999999999999943157e+00  9.94149999999999977263e+02  3.58699999999999974420e+01  2.83585199999999986176e+02  1.30025137500000000000e+06  1.16640137500000000000e+06  2.00000000000000000000e+00  6.08297000000000004372e-03  1.59872000000000014097e+02  3.61999999999999988454e-01  5.00000000000000027756e-02  4.91959999999999979536e+01  1.70000000000000012212e-01
9.86319444444444428655e+01  8.54001918465202436437e+00  9.94080095923260159907e+02  3.79001151079121498810e+01  2.41891553015897414980e+02  1.31324570830912655219e+06  1.09340122930265660398e+06  2.00000000000000000000e+00  5.82963005291011956976e-03  1.62150000003643839364e+02  3.93333834674686855237e-01  5.00000000000000027756e-02  4.91046666665205719937e+01  1.59999808001520110734e-01
9.86388888888888857309e+01  8.51999840127884411345e+00  9.94179979216624928995e+02  3.84999920063942226989e+01  2.14710189206322183963e+02  1.32624004161825310439e+06  1.02040108360531320795e+06  2.00000000000000000000e+00  5.57629010582023996317e-03  1.64428000007287664630e+02  4.24667669349373722021e-01  5.00000000000000027756e-02  4.90133333330411389284e+01  2.59999648000535876768e-01
9.86458333333333285964e+01  8.75012949640254866779e+00  9.94109928057554157022e+02  3.79501774580331243669e+01  4.83223851904893933806e+02  1.33923437492737965658e+06  9.47400937907969928347e+05  2.00000000000000000000e+00  5.32295015873036035658e-03  1.66706000001340441941e+02  4.56000415986687390735e-01  5.00000000000000027756e-02  4.89220000001983450488e+01  1.39999616003858767810e-01
9.86527777777777714618e+01  9.38004796163159859645e+00  9.93890057553957944947e+02  3.79200319744210645467e+01  4.15515983808963142110e+02  1.13020343788954056799e+06  8.79144729293865850195e+05  2.00000000000000000000e+00  5.34269978835975965087e-03  1.66985333333779948362e+02  4.64666805328889875870e-01  5.00000000000000027756e-02  4.89633333333994187342e+01  6.00003199974664808147e-02
9.86597222222222285382e+01  9.54000639488421242618e+00  9.93909974420463072420e+02  3.74999392485999791802e+01  4.24941356507023556333e+02  9.21172499610459432006e+05  8.10888520706134149805e+05  2.00000000000000000000e+00  5.36916473544975410281e-03  1.67264666666220051638e+02  4.73333194671110124574e-01  5.00000000000000027756e-02  4.90046666666005776847e+01  1.59999616003040218137e-01
9.86666666666666714036e+01  9.06005275779363117294e+00  9.93830023980815326468e+02  3.74000527577936310308e+01  1.95784529999839321590e+02  7.12141562372791464441e+05  7.42632312411350198090e+05  2.00000000000000000000e+00  5.39562968253969391097e-03  1.67543999998659558059e+02  4.81999584013312609709e-01  5.00000000000000027756e-02  4.90459999998016513700e+01  1.49999184008199809570e-01
9.86736111111111142691e+01  8.69999360511537744856e+00  9.93799993605115332684e+02  3.89400543565192833739e+01  1.49034793968234168915e+02  6.89379479081860976294e+05  7.26769749940900132060e+05  2.00000000000000000000e+00  5.58242351851855490158e-03  1.67538666666683724316e+02  4.57334122679294186042e-01  5.00000000000000027756e-02  4.90759999999040275043e+01  6.00001279998051348374e-02
9.86805555555555571345e+01  8.55000639488400970833e+00  9.93640057553956012271e+02  3.94599616306959504186e+01  1.46800508253966938810e+02  6.66617395790930488147e+05  7.10907187470450066030e+05  2.00000000000000000000e+00  5.77730116402114853708e-03  1.67533333333341857951e+02  4.32667061339647107676e-01  5.00000000000000027756e-02  4.91059999999520115921e+01  5.00000000000000027756e-02
9.86875000000000000000e+01  8.57000000000000028422e+00  9.93679999999999949978e+02  4.01599999999999965894e+01  1.39438400000000001455e+02  6.43855312500000000000e+05  6.95044625000000000000e+05  2.00000000000000000000e+00  5.97217880952374303993e-03  1.67527999999999991587e+02  4.07999999999999973799e-01  5.00000000000000027756e-02  4.91360000000000027853e+01  1.30000000000000004441e-01
9.86944444444444428655e+01  8.61999999999999921840e+00  9.93550095923260073505e+02  4.02298721023198240232e+01  1.35502548571434374480e+02  6.32821062520555453375e+05  6.92679729171072132885e+05  2.00000000000000000000e+00  6.10306066666661730519e-03  1.69823333337004868326e+02  4.60000832013310101409e-01  5.00000000000000027756e-02  4.90746666665685609132e+01  8.99999999999999966693e-02
9.87013888888888857309e+01  8.53999680255768822690e+00  9.93649987210230733581e+02  4.02900239808173310507e+01  1.29592506031741265815e+02  6.21786812541110790335e+05  6.90314833342144382186e+05  2.00000000000000000000e+00  6.22897733333328037370e-03  1.72118666674009773487e+02  5.12001664026620173509e-01  5.00000000000000027756e-02  4.90133333331371190411e+01  5.00000000000000027756e-02
9.87083333333333285964e+01  8.51001918465222928489e+00  9.93659966426858545674e+02  4.04600191846522321271e+01  9.88478707143152064418e+01  6.10752562561666243710e+05  6.87949937513216515072e+05  2.00000000000000000000e+00  6.33786904761915112494e-03  1.74413999981710446718e+02  5.64007295766516980606e-01  5.00000000000000027756e-02  4.89519999992961842850e+01  5.00000000000000027756e-02
9.87152777777777714618e+01  8.51999360511578629485e+00  9.93699993605115878381e+02  4.11598912869683744020e+01  9.01134107301777760313e+01  5.73840000068788533099e+05  6.44609104247434646823e+05  2.51656965593078263410e+00  6.10909920634937052969e-03  1.70602666660572737101e+02  7.16002431922068582892e-01  5.00000000000000027756e-02  4.88053333330988294847e+01  5.99994560043069363742e-02
9.87222222222222285382e+01  8.48000319744210706574e+00  9.93740031974421071936e+02  4.12799968025578962738e+01  7.67188976507189011045e+01  5.36927437431211466901e+05  6.01268270752565353177e+05  2.57836075216587090608e+00  5.88032936507912242646e-03  1.66791333339427239935e+02  8.67997568077931269670e-01  5.00000000000000027756e-02  4.86586666669011691511e+01  9.99999680002533614109e-02
9.87291666666666714036e+01  8.38000000000000078160e+00  9.93800057553956662559e+02  4.11500911270980864742e+01  5.79897571428629916568e+01  5.00014874831491091754e+05  5.57927437449275632389e+05  2.00000000000000000000e+00  5.65409269841260064132e-03  1.62980000018289530317e+02  1.01999270423348287196e+00  5.00000000000000027756e-02  4.85120000007038143508e+01  2.19999328006752814524e-01
9.87361111111111142691e+01  8.22000000000000063949e+00  9.93989985611509609953e+02  4.11800127897692433976e+01  4.76788163809413987337e+01  4.69862708220994041767e+05  5.48851062466183793731e+05  2.00000000000000000000e+00  5.53087179894173365524e-03  1.62769333334007285430e+02  1.08399795196723669477e+00  5.00000000000000027756e-02  4.81753333344103822355e+01  1.69999904000146168093e-01
9.87430555555555571345e+01  8.14005755395607621949e+00  9.93820063948840129342e+02  4.13199232613918994161e+01  4.05409135555548800767e+01  4.39710541610497049987e+05  5.39774687483091838658e+05  2.00000000000000000000e+00  5.40765089947086666916e-03  1.62558666667003649309e+02  1.14799897598361821949e+00  5.00000000000000027756e-02  4.78386666672051887872e+01  1.60000063999493291611e-01
9.87500000000000000000e+01  8.07000000000000028422e+00  9.93840000000000031832e+02  4.15700000000000002842e+01  2.91303499999999999659e+01  4.09558375000000000000e+05  5.30698312500000000000e+05  2.00000000000000000000e+00  5.28442999999999968308e-03  1.62348000000000013188e+02  1.21199999999999996625e+00  5.00000000000000027756e-02  4.75020000000000024443e+01  5.00000000000000027756e-02
9.87569444444444428655e+01  7.93999360511599228118e+00  9.93949891286971933368e+02  4.19700191846520240802e+01  2.04857360317477343870e+01  3.64028281334816769231e+05  4.89597406326565775089e+05  2.00000000000000000000e+00  5.23843132275133432918e-03  1.62972666667665890827e+02  1.10466494930585978906e+00  5.00000000000000027756e-02  4.72353333329067837099e+01  6.00001919984798973151e-02
9.87638888888888857309e+01  7.71999840127884429108e+00  9.93799995203836488145e+02  4.18400143884904025526e+01  1.55246840634988547691e+01  3.18498187669633538462e+05  4.48496500153131491970e+05  2.00000000000000000000e+00  5.19243264550266984264e-03  1.63597333335331740045e+02  9.97329898611719833923e-01  5.00000000000000027756e-02  4.69686666658135578700e+01  1.29999840000243588323e-01
9.87708333333333285964e+01  7.58998561151082729026e+00  9.93710000000000036380e+02  4.23199088729019123889e+01  1.53496872857235810983e+01  2.72968094004450249486e+05  4.07395593979697267059e+05  2.00000000000000000000e+00  5.14643396825400448874e-03  1.64221999992657970324e+02  8.89996448113669291757e-01  5.00000000000000027756e-02  4.67020000040917082629e+01  1.50000095999035298888e-01
9.87777777777777714618e+01  7.42999040767368068572e+00  9.93760028776978970200e+02  4.25599744204631491584e+01  9.86600894604071143590e+00  2.43435296930035983678e+05  3.93459375025970919523e+05  2.00000000000000000000e+00  5.91057015872932696443e-03  1.62691999997553693902e+02  8.15998816037940333246e-01  5.00000000000000027756e-02  4.75546666680299878749e+01  6.00003519972131527105e-02
9.87847222222222285382e+01  7.29001278976842570501e+00  9.93780051159073650524e+02  4.44504540367791207700e+01  8.33974462856538956146e+00  2.13902499944964016322e+05  3.79523156224029080477e+05  2.00000000000000000000e+00  6.69462769841326285625e-03  1.61162000002446319513e+02  7.42001183962059718269e-01  5.00000000000000027756e-02  4.84073333319700083166e+01  9.99995520035469043219e-02
9.87916666666666714036e+01  7.22002398081528706797e+00  9.93860062350119733310e+02  4.89095491606726042733e+01  4.62282899999253338308e+00  1.84369703446595231071e+05  3.65586937674482876901e+05  2.30873518460995885704e+00  7.47868523809559412885e-03  1.59632000007342043091e+02  6.68003551886330759757e-01  5.00000000000000027756e-02  4.92599999959082879286e+01  5.00000000000000027756e-02
9.87986111111111142691e+01  6.67000959232693269030e+00  9.93939995203836588189e+02  5.29800351718654169986e+01  4.03802433809735372705e+00  2.41914385631063487381e+05  3.96808052199655270670e+05  2.00000000000000000000e+00  6.80808158333302479437e-03  1.63991999986051723681e+02  6.48000640010238604383e-01  5.00000000000000027756e-02  4.95419999990978396909e+01  3.29999744000389727550e-01
9.88055555555555571345e+01  6.62998721023198278601e+00  9.94009891286971878799e+02  5.54098337330157733049e+01  -4.63980101588811200131e-01  2.99459067815531743690e+05  4.28029166724827606231e+05  2.00000000000000000000e+00  6.06413366666637941582e-03  1.68351999993025856384e+02  6.28000320005119294642e-01  5.00000000000000027756e-02  4.98239999995489171170e+01  1.99999936000506722822e-01
9.88125000000000000000e+01  6.48000000000000042633e+00  9.93820000000000050022e+02  5.62500000000000000000e+01  2.62071899999999979869e+00  3.57003750000000000000e+05  4.59250281250000000000e+05  2.00000000000000000000e+00  5.40419428571442973103e-03  1.72711999999999989086e+02  6.07999999999999984901e-01  5.19999999999999976130e-02  5.01060000000000016485e+01  1.49999999999999994449e-01
9.88194444444444428655e+01  6.42001918465202514597e+00  9.93829961630695947861e+02  5.73000447641880583660e+01  6.95171777778286315019e-01  2.95675963655912491959e+05  4.50024010433854011353e+05  2.00000000000000000000e+00  5.82703158730161954043e-03  1.68997333327391459079e+02  6.33333738673151125376e-01  5.00000000000000027756e-02  4.99519999997536672254e+01  2.69998848009120606672e-01
9.88263888888888857309e+01  6.15000000000000035527e+00  9.93649996802557666342e+02  5.99898673061440987908e+01  -8.93034195233293304206e-01  2.34348177311825042125e+05  4.40797739617708080914e+05  2.00000000000000000000e+00  6.24986888888880848247e-03  1.65282666654782900650e+02  6.58667477346302154828e-01  5.00000000000000027756e-02  4.97979999995073328023e+01  2.79999936000097482403e-01
9.88333333333333285964e+01  5.90000000000000035527e+00  9.93600067146282867725e+02  6.13699472422063649901e+01  6.66727847618534430474e-01  1.73020390967737534083e+05  4.31571468801562092267e+05  2.73243656215441088619e+00  6.64025095238106755763e-03  1.61568000006449494776e+02  6.83997632075779571359e-01  5.00000000000000027756e-02  4.96440000002399344226e+01  2.29999808001929373358e-01
9.88402777777777714618e+01  5.84000319744210649731e+00  9.93410054356515729523e+02  6.24499168665052337701e+01  2.25012902222043154055e+00  1.85457656226822466124e+05  4.17805572942320141010e+05  4.13584321180338232438e+00  6.38693746031764302690e-03  1.62912000002148914746e+02  6.34665877358626895344e-01  5.00000000000000027756e-02  4.96940000000799457780e+01  1.99999680002533541945e-01
9.88472222222222285382e+01  5.89997761790525476755e+00  9.93589961630694801897e+02  6.30000799360526642090e+01  2.33209015555750909243e+00  1.97894921898177533876e+05  4.04039677057679858990e+05  2.00000000000000000000e+00  6.13362396825369981385e-03  1.64255999997851091621e+02  5.85334122641373189033e-01  5.00000000000000027756e-02  4.97439999999200495040e+01  1.49999744002026785816e-01
9.88541666666666714036e+01  5.92997601918471239912e+00  9.93559952038369374350e+02  6.31399664268585993909e+01  2.16603468095469020582e+00  2.10332187704736279557e+05  3.90273780938829237130e+05  2.00000000000000000000e+00  5.88331888888878745680e-03  1.65599999993550511590e+02  5.36002367924220513018e-01  5.00000000000000027756e-02  4.97939999997600608594e+01  1.49999616003858748936e-01
9.88611111111111142691e+01  5.88998721023075599845e+00  9.93439990407673121808e+02  6.32599872102307543287e+01  2.56504761587289387137e+00  2.46966698053157510003e+05  3.34594400834219472017e+05  2.00000000000000000000e+00  5.75535592592585788091e-03  1.66908666662480044351e+02  5.21333802674174950909e-01  5.00000000000000027756e-02  4.92840000016315613607e+01  2.29999840000243593874e-01
9.88680555555555571345e+01  5.41006394884008479096e+00  9.93269999999999981810e+02  6.44597761790597019171e+01  -3.85842666666992162305e+00  2.83601208401578769553e+05  2.78915020729609765112e+05  2.00000000000000000000e+00  5.62739296296292917238e-03  1.68217333331240041616e+02  5.06666901337087471902e-01  5.00000000000000027756e-02  4.87740000008157821298e+01  1.69999488004053622703e-01
9.88750000000000000000e+01  4.65000000000000035527e+00  9.93309999999999945430e+02  7.04300000000000068212e+01  -4.04023999999999983146e+00  3.20235718750000000000e+05  2.23235640625000000000e+05  3.82742767681149897996e+00  5.49942999999999959648e-03  1.69526000000000010459e+02  4.91999999999999992895e-01  7.00000000000000066613e-02  4.82640000000000028990e+01  1.70000000000000012212e-01
9.88819444444444428655e+01  4.40000639488400846489e+00  9.93150083133492103116e+02  7.18100319744200419336e+01  -5.25120296825499099924e+00  2.82014484446201298852e+05  2.58867041600289929193e+05  4.29313666156444906363e+00  5.45971108465609453880e-03  1.68053999997645433950e+02  5.15333706672639113577e-01  5.00000000000000027756e-02  4.86653333339752975917e+01  5.00000000000000027756e-02
9.88888888888888857309e+01  4.30000159872115528259e+00  9.93010027178259633729e+02  7.45999664268557296509e+01  -2.39617636983990678345e+00  2.43793250142402568599e+05  2.94498442575579858385e+05  2.45068361554927482970e+00  5.41999216931219034848e-03  1.66581999995290857441e+02  5.38667413345278345282e-01  5.00000000000000027756e-02  4.90666666679505922843e+01  1.50000111999829488507e-01
9.88958333333333285964e+01  4.23998081534777071511e+00  9.92989942446043301061e+02  7.63201055155872580826e+01  -9.74844842857963911342e-01  2.05572015838603838347e+05  3.30129843550869729370e+05  2.00000000000000000000e+00  5.38027325396828529080e-03  1.65110000009069608495e+02  5.61998944033793690345e-01  5.00000000000000027756e-02  4.94679999983524396612e+01  1.89999904000964697781e-01
9.89027777777777714618e+01  4.07999680255789343164e+00  9.92779993605115805622e+02  7.78999744204631525690e+01  -2.76190438094932888546e+00  1.84491114622618741123e+05  2.74224307395849667955e+05  2.00000000000000000000e+00  5.43386174603168684710e-03  1.67000000003021909833e+02  5.39999648011279531623e-01  5.00000000000000027756e-02  4.91246666661177187052e+01  1.69999968000253354194e-01
9.89097222222222285382e+01  3.86999040767368063243e+00  9.92590019184652646800e+02  8.01699424460420857486e+01  -4.42763361587289416832e+00  1.63410213502381258877e+05  2.18318770729150332045e+05  2.00000000000000000000e+00  5.48974468253972305160e-03  1.68889999996978104946e+02  5.18000351988720519891e-01  5.00000000000000027756e-02  4.87813333338822872065e+01  1.09999936000506698397e-01
9.89166666666666714036e+01  3.58002398081528694362e+00  9.92539985611510815033e+02  8.17795923261401185300e+01  -4.38256230952416814262e+00  1.42329312614648020826e+05  1.62413234353440057021e+05  2.00000000000000000000e+00  5.54562761904764476434e-03  1.70779999990930406284e+02  4.96001055966206416681e-01  5.00000000000000027756e-02  4.84380000016475662505e+01  8.00001439985529722021e-02
9.89236111111111142691e+01  3.37999840127884443319e+00  9.92180017585932660040e+02  8.39399488409230229990e+01  -3.57814542539822921796e+00  1.62843869868098670850e+05  1.58555401027293351945e+05  2.00000000000000000000e+00  5.49514722222221169146e-03  1.68045333342081931960e+02  4.57334570686461217015e-01  5.00000000000000027756e-02  4.82713333338665293581e+01  6.99998880001705126030e-02
9.89305555555555571345e+01  3.31999360511599128643e+00  9.92000134292564212046e+02  8.51599808153479642669e+01  -3.98797927301539090195e+00  1.83358427121549320873e+05  1.54697567701146675972e+05  2.03977990351267912672e+00  5.43930396825397215882e-03  1.65310666671040962683e+02  4.18667285343230610728e-01  5.46666645333373640847e-02  4.81046666669332623201e+01  8.00006399949329954913e-02
9.89375000000000000000e+01  3.29000000000000003553e+00  9.91779999999999972715e+02  8.52199999999999988631e+01  -3.28467500000000001137e+00  2.03872984375000000000e+05  1.50839734375000000000e+05  2.00000000000000000000e+00  5.38346071428573349354e-03  1.62575999999999993406e+02  3.80000000000000004441e-01  6.80000000000000048850e-02  4.79380000000000023874e+01  1.79999999999999993339e-01
9.89444444444444428655e+01  3.21999360511599164170e+00  9.91759904076739871925e+02  8.55100703437240952098e+01  -1.66389476190495066987e+00  3.25538218523353163619e+05  1.44529005220089427894e+05  2.00000000000000000000e+00  9.34458099999834965188e-03  1.61827333332135793853e+02  8.28673845448175683259e-01  5.00000000000000027756e-02  4.69259999983812363666e+01  9.00000639994932988275e-02
9.89513888888888857309e+01  2.95000799360577747876e+00  9.91649968025576868058e+02  8.76999664268557381774e+01  -3.85155252385367630197e-01  4.47203452671706327237e+05  1.38218276065178826684e+05  2.00000000000000000000e+00  1.36173622499982278911e-02  1.61078666664271565878e+02  1.27734769089635147310e+00  5.00000000000000027756e-02  4.59139999967624632404e+01  1.40000047999926935383e-01
9.89583333333333285964e+01  3.03995683453248366490e+00  9.91429980815347676071e+02  8.65601438848917297264e+01  2.00378714233885243945e-02  5.68868686820059549063e+05  1.31907546910268254578e+05  2.00000000000000000000e+00  1.75703074603185474545e-02  1.60330000016264477836e+02  1.72599075229594989267e+00  5.00000000000000027756e-02  4.49020000001727552785e+01  8.00003359966236088363e-02
9.89652777777777714618e+01  3.06998721023157372656e+00  9.91280022382094671229e+02  8.70800319744210611361e+01  2.66233025396621914016e-01  4.81267177246583509259e+05  1.57676885368644085247e+05  2.00000000000000000000e+00  1.51798378835996047864e-02  1.63719333338752505824e+02  1.53333025076544804399e+00  5.00000000000000027756e-02  4.49380000000575634544e+01  5.00000000000000027756e-02
9.89722222222222285382e+01  3.01999040767368054361e+00  9.91060044764189456146e+02  8.67800383693052737044e+01  3.90669209525355887180e-01  3.93665666503416490741e+05  1.83446224006355914753e+05  2.00000000000000000000e+00  1.27893683068757701982e-02  1.67108666661247497132e+02  1.34066974923455184410e+00  5.00000000000000027756e-02  4.49739999999424355792e+01  1.49999968000253336431e-01
9.89791666666666714036e+01  2.99999520383694262549e+00  9.90980028776978315364e+02  8.73800911270980833478e+01  9.83488461904300059757e-01  3.06064155961151525844e+05  2.09215562296601885464e+05  2.12533697369670981914e+00  1.04348808730151641766e-02  1.70497999983735525120e+02  1.14800924770404999542e+00  5.00000000000000027756e-02  4.50099999998272437551e+01  1.30000000000000004441e-01
9.89861111111111142691e+01  2.87000639488462194748e+00  9.91019993605115359969e+02  8.89700015987211543234e+01  1.45878856825584035661e+00  2.54379015432434331160e+05  1.72820494656067923643e+05  2.38967209245732981060e+00  9.54366724867677582167e-03  1.65542666682519495680e+02  8.59342570814442985316e-01  5.00000000000000027756e-02  4.51986666660630902470e+01  7.99999360000974296669e-02
9.89930555555555571345e+01  2.93994884092793196118e+00  9.91010140687448142671e+02  8.79999232613918991319e+01  1.23725917142803676363e+00  2.02693874903717165580e+05  1.36425427015533961821e+05  2.28168436623845405364e+00  8.65245362433838746674e-03  1.60587333341259750341e+02  5.70671285407221451358e-01  5.00000000000000027756e-02  4.53873333330315489320e+01  6.00002559979731994733e-02
9.90000000000000000000e+01  3.18999999999999994671e+00  9.90860000000000013642e+02  8.68900000000000005684e+01  8.54879999999999973248e-01  1.51008734375000000000e+05  1.00030359375000000000e+05  2.00000000000000000000e+00  7.76124000000000084654e-03  1.55632000000000005002e+02  2.81999999999999972911e-01  5.00000000000000027756e-02  4.55760000000000005116e+01  5.99999999999999977796e-02
