      1.150000000000e+02      5.635694532140e-01      6.599140865628e-02      2.369884834325e-01      4.875513755197e-01      7.979923804211e-01      3.204775672921e-01      4.930905437322e-02      3.242394226426e-02      1.030793010580e-01      8.576395277970e-02      7.393025193230e-02      5.070728774912e-02      7.617954847439e-02      1.085330345849e-01
      1.150069444444e+02      5.560823113228e-01      6.554976929414e-02      2.332304666420e-01      4.873650820125e-01      7.939455917562e-01      3.184183674221e-01      4.885414951235e-02      3.252035619147e-02      1.026277989273e-01      8.494354116577e-02      7.361449081885e-02      5.079648137466e-02      7.555493885819e-02      1.083078656332e-01
      1.150138888889e+02      5.485951694316e-01      6.510812993201e-02      2.294724498514e-01      4.871787885052e-01      7.898988030912e-01      3.163591675521e-01      4.839924465149e-02      3.261677011869e-02      1.021762967966e-01      8.412312955183e-02      7.329872970540e-02      5.088567500021e-02      7.493032924200e-02      1.080826966815e-01
      1.150208333333e+02      5.411080275404e-01      6.466649056987e-02      2.257144330609e-01      4.869924949979e-01      7.858520144263e-01      3.142999676821e-01      4.794433979063e-02      3.271318404591e-02      1.017247946659e-01      8.330271793790e-02      7.298296859195e-02      5.097486862575e-02      7.430571962580e-02      1.078575277298e-01
      1.150277777778e+02      5.336208856492e-01      6.422485120774e-02      2.219564162704e-01      4.868062014907e-01      7.818052257614e-01      3.122407678121e-01      4.748943492977e-02      3.280959797312e-02      1.012732925352e-01      8.248230632397e-02      7.266720747849e-02      5.106406225130e-02      7.368111000961e-02      1.076323587781e-01
      1.150347222222e+02      5.261337437580e-01      6.378321184560e-02      2.181983994799e-01      4.866199079834e-01      7.777584370965e-01      3.101815679421e-01      4.703453006890e-02      3.290601190034e-02      1.008217904045e-01      8.166189471003e-02      7.235144636504e-02      5.115325587684e-02      7.305650039341e-02      1.074071898264e-01
      1.150416666667e+02      5.186466018668e-01      6.334157248347e-02      2.144403826894e-01      4.864336144762e-01      7.737116484316e-01      3.081223680721e-01      4.657962520804e-02      3.300242582755e-02      1.003702882738e-01      8.084148309610e-02      7.203568525159e-02      5.124244950239e-02      7.243189077722e-02      1.071820208747e-01
      1.150486111111e+02      5.111594599756e-01      6.289993312133e-02      2.106823658989e-01      4.862473209689e-01      7.696648597666e-01      3.060631682021e-01      4.612472034718e-02      3.309883975477e-02      9.991878614306e-02      8.002107148217e-02      7.171992413814e-02      5.133164312793e-02      7.180728116103e-02      1.069568519230e-01
      1.150555555556e+02      5.036723180844e-01      6.245829375920e-02      2.069243491084e-01      4.860610274616e-01      7.656180711017e-01      3.040039683321e-01      4.566981548632e-02      3.319525368198e-02      9.946728401236e-02      7.920065986823e-02      7.140416302469e-02      5.142083675348e-02      7.118267154483e-02      1.067316829713e-01
      1.150625000000e+02      4.961851761932e-01      6.201665439706e-02      2.031663323178e-01      4.858747339544e-01      7.615712824368e-01      3.019447684621e-01      4.521491062546e-02      3.329166760920e-02      9.901578188166e-02      7.838024825430e-02      7.108840191124e-02      5.151003037903e-02      7.055806192864e-02      1.065065140196e-01
      1.150694444444e+02      4.886980343020e-01      6.157501503493e-02      1.994083155273e-01      4.856884404471e-01      7.575244937719e-01      2.998855685920e-01      4.476000576459e-02      3.338808153641e-02      9.856427975096e-02      7.755983664037e-02      7.077264079779e-02      5.159922400457e-02      6.993345231244e-02      1.062813450679e-01
      1.150763888889e+02      4.812108924109e-01      6.113337567279e-02      1.956502987368e-01      4.855021469399e-01      7.534777051070e-01      2.978263687220e-01      4.430510090373e-02      3.348449546363e-02      9.811277762026e-02      7.673942502643e-02      7.045687968434e-02      5.168841763012e-02      6.930884269625e-02      1.060561761162e-01
      1.150833333333e+02      4.737237505197e-01      6.069173631066e-02      1.918922819463e-01      4.853158534326e-01      7.494309164421e-01      2.957671688520e-01      4.385019604287e-02      3.358090939084e-02      9.766127548955e-02      7.591901341250e-02      7.014111857089e-02      5.177761125566e-02      6.868423308006e-02      1.058310071645e-01
      1.150902777778e+02      4.662366086285e-01      6.025009694852e-02      1.881342651558e-01      4.851295599253e-01      7.453841277771e-01      2.937079689820e-01      4.339529118201e-02      3.367732331806e-02      9.720977335885e-02      7.509860179857e-02      6.982535745744e-02      5.186680488121e-02      6.805962346386e-02      1.056058382128e-01
      1.150972222222e+02      4.587494667373e-01      5.980845758639e-02      1.843762483653e-01      4.849432664181e-01      7.413373391122e-01      2.916487691120e-01      4.294038632114e-02      3.377373724528e-02      9.675827122815e-02      7.427819018463e-02      6.950959634399e-02      5.195599850675e-02      6.743501384767e-02      1.053806692611e-01
      1.151041666667e+02      4.512623248461e-01      5.936681822425e-02      1.806182315748e-01      4.847569729108e-01      7.372905504473e-01      2.895895692420e-01      4.248548146028e-02      3.387015117249e-02      9.630676909745e-02      7.345777857070e-02      6.919383523054e-02      5.204519213230e-02      6.681040423147e-02      1.051555003094e-01
      1.151111111111e+02      4.437751829549e-01      5.892517886212e-02      1.768602147843e-01      4.845706794036e-01      7.332437617824e-01      2.875303693720e-01      4.203057659942e-02      3.396656509971e-02      9.585526696675e-02      7.263736695677e-02      6.887807411709e-02      5.213438575784e-02      6.618579461528e-02      1.049303313577e-01
      1.151180555556e+02      4.362880410637e-01      5.848353949998e-02      1.731021979937e-01      4.843843858963e-01      7.291969731175e-01      2.854711695020e-01      4.157567173856e-02      3.406297902692e-02      9.540376483605e-02      7.181695534283e-02      6.856231300364e-02      5.222357938339e-02      6.556118499908e-02      1.047051624060e-01
      1.151250000000e+02      4.339193075244e-01      5.814061910389e-02      1.707086576950e-01      4.839348440073e-01      7.241348619152e-01      2.835887816495e-01      4.161964140408e-02      3.379514516976e-02      9.485014360639e-02      7.156357791626e-02      6.848554056696e-02      5.221287009852e-02      6.568089977214e-02      1.048977885308e-01
      1.151319444444e+02      4.350441819292e-01      5.786508007723e-02      1.692464510422e-01      4.833056199642e-01      7.183797347131e-01      2.818270781634e-01      4.200412161284e-02      3.327869126011e-02      9.422682022114e-02      7.169723391986e-02      6.857189164101e-02      5.213397133414e-02      6.630865873013e-02      1.053755838133e-01
      1.151388888889e+02      4.361690563340e-01      5.758954105056e-02      1.677842443893e-01      4.826763959211e-01      7.126246075109e-01      2.800653746773e-01      4.238860182161e-02      3.276223735045e-02      9.360349683588e-02      7.183088992347e-02      6.865824271506e-02      5.205507256976e-02      6.693641768811e-02      1.058533790958e-01
      1.151458333333e+02      4.372939307388e-01      5.731400202390e-02      1.663220377365e-01      4.820471718781e-01      7.068694803088e-01      2.783036711913e-01      4.277308203038e-02      3.224578344080e-02      9.298017345062e-02      7.196454592707e-02      6.874459378911e-02      5.197617380538e-02      6.756417664610e-02      1.063311743783e-01
      1.151527777778e+02      4.384188051436e-01      5.703846299723e-02      1.648598310836e-01      4.814179478350e-01      7.011143531066e-01      2.765419677052e-01      4.315756223914e-02      3.172932953115e-02      9.235685006537e-02      7.209820193068e-02      6.883094486316e-02      5.189727504100e-02      6.819193560408e-02      1.068089696608e-01
      1.151597222222e+02      4.395436795485e-01      5.676292397057e-02      1.633976244308e-01      4.807887237919e-01      6.953592259044e-01      2.747802642191e-01      4.354204244791e-02      3.121287562149e-02      9.173352668011e-02      7.223185793428e-02      6.891729593721e-02      5.181837627662e-02      6.881969456207e-02      1.072867649433e-01
      1.151666666667e+02      4.406685539533e-01      5.648738494390e-02      1.619354177779e-01      4.801594997489e-01      6.896040987023e-01      2.730185607330e-01      4.392652265668e-02      3.069642171184e-02      9.111020329485e-02      7.236551393789e-02      6.900364701126e-02      5.173947751224e-02      6.944745352005e-02      1.077645602258e-01
      1.151736111111e+02      4.417934283581e-01      5.621184591724e-02      1.604732111251e-01      4.795302757058e-01      6.838489715001e-01      2.712568572470e-01      4.431100286544e-02      3.017996780219e-02      9.048687990959e-02      7.249916994149e-02      6.908999808531e-02      5.166057874786e-02      7.007521247804e-02      1.082423555083e-01
      1.151805555556e+02      4.429183027629e-01      5.593630689057e-02      1.590110044722e-01      4.789010516627e-01      6.780938442980e-01      2.694951537609e-01      4.469548307421e-02      2.966351389253e-02      8.986355652434e-02      7.263282594510e-02      6.917634915936e-02      5.158167998348e-02      7.070297143602e-02      1.087201507908e-01
      1.151875000000e+02      4.440431771677e-01      5.566076786391e-02      1.575487978193e-01      4.782718276197e-01      6.723387170958e-01      2.677334502748e-01      4.507996328297e-02      2.914705998288e-02      8.924023313908e-02      7.276648194870e-02      6.926270023341e-02      5.150278121910e-02      7.133073039400e-02      1.091979460733e-01
      1.151944444444e+02      4.451680515725e-01      5.538522883724e-02      1.560865911665e-01      4.776426035766e-01      6.665835898936e-01      2.659717467887e-01      4.546444349174e-02      2.863060607323e-02      8.861690975382e-02      7.290013795231e-02      6.934905130746e-02      5.142388245472e-02      7.195848935199e-02      1.096757413558e-01
      1.152013888889e+02      4.462929259773e-01      5.510968981058e-02      1.546243845136e-01      4.770133795335e-01      6.608284626915e-01      2.642100433026e-01      4.584892370051e-02      2.811415216357e-02      8.799358636857e-02      7.303379395591e-02      6.943540238151e-02      5.134498369034e-02      7.258624830997e-02      1.101535366383e-01
      1.152083333333e+02      4.474178003821e-01      5.483415078391e-02      1.531621778608e-01      4.763841554905e-01      6.550733354893e-01      2.624483398166e-01      4.623340390927e-02      2.759769825392e-02      8.737026298331e-02      7.316744995952e-02      6.952175345556e-02      5.126608492596e-02      7.321400726796e-02      1.106313319208e-01
      1.152152777778e+02      4.485426747869e-01      5.455861175725e-02      1.516999712079e-01      4.757549314474e-01      6.493182082872e-01      2.606866363305e-01      4.661788411804e-02      2.708124434427e-02      8.674693959805e-02      7.330110596312e-02      6.960810452961e-02      5.118718616158e-02      7.384176622594e-02      1.111091272033e-01
      1.152222222222e+02      4.496675491917e-01      5.428307273058e-02      1.502377645551e-01      4.751257074043e-01      6.435630810850e-01      2.589249328444e-01      4.700236432681e-02      2.656479043461e-02      8.612361621279e-02      7.343476196673e-02      6.969445560366e-02      5.110828739720e-02      7.446952518393e-02      1.115869224857e-01
      1.152291666667e+02      4.507924235965e-01      5.400753370392e-02      1.487755579022e-01      4.744964833613e-01      6.378079538828e-01      2.571632293583e-01      4.738684453557e-02      2.604833652496e-02      8.550029282754e-02      7.356841797033e-02      6.978080667771e-02      5.102938863282e-02      7.509728414191e-02      1.120647177682e-01
      1.152361111111e+02      4.519172980014e-01      5.373199467725e-02      1.473133512493e-01      4.738672593182e-01      6.320528266807e-01      2.554015258723e-01      4.777132474434e-02      2.553188261531e-02      8.487696944228e-02      7.370207397394e-02      6.986715775176e-02      5.095048986845e-02      7.572504309990e-02      1.125425130507e-01
      1.152430555556e+02      4.530421724062e-01      5.345645565059e-02      1.458511445965e-01      4.732380352751e-01      6.262976994785e-01      2.536398223862e-01      4.815580495311e-02      2.501542870565e-02      8.425364605702e-02      7.383572997754e-02      6.995350882581e-02      5.087159110407e-02      7.635280205788e-02      1.130203083332e-01
      1.152500000000e+02      4.486603370038e-01      5.331789511197e-02      1.447571541436e-01      4.746426963274e-01      6.237205913611e-01      2.544054929120e-01      4.792857257354e-02      2.492843041834e-02      8.363488064930e-02      7.397237931884e-02      7.018685443531e-02      5.088418892097e-02      7.689404134982e-02      1.129834859511e-01
      1.152569444444e+02      4.404675975215e-01      5.327413017675e-02      1.439179867463e-01      4.774549022257e-01      6.233428230163e-01      2.569202259943e-01      4.727800610155e-02      2.513863576816e-02      8.301926957798e-02      7.411110019163e-02      7.052192722756e-02      5.096010670698e-02      7.737540493378e-02      1.125905237638e-01
      1.152638888889e+02      4.322748580393e-01      5.323036524154e-02      1.430788193489e-01      4.802671081239e-01      6.229650546715e-01      2.594349590765e-01      4.662743962955e-02      2.534884111797e-02      8.240365850665e-02      7.424982106443e-02      7.085700001981e-02      5.103602449300e-02      7.785676851774e-02      1.121975615765e-01
      1.152708333333e+02      4.240821185571e-01      5.318660030632e-02      1.422396519515e-01      4.830793140222e-01      6.225872863267e-01      2.619496921588e-01      4.597687315756e-02      2.555904646778e-02      8.178804743533e-02      7.438854193722e-02      7.119207281206e-02      5.111194227901e-02      7.833813210171e-02      1.118045993892e-01
      1.152777777778e+02      4.158893790749e-01      5.314283537111e-02      1.414004845541e-01      4.858915199205e-01      6.222095179819e-01      2.644644252411e-01      4.532630668557e-02      2.576925181759e-02      8.117243636400e-02      7.452726281002e-02      7.152714560431e-02      5.118786006503e-02      7.881949568567e-02      1.114116372019e-01
      1.152847222222e+02      4.076966395927e-01      5.309907043589e-02      1.405613171568e-01      4.887037258188e-01      6.218317496371e-01      2.669791583234e-01      4.467574021357e-02      2.597945716741e-02      8.055682529267e-02      7.466598368281e-02      7.186221839657e-02      5.126377785104e-02      7.930085926963e-02      1.110186750146e-01
      1.152916666667e+02      3.995039001105e-01      5.305530550068e-02      1.397221497594e-01      4.915159317171e-01      6.214539812923e-01      2.694938914056e-01      4.402517374158e-02      2.618966251722e-02      7.994121422135e-02      7.480470455561e-02      7.219729118882e-02      5.133969563706e-02      7.978222285359e-02      1.106257128273e-01
      1.152986111111e+02      3.913111606283e-01      5.301154056546e-02      1.388829823620e-01      4.943281376153e-01      6.210762129476e-01      2.720086244879e-01      4.337460726958e-02      2.639986786703e-02      7.932560315002e-02      7.494342542840e-02      7.253236398107e-02      5.141561342307e-02      8.026358643756e-02      1.102327506400e-01
      1.153055555556e+02      3.831184211461e-01      5.296777563025e-02      1.380438149646e-01      4.971403435136e-01      6.206984446028e-01      2.745233575702e-01      4.272404079759e-02      2.661007321685e-02      7.870999207870e-02      7.508214630120e-02      7.286743677332e-02      5.149153120908e-02      8.074495002152e-02      1.098397884527e-01
      1.153125000000e+02      3.749256816639e-01      5.292401069504e-02      1.372046475673e-01      4.999525494119e-01      6.203206762580e-01      2.770380906525e-01      4.207347432560e-02      2.682027856666e-02      7.809438100737e-02      7.522086717399e-02      7.320250956557e-02      5.156744899510e-02      8.122631360548e-02      1.094468262654e-01
      1.153194444444e+02      3.667329421817e-01      5.288024575982e-02      1.363654801699e-01      5.027647553102e-01      6.199429079132e-01      2.795528237347e-01      4.142290785360e-02      2.703048391647e-02      7.747876993605e-02      7.535958804678e-02      7.353758235782e-02      5.164336678111e-02      8.170767718944e-02      1.090538640781e-01
      1.153263888889e+02      3.585402026995e-01      5.283648082461e-02      1.355263127725e-01      5.055769612085e-01      6.195651395684e-01      2.820675568170e-01      4.077234138161e-02      2.724068926629e-02      7.686315886472e-02      7.549830891958e-02      7.387265515007e-02      5.171928456713e-02      8.218904077341e-02      1.086609018908e-01
      1.153333333333e+02      3.503474632173e-01      5.279271588939e-02      1.346871453752e-01      5.083891671067e-01      6.191873712236e-01      2.845822898993e-01      4.012177490961e-02      2.745089461610e-02      7.624754779340e-02      7.563702979237e-02      7.420772794232e-02      5.179520235314e-02      8.267040435737e-02      1.082679397035e-01
      1.153402777778e+02      3.421547237351e-01      5.274895095418e-02      1.338479779778e-01      5.112013730050e-01      6.188096028788e-01      2.870970229816e-01      3.947120843762e-02      2.766109996591e-02      7.563193672208e-02      7.577575066517e-02      7.454280073457e-02      5.187112013916e-02      8.315176794133e-02      1.078749775162e-01
      1.153472222222e+02      3.339619842529e-01      5.270518601896e-02      1.330088105804e-01      5.140135789033e-01      6.184318345341e-01      2.896117560638e-01      3.882064196563e-02      2.787130531572e-02      7.501632565075e-02      7.591447153796e-02      7.487787352682e-02      5.194703792517e-02      8.363313152529e-02      1.074820153289e-01
      1.153541666667e+02      3.257692447707e-01      5.266142108375e-02      1.321696431830e-01      5.168257848016e-01      6.180540661893e-01      2.921264891461e-01      3.817007549363e-02      2.808151066554e-02      7.440071457942e-02      7.605319241076e-02      7.521294631907e-02      5.202295571119e-02      8.411449510926e-02      1.070890531416e-01
      1.153611111111e+02      3.175765052884e-01      5.261765614853e-02      1.313304757857e-01      5.196379906999e-01      6.176762978445e-01      2.946412222284e-01      3.751950902164e-02      2.829171601535e-02      7.378510350810e-02      7.619191328355e-02      7.554801911132e-02      5.209887349720e-02      8.459585869322e-02      1.066960909543e-01
      1.153680555556e+02      3.093837658062e-01      5.257389121332e-02      1.304913083883e-01      5.224501965981e-01      6.172985294997e-01      2.971559553106e-01      3.686894254964e-02      2.850192136516e-02      7.316949243677e-02      7.633063415634e-02      7.588309190357e-02      5.217479128321e-02      8.507722227718e-02      1.063031287671e-01
      1.153750000000e+02      3.107501316179e-01      5.268789383099e-02      1.328753014647e-01      5.259441006967e-01      6.203546943839e-01      2.989591047128e-01      3.737725069349e-02      2.880604131566e-02      7.355749137981e-02      7.667765302580e-02      7.604238975210e-02      5.238268153788e-02      8.598617914813e-02      1.067825530670e-01
      1.153819444444e+02      3.188235951314e-01      5.291259325121e-02      1.375208087250e-01      5.299163148768e-01      6.258202610856e-01      3.002629750382e-01      3.869867732843e-02      2.917605596897e-02      7.464966819453e-02      7.717082312719e-02      7.607835600371e-02      5.268316960520e-02      8.719515467819e-02      1.078740829171e-01
      1.153888888889e+02      3.268970586449e-01      5.313729267144e-02      1.421663159852e-01      5.338885290570e-01      6.312858277874e-01      3.015668453636e-01      4.002010396337e-02      2.954607062228e-02      7.574184500924e-02      7.766399322857e-02      7.611432225533e-02      5.298365767252e-02      8.840413020825e-02      1.089656127671e-01
      1.153958333333e+02      3.349705221584e-01      5.336199209167e-02      1.468118232455e-01      5.378607432371e-01      6.367513944891e-01      3.028707156890e-01      4.134153059831e-02      2.991608527559e-02      7.683402182395e-02      7.815716332995e-02      7.615028850694e-02      5.328414573984e-02      8.961310573831e-02      1.100571426172e-01
      1.154027777778e+02      3.430439856719e-01      5.358669151190e-02      1.514573305057e-01      5.418329574172e-01      6.422169611908e-01      3.041745860144e-01      4.266295723324e-02      3.028609992889e-02      7.792619863867e-02      7.865033343133e-02      7.618625475855e-02      5.358463380717e-02      9.082208126837e-02      1.111486724672e-01
      1.154097222222e+02      3.511174491854e-01      5.381139093213e-02      1.561028377660e-01      5.458051715973e-01      6.476825278926e-01      3.054784563398e-01      4.398438386818e-02      3.065611458220e-02      7.901837545338e-02      7.914350353271e-02      7.622222101016e-02      5.388512187449e-02      9.203105679843e-02      1.122402023172e-01
      1.154166666667e+02      3.591909126989e-01      5.403609035235e-02      1.607483450263e-01      5.497773857775e-01      6.531480945943e-01      3.067823266651e-01      4.530581050312e-02      3.102612923551e-02      8.011055226810e-02      7.963667363409e-02      7.625818726177e-02      5.418560994181e-02      9.324003232849e-02      1.133317321673e-01
      1.154236111111e+02      3.672643762124e-01      5.426078977258e-02      1.653938522865e-01      5.537495999576e-01      6.586136612960e-01      3.080861969905e-01      4.662723713806e-02      3.139614388882e-02      8.120272908281e-02      8.012984373548e-02      7.629415351339e-02      5.448609800913e-02      9.444900785855e-02      1.144232620173e-01
      1.154305555556e+02      3.753378397259e-01      5.448548919281e-02      1.700393595468e-01      5.577218141377e-01      6.640792279978e-01      3.093900673159e-01      4.794866377300e-02      3.176615854212e-02      8.229490589752e-02      8.062301383686e-02      7.633011976500e-02      5.478658607645e-02      9.565798338861e-02      1.155147918674e-01
      1.154375000000e+02      3.834113032394e-01      5.471018861304e-02      1.746848668070e-01      5.616940283178e-01      6.695447946995e-01      3.106939376413e-01      4.927009040794e-02      3.213617319543e-02      8.338708271224e-02      8.111618393824e-02      7.636608601661e-02      5.508707414378e-02      9.686695891867e-02      1.166063217174e-01
      1.154444444444e+02      3.914847667529e-01      5.493488803327e-02      1.793303740673e-01      5.656662424979e-01      6.750103614012e-01      3.119978079667e-01      5.059151704287e-02      3.250618784874e-02      8.447925952695e-02      8.160935403962e-02      7.640205226822e-02      5.538756221110e-02      9.807593444873e-02      1.176978515675e-01
      1.154513888889e+02      3.995582302664e-01      5.515958745349e-02      1.839758813275e-01      5.696384566781e-01      6.804759281029e-01      3.133016782921e-01      5.191294367781e-02      3.287620250205e-02      8.557143634167e-02      8.210252414100e-02      7.643801851983e-02      5.568805027842e-02      9.928490997879e-02      1.187893814175e-01
      1.154583333333e+02      4.076316937800e-01      5.538428687372e-02      1.886213885878e-01      5.736106708582e-01      6.859414948047e-01      3.146055486175e-01      5.323437031275e-02      3.324621715535e-02      8.666361315638e-02      8.259569424238e-02      7.647398477145e-02      5.598853834574e-02      1.004938855088e-01      1.198809112675e-01
      1.154652777778e+02      4.157051572935e-01      5.560898629395e-02      1.932668958480e-01      5.775828850383e-01      6.914070615064e-01      3.159094189429e-01      5.455579694769e-02      3.361623180866e-02      8.775578997109e-02      8.308886434376e-02      7.650995102306e-02      5.628902641306e-02      1.017028610389e-01      1.209724411176e-01
      1.154722222222e+02      4.237786208070e-01      5.583368571418e-02      1.979124031083e-01      5.815550992184e-01      6.968726282081e-01      3.172132892683e-01      5.587722358263e-02      3.398624646197e-02      8.884796678581e-02      8.358203444515e-02      7.654591727467e-02      5.658951448039e-02      1.029118365690e-01      1.220639709676e-01
      1.154791666667e+02      4.318520843205e-01      5.605838513441e-02      2.025579103685e-01      5.855273133986e-01      7.023381949099e-01      3.185171595937e-01      5.719865021757e-02      3.435626111528e-02      8.994014360052e-02      8.407520454653e-02      7.658188352628e-02      5.689000254771e-02      1.041208120990e-01      1.231555008177e-01
      1.154861111111e+02      4.399255478340e-01      5.628308455463e-02      2.072034176288e-01      5.894995275787e-01      7.078037616116e-01      3.198210299191e-01      5.852007685250e-02      3.472627576858e-02      9.103232041524e-02      8.456837464791e-02      7.661784977789e-02      5.719049061503e-02      1.053297876291e-01      1.242470306677e-01
      1.154930555556e+02      4.479990113475e-01      5.650778397486e-02      2.118489248890e-01      5.934717417588e-01      7.132693283133e-01      3.211249002445e-01      5.984150348744e-02      3.509629042189e-02      9.212449722995e-02      8.506154474929e-02      7.665381602951e-02      5.749097868235e-02      1.065387631591e-01      1.253385605177e-01
      1.155000000000e+02      4.521948092848e-01      5.681550321323e-02      2.136822219495e-01      5.942951394685e-01      7.172466066075e-01      3.222765323333e-01      6.029076223897e-02      3.506720267111e-02      9.276920449997e-02      8.515881815737e-02      7.626046486246e-02      5.755788594604e-02      1.068973088184e-01      1.245195912938e-01
      1.155069444444e+02      4.537070789299e-01      5.718067609901e-02      2.135693363166e-01      5.929394069982e-01      7.201939188126e-01      3.233228083498e-01      6.013643949420e-02      3.476191714831e-02      9.310424164515e-02      8.498211229716e-02      7.557000570178e-02      5.746314422718e-02      1.066673167159e-01      1.223784661963e-01
      1.155138888889e+02      4.552193485750e-01      5.754584898478e-02      2.134564506837e-01      5.915836745279e-01      7.231412310176e-01      3.243690843663e-01      5.998211674943e-02      3.445663162550e-02      9.343927879033e-02      8.480540643695e-02      7.487954654111e-02      5.736840250833e-02      1.064373246135e-01      1.202373410988e-01
      1.155208333333e+02      4.567316182201e-01      5.791102187056e-02      2.133435650508e-01      5.902279420577e-01      7.260885432226e-01      3.254153603828e-01      5.982779400466e-02      3.415134610269e-02      9.377431593551e-02      8.462870057674e-02      7.418908738043e-02      5.727366078947e-02      1.062073325110e-01      1.180962160013e-01
      1.155277777778e+02      4.582438878652e-01      5.827619475634e-02      2.132306794179e-01      5.888722095874e-01      7.290358554277e-01      3.264616363993e-01      5.967347125989e-02      3.384606057988e-02      9.410935308070e-02      8.445199471654e-02      7.349862821976e-02      5.717891907061e-02      1.059773404086e-01      1.159550909039e-01
      1.155347222222e+02      4.597561575103e-01      5.864136764212e-02      2.131177937851e-01      5.875164771171e-01      7.319831676327e-01      3.275079124158e-01      5.951914851512e-02      3.354077505707e-02      9.444439022588e-02      8.427528885633e-02      7.280816905908e-02      5.708417735175e-02      1.057473483061e-01      1.138139658064e-01
      1.155416666667e+02      4.612684271554e-01      5.900654052789e-02      2.130049081522e-01      5.861607446468e-01      7.349304798378e-01      3.285541884323e-01      5.936482577035e-02      3.323548953426e-02      9.477942737106e-02      8.409858299612e-02      7.211770989841e-02      5.698943563289e-02      1.055173562036e-01      1.116728407089e-01
      1.155486111111e+02      4.627806968005e-01      5.937171341367e-02      2.128920225193e-01      5.848050121765e-01      7.378777920428e-01      3.296004644488e-01      5.921050302558e-02      3.293020401145e-02      9.511446451624e-02      8.392187713591e-02      7.142725073773e-02      5.689469391403e-02      1.052873641012e-01      1.095317156114e-01
      1.155555555556e+02      4.642929664456e-01      5.973688629945e-02      2.127791368864e-01      5.834492797062e-01      7.408251042479e-01      3.306467404653e-01      5.905618028081e-02      3.262491848864e-02      9.544950166142e-02      8.374517127570e-02      7.073679157706e-02      5.679995219518e-02      1.050573719987e-01      1.073905905139e-01
      1.155625000000e+02      4.658052360907e-01      6.010205918522e-02      2.126662512535e-01      5.820935472359e-01      7.437724164529e-01      3.316930164818e-01      5.890185753604e-02      3.231963296584e-02      9.578453880660e-02      8.356846541549e-02      7.004633241638e-02      5.670521047632e-02      1.048273798963e-01      1.052494654164e-01
      1.155694444444e+02      4.673175057358e-01      6.046723207100e-02      2.125533656206e-01      5.807378147656e-01      7.467197286580e-01      3.327392924983e-01      5.874753479127e-02      3.201434744303e-02      9.611957595178e-02      8.339175955528e-02      6.935587325571e-02      5.661046875746e-02      1.045973877938e-01      1.031083403189e-01
      1.155763888889e+02      4.688297753809e-01      6.083240495678e-02      2.124404799878e-01      5.793820822953e-01      7.496670408630e-01      3.337855685148e-01      5.859321204650e-02      3.170906192022e-02      9.645461309696e-02      8.321505369507e-02      6.866541409503e-02      5.651572703860e-02      1.043673956913e-01      1.009672152214e-01
      1.155833333333e+02      4.703420450260e-01      6.119757784256e-02      2.123275943549e-01      5.780263498250e-01      7.526143530680e-01      3.348318445313e-01      5.843888930173e-02      3.140377639741e-02      9.678965024214e-02      8.303834783486e-02      6.797495493436e-02      5.642098531974e-02      1.041374035889e-01      9.882609012395e-02
      1.155902777778e+02      4.718543146711e-01      6.156275072833e-02      2.122147087220e-01      5.766706173547e-01      7.555616652731e-01      3.358781205478e-01      5.828456655696e-02      3.109849087460e-02      9.712468738732e-02      8.286164197465e-02      6.728449577368e-02      5.632624360089e-02      1.039074114864e-01      9.668496502647e-02
      1.155972222222e+02      4.733665843162e-01      6.192792361411e-02      2.121018230891e-01      5.753148848844e-01      7.585089774781e-01      3.369243965643e-01      5.813024381219e-02      3.079320535179e-02      9.745972453251e-02      8.268493611445e-02      6.659403661301e-02      5.623150188203e-02      1.036774193840e-01      9.454383992898e-02
      1.156041666667e+02      4.748788539613e-01      6.229309649989e-02      2.119889374562e-01      5.739591524141e-01      7.614562896832e-01      3.379706725808e-01      5.797592106741e-02      3.048791982898e-02      9.779476167769e-02      8.250823025424e-02      6.590357745233e-02      5.613676016317e-02      1.034474272815e-01      9.240271483149e-02
      1.156111111111e+02      4.763911236064e-01      6.265826938566e-02      2.118760518234e-01      5.726034199438e-01      7.644036018882e-01      3.390169485973e-01      5.782159832264e-02      3.018263430617e-02      9.812979882287e-02      8.233152439403e-02      6.521311829166e-02      5.604201844431e-02      1.032174351790e-01      9.026158973400e-02
      1.156180555556e+02      4.779033932515e-01      6.302344227144e-02      2.117631661905e-01      5.712476874735e-01      7.673509140933e-01      3.400632246138e-01      5.766727557787e-02      2.987734878337e-02      9.846483596805e-02      8.215481853382e-02      6.452265913098e-02      5.594727672545e-02      1.029874430766e-01      8.812046463651e-02
      1.156250000000e+02      4.810591081297e-01      6.338509828715e-02      2.126541711413e-01      5.721575699455e-01      7.723554101335e-01      3.431963167274e-01      5.735297425395e-02      2.967527214844e-02      9.900579691592e-02      8.197430678186e-02      6.419680416984e-02      5.616178713249e-02      1.022814865723e-01      8.790026917053e-02
      1.156319444444e+02      4.853758918245e-01      6.374426968817e-02      2.142544093715e-01      5.746680745781e-01      7.788132749582e-01      3.478037123637e-01      5.692565052086e-02      2.954611100769e-02      9.969223986774e-02      8.179110622582e-02      6.412853647594e-02      5.659477941688e-02      1.012392685281e-01      8.903718098686e-02
      1.156388888889e+02      4.896926755192e-01      6.410344108920e-02      2.158546476017e-01      5.771785792107e-01      7.852711397830e-01      3.524111079999e-01      5.649832678777e-02      2.941694986693e-02      1.003786828196e-01      8.160790566979e-02      6.406026878205e-02      5.702777170126e-02      1.001970504840e-01      9.017409280320e-02
      1.156458333333e+02      4.940094592140e-01      6.446261249022e-02      2.174548858319e-01      5.796890838433e-01      7.917290046078e-01      3.570185036361e-01      5.607100305468e-02      2.928778872618e-02      1.010651257714e-01      8.142470511376e-02      6.399200108815e-02      5.746076398564e-02      9.915483243980e-02      9.131100461954e-02
      1.156527777778e+02      4.983262429087e-01      6.482178389124e-02      2.190551240621e-01      5.821995884759e-01      7.981868694325e-01      3.616258992723e-01      5.564367932160e-02      2.915862758543e-02      1.017515687232e-01      8.124150455773e-02      6.392373339425e-02      5.789375627003e-02      9.811261439564e-02      9.244791643587e-02
      1.156597222222e+02      5.026430266035e-01      6.518095529226e-02      2.206553622923e-01      5.847100931085e-01      8.046447342573e-01      3.662332949086e-01      5.521635558851e-02      2.902946644467e-02      1.024380116750e-01      8.105830400169e-02      6.385546570036e-02      5.832674855441e-02      9.707039635148e-02      9.358482825221e-02
      1.156666666667e+02      5.069598102983e-01      6.554012669329e-02      2.222556005224e-01      5.872205977410e-01      8.111025990821e-01      3.708406905448e-01      5.478903185542e-02      2.890030530392e-02      1.031244546268e-01      8.087510344566e-02      6.378719800646e-02      5.875974083879e-02      9.602817830732e-02      9.472174006855e-02
      1.156736111111e+02      5.112765939930e-01      6.589929809431e-02      2.238558387526e-01      5.897311023736e-01      8.175604639069e-01      3.754480861810e-01      5.436170812233e-02      2.877114416316e-02      1.038108975787e-01      8.069190288963e-02      6.371893031256e-02      5.919273312318e-02      9.498596026316e-02      9.585865188488e-02
      1.156805555556e+02      5.155933776878e-01      6.625846949533e-02      2.254560769828e-01      5.922416070062e-01      8.240183287316e-01      3.800554818172e-01      5.393438438924e-02      2.864198302241e-02      1.044973405305e-01      8.050870233360e-02      6.365066261867e-02      5.962572540756e-02      9.394374221900e-02      9.699556370122e-02
      1.156875000000e+02      5.199101613825e-01      6.661764089635e-02      2.270563152130e-01      5.947521116388e-01      8.304761935564e-01      3.846628774535e-01      5.350706065615e-02      2.851282188166e-02      1.051837834823e-01      8.032550177756e-02      6.358239492477e-02      6.005871769194e-02      9.290152417484e-02      9.813247551756e-02
      1.156944444444e+02      5.242269450773e-01      6.697681229737e-02      2.286565534432e-01      5.972626162714e-01      8.369340583812e-01      3.892702730897e-01      5.307973692307e-02      2.838366074090e-02      1.058702264341e-01      8.014230122153e-02      6.351412723087e-02      6.049170997633e-02      9.185930613069e-02      9.926938733389e-02
      1.157013888889e+02      5.285437287720e-01      6.733598369840e-02      2.302567916733e-01      5.997731209040e-01      8.433919232060e-01      3.938776687259e-01      5.265241318998e-02      2.825449960015e-02      1.065566693859e-01      7.995910066550e-02      6.344585953698e-02      6.092470226071e-02      9.081708808653e-02      1.004062991502e-01
      1.157083333333e+02      5.328605124668e-01      6.769515509942e-02      2.318570299035e-01      6.022836255366e-01      8.498497880307e-01      3.984850643621e-01      5.222508945689e-02      2.812533845939e-02      1.072431123378e-01      7.977590010947e-02      6.337759184308e-02      6.135769454509e-02      8.977487004237e-02      1.015432109666e-01
      1.157152777778e+02      5.371772961615e-01      6.805432650044e-02      2.334572681337e-01      6.047941301692e-01      8.563076528555e-01      4.030924599984e-01      5.179776572380e-02      2.799617731864e-02      1.079295552896e-01      7.959269955343e-02      6.330932414918e-02      6.179068682947e-02      8.873265199821e-02      1.026801227829e-01
      1.157222222222e+02      5.414940798563e-01      6.841349790146e-02      2.350575063639e-01      6.073046348018e-01      8.627655176803e-01      4.076998556346e-01      5.137044199071e-02      2.786701617789e-02      1.086159982414e-01      7.940949899740e-02      6.324105645529e-02      6.222367911386e-02      8.769043395405e-02      1.038170345992e-01
      1.157291666667e+02      5.458108635510e-01      6.877266930248e-02      2.366577445941e-01      6.098151394344e-01      8.692233825051e-01      4.123072512708e-01      5.094311825762e-02      2.773785503713e-02      1.093024411932e-01      7.922629844137e-02      6.317278876139e-02      6.265667139824e-02      8.664821590989e-02      1.049539464156e-01
      1.157361111111e+02      5.501276472458e-01      6.913184070351e-02      2.382579828242e-01      6.123256440670e-01      8.756812473298e-01      4.169146469070e-01      5.051579452454e-02      2.760869389638e-02      1.099888841450e-01      7.904309788534e-02      6.310452106749e-02      6.308966368262e-02      8.560599786573e-02      1.060908582319e-01
      1.157430555556e+02      5.544444309405e-01      6.949101210453e-02      2.398582210544e-01      6.148361486996e-01      8.821391121546e-01      4.215220425433e-01      5.008847079145e-02      2.747953275562e-02      1.106753270969e-01      7.885989732930e-02      6.303625337360e-02      6.352265596701e-02      8.456377982157e-02      1.072277700483e-01
      1.157500000000e+02      5.600221656120e-01      6.962723101682e-02      2.406317979261e-01      6.127318831702e-01      8.861098113813e-01      4.204823867200e-01      5.024392289962e-02      2.768575557773e-02      1.107504938769e-01      7.889305413742e-02      6.339333328501e-02      6.379037007842e-02      8.480207892512e-02      1.078934275126e-01
      1.157569444444e+02      5.664725380999e-01      6.960915624400e-02      2.408332859727e-01      6.074339780531e-01      8.883592741789e-01      4.155347037445e-01      5.080268350031e-02      2.812407999173e-02      1.104026285855e-01      7.907594049196e-02      6.404477389113e-02      6.394370386371e-02      8.592655656236e-02      1.082329546386e-01
      1.157638888889e+02      5.729229105877e-01      6.959108147119e-02      2.410347740193e-01      6.021360729360e-01      8.906087369765e-01      4.105870207690e-01      5.136144410100e-02      2.856240440572e-02      1.100547632941e-01      7.925882684650e-02      6.469621449725e-02      6.409703764900e-02      8.705103419960e-02      1.085724817646e-01
      1.157708333333e+02      5.793732830756e-01      6.957300669838e-02      2.412362620658e-01      5.968381678190e-01      8.928581997741e-01      4.056393377935e-01      5.192020470168e-02      2.900072881972e-02      1.097068980027e-01      7.944171320104e-02      6.534765510337e-02      6.425037143428e-02      8.817551183683e-02      1.089120088906e-01
      1.157777777778e+02      5.858236555634e-01      6.955493192557e-02      2.414377501124e-01      5.915402627019e-01      8.951076625716e-01      4.006916548180e-01      5.247896530237e-02      2.943905323372e-02      1.093590327113e-01      7.962459955558e-02      6.599909570949e-02      6.440370521957e-02      8.929998947407e-02      1.092515360166e-01
      1.157847222222e+02      5.922740280513e-01      6.953685715276e-02      2.416392381590e-01      5.862423575848e-01      8.973571253692e-01      3.957439718425e-01      5.303772590306e-02      2.987737764772e-02      1.090111674199e-01      7.980748591012e-02      6.665053631561e-02      6.455703900485e-02      9.042446711131e-02      1.095910631426e-01
      1.157916666667e+02      5.987244005391e-01      6.951878237995e-02      2.418407262056e-01      5.809444524677e-01      8.996065881668e-01      3.907962888670e-01      5.359648650375e-02      3.031570206171e-02      1.086633021285e-01      7.999037226466e-02      6.730197692174e-02      6.471037279014e-02      9.154894474855e-02      1.099305902685e-01
      1.157986111111e+02      6.051747730269e-01      6.950070760714e-02      2.420422142522e-01      5.756465473507e-01      9.018560509644e-01      3.858486058915e-01      5.415524710444e-02      3.075402647571e-02      1.083154368371e-01      8.017325861920e-02      6.795341752786e-02      6.486370657542e-02      9.267342238579e-02      1.102701173945e-01
      1.158055555556e+02      6.116251455148e-01      6.948263283432e-02      2.422437022987e-01      5.703486422336e-01      9.041055137620e-01      3.809009229160e-01      5.471400770512e-02      3.119235088971e-02      1.079675715456e-01      8.035614497374e-02      6.860485813398e-02      6.501704036071e-02      9.379790002303e-02      1.106096445205e-01
      1.158125000000e+02      6.180755180026e-01      6.946455806151e-02      2.424451903453e-01      5.650507371165e-01      9.063549765596e-01      3.759532399405e-01      5.527276830581e-02      3.163067530370e-02      1.076197062542e-01      8.053903132828e-02      6.925629874010e-02      6.517037414599e-02      9.492237766027e-02      1.109491716465e-01
      1.158194444444e+02      6.245258904905e-01      6.944648328870e-02      2.426466783919e-01      5.597528319995e-01      9.086044393572e-01      3.710055569650e-01      5.583152890650e-02      3.206899971770e-02      1.072718409628e-01      8.072191768282e-02      6.990773934622e-02      6.532370793128e-02      9.604685529751e-02      1.112886987725e-01
      1.158263888889e+02      6.309762629783e-01      6.942840851589e-02      2.428481664385e-01      5.544549268824e-01      9.108539021547e-01      3.660578739895e-01      5.639028950719e-02      3.250732413170e-02      1.069239756714e-01      8.090480403736e-02      7.055917995234e-02      6.547704171656e-02      9.717133293475e-02      1.116282258985e-01
      1.158333333333e+02      6.374266354662e-01      6.941033374308e-02      2.430496544850e-01      5.491570217653e-01      9.131033649523e-01      3.611101910140e-01      5.694905010788e-02      3.294564854570e-02      1.065761103800e-01      8.108769039190e-02      7.121062055846e-02      6.563037550185e-02      9.829581057199e-02      1.119677530245e-01
      1.158402777778e+02      6.438770079540e-01      6.939225897027e-02      2.432511425316e-01      5.438591166483e-01      9.153528277499e-01      3.561625080385e-01      5.750781070856e-02      3.338397295969e-02      1.062282450886e-01      8.127057674644e-02      7.186206116458e-02      6.578370928713e-02      9.942028820922e-02      1.123072801505e-01
      1.158472222222e+02      6.503273804419e-01      6.937418419746e-02      2.434526305782e-01      5.385612115312e-01      9.176022905475e-01      3.512148250630e-01      5.806657130925e-02      3.382229737369e-02      1.058803797972e-01      8.145346310098e-02      7.251350177070e-02      6.593704307242e-02      1.005447658465e-01      1.126468072765e-01
      1.158541666667e+02      6.567777529297e-01      6.935610942464e-02      2.436541186248e-01      5.332633064141e-01      9.198517533451e-01      3.462671420875e-01      5.862533190994e-02      3.426062178769e-02      1.055325145058e-01      8.163634945552e-02      7.316494237682e-02      6.609037685771e-02      1.016692434837e-01      1.129863344025e-01
      1.158611111111e+02      6.632281254176e-01      6.933803465183e-02      2.438556066714e-01      5.279654012971e-01      9.221012161427e-01      3.413194591120e-01      5.918409251063e-02      3.469894620168e-02      1.051846492144e-01      8.181923581006e-02      7.381638298294e-02      6.624371064299e-02      1.027937211209e-01      1.133258615285e-01
      1.158680555556e+02      6.696784979054e-01      6.931995987902e-02      2.440570947179e-01      5.226674961800e-01      9.243506789403e-01      3.363717761365e-01      5.974285311131e-02      3.513727061568e-02      1.048367839230e-01      8.200212216460e-02      7.446782358907e-02      6.639704442828e-02      1.039181987582e-01      1.136653886545e-01
      1.158750000000e+02      6.683985229693e-01      6.867686810355e-02      2.422184916277e-01      5.200081862574e-01      9.227809908307e-01      3.330703465503e-01      6.034280126517e-02      3.525671560808e-02      1.039462537080e-01      8.249908553677e-02      7.639185685898e-02      6.634984808251e-02      1.048823572002e-01      1.180828387699e-01
      1.158819444444e+02      6.616571763037e-01      6.759221141492e-02      2.389385954817e-01      5.192130033151e-01      9.185131312612e-01      3.309319696999e-01      6.097184779277e-02      3.515087718659e-02      1.026723390591e-01      8.321793949818e-02      7.921495730092e-02      6.616098027896e-02      1.057332525931e-01      1.253812788472e-01
      1.158888888889e+02      6.549158296382e-01      6.650755472630e-02      2.356586993358e-01      5.184178203728e-01      9.142452716917e-01      3.287935928496e-01      6.160089432037e-02      3.504503876509e-02      1.013984244102e-01      8.393679345959e-02      8.203805774287e-02      6.597211247541e-02      1.065841479859e-01      1.326797189245e-01
      1.158958333333e+02      6.481744829726e-01      6.542289803768e-02      2.323788031898e-01      5.176226374305e-01      9.099774121222e-01      3.266552159992e-01      6.222994084797e-02      3.493920034360e-02      1.001245097613e-01      8.465564742100e-02      8.486115818482e-02      6.578324467187e-02      1.074350433788e-01      1.399781590018e-01
      1.159027777778e+02      6.414331363070e-01      6.433824134906e-02      2.290989070439e-01      5.168274544882e-01      9.057095525526e-01      3.245168391488e-01      6.285898737557e-02      3.483336192211e-02      9.885059511234e-02      8.537450138241e-02      8.768425862676e-02      6.559437686832e-02      1.082859387716e-01      1.472765990791e-01
      1.159097222222e+02      6.346917896413e-01      6.325358466043e-02      2.258190108979e-01      5.160322715459e-01      9.014416929831e-01      3.223784622985e-01      6.348803390317e-02      3.472752350061e-02      9.757668046341e-02      8.609335534382e-02      9.050735906872e-02      6.540550906477e-02      1.091368341645e-01      1.545750391564e-01
      1.159166666667e+02      6.279504429757e-01      6.216892797181e-02      2.225391147519e-01      5.152370886036e-01      8.971738334136e-01      3.202400854481e-01      6.411708043077e-02      3.462168507912e-02      9.630276581449e-02      8.681220930523e-02      9.333045951066e-02      6.521664126123e-02      1.099877295573e-01      1.618734792337e-01
      1.159236111111e+02      6.212090963101e-01      6.108427128319e-02      2.192592186060e-01      5.144419056614e-01      8.929059738441e-01      3.181017085977e-01      6.474612695837e-02      3.451584665763e-02      9.502885116556e-02      8.753106326663e-02      9.615355995261e-02      6.502777345768e-02      1.108386249502e-01      1.691719193109e-01
      1.159305555556e+02      6.144677496446e-01      5.999961459457e-02      2.159793224600e-01      5.136467227191e-01      8.886381142745e-01      3.159633317474e-01      6.537517348597e-02      3.441000823613e-02      9.375493651664e-02      8.824991722804e-02      9.897666039455e-02      6.483890565413e-02      1.116895203430e-01      1.764703593882e-01
      1.159375000000e+02      6.077264029790e-01      5.891495790595e-02      2.126994263140e-01      5.128515397768e-01      8.843702547050e-01      3.138249548970e-01      6.600422001357e-02      3.430416981464e-02      9.248102186772e-02      8.896877118945e-02      1.017997608365e-01      6.465003785059e-02      1.125404157359e-01      1.837687994655e-01
      1.159444444444e+02      6.009850563134e-01      5.783030121732e-02      2.094195301681e-01      5.120563568345e-01      8.801023951355e-01      3.116865780466e-01      6.663326654117e-02      3.419833139315e-02      9.120710721879e-02      8.968762515086e-02      1.046228612784e-01      6.446117004704e-02      1.133913111287e-01      1.910672395428e-01
      1.159513888889e+02      5.942437096478e-01      5.674564452870e-02      2.061396340221e-01      5.112611738922e-01      8.758345355660e-01      3.095482011963e-01      6.726231306877e-02      3.409249297165e-02      8.993319256987e-02      9.040647911227e-02      1.074459617204e-01      6.427230224350e-02      1.142422065216e-01      1.983656796201e-01
      1.159583333333e+02      5.875023629822e-01      5.566098784008e-02      2.028597378762e-01      5.104659909499e-01      8.715666759965e-01      3.074098243459e-01      6.789135959637e-02      3.398665455016e-02      8.865927792094e-02      9.112533307368e-02      1.102690621623e-01      6.408343443995e-02      1.150931019144e-01      2.056641196974e-01
      1.159652777778e+02      5.807610163166e-01      5.457633115146e-02      1.995798417302e-01      5.096708080076e-01      8.672988164269e-01      3.052714474955e-01      6.852040612396e-02      3.388081612867e-02      8.738536327202e-02      9.184418703509e-02      1.130921626043e-01      6.389456663640e-02      1.159439973073e-01      2.129625597747e-01
      1.159722222222e+02      5.740196696509e-01      5.349167446283e-02      1.962999455842e-01      5.088756250653e-01      8.630309568574e-01      3.031330706452e-01      6.914945265156e-02      3.377497770717e-02      8.611144862309e-02      9.256304099650e-02      1.159152630462e-01      6.370569883286e-02      1.167948927001e-01      2.202609998520e-01
      1.159791666667e+02      5.672783229854e-01      5.240701777421e-02      1.930200494383e-01      5.080804421231e-01      8.587630972879e-01      3.009946937948e-01      6.977849917916e-02      3.366913928568e-02      8.483753397417e-02      9.328189495791e-02      1.187383634882e-01      6.351683102931e-02      1.176457880930e-01      2.275594399293e-01
      1.159861111111e+02      5.605369763198e-01      5.132236108559e-02      1.897401532923e-01      5.072852591808e-01      8.544952377184e-01      2.988563169444e-01      7.040754570676e-02      3.356330086419e-02      8.356361932524e-02      9.400074891932e-02      1.215614639301e-01      6.332796322576e-02      1.184966834858e-01      2.348578800066e-01
      1.159930555556e+02      5.537956296542e-01      5.023770439697e-02      1.864602571463e-01      5.064900762385e-01      8.502273781488e-01      2.967179400941e-01      7.103659223436e-02      3.345746244269e-02      8.228970467632e-02      9.471960288073e-02      1.243845643721e-01      6.313909542222e-02      1.193475788787e-01      2.421563200839e-01
      1.160000000000e+02      5.460699966676e-01      4.941685548356e-02      1.835569942945e-01      5.016614109415e-01      8.425060713539e-01      2.934140938923e-01      7.008114869995e-02      3.302973417636e-02      8.128565840605e-02      9.444667605738e-02      1.242661243555e-01      6.236359826686e-02      1.175913203984e-01      2.414899836145e-01
