      9.700000000000e+01      4.412980866773e-01      6.202378376775e-02      1.555826394524e-01      4.782161977881e-01      6.181717243415e-01      2.231175430110e-01      2.914238057972e-02      1.282796766785e-02      8.408153294269e-02      7.155339875122e-02      2.430335258841e-02      2.945660448909e-02      2.567503578291e-02      2.088854326290e-02
      9.700694444444e+01      4.371401085042e-01      6.165933214382e-02      1.542638618028e-01      4.705342591876e-01      6.095061325786e-01      2.214428234063e-01      2.868866793806e-02      1.283601792138e-02      8.334937948115e-02      7.196040317430e-02      2.428108394001e-02      2.938431314566e-02      2.503227029376e-02      2.119812088862e-02
      9.701388888889e+01      4.329821303311e-01      6.129488051989e-02      1.529450841533e-01      4.628523205872e-01      6.008405408158e-01      2.197681038016e-01      2.823495529640e-02      1.284406817492e-02      8.261722601962e-02      7.236740759737e-02      2.425881529161e-02      2.931202180223e-02      2.438950480462e-02      2.150769851435e-02
      9.702083333333e+01      4.288241521580e-01      6.093042889595e-02      1.516263065037e-01      4.551703819868e-01      5.921749490530e-01      2.180933841969e-01      2.778124265474e-02      1.285211842845e-02      8.188507255808e-02      7.277441202045e-02      2.423654664321e-02      2.923973045880e-02      2.374673931547e-02      2.181727614008e-02
      9.702777777778e+01      4.246661739850e-01      6.056597727202e-02      1.503075288541e-01      4.474884433864e-01      5.835093572902e-01      2.164186645922e-01      2.732753001308e-02      1.286016868199e-02      8.115291909654e-02      7.318141644353e-02      2.421427799481e-02      2.916743911537e-02      2.310397382632e-02      2.212685376580e-02
      9.703472222222e+01      4.205081958119e-01      6.020152564809e-02      1.489887512045e-01      4.398065047859e-01      5.748437655273e-01      2.147439449875e-01      2.687381737142e-02      1.286821893552e-02      8.042076563500e-02      7.358842086660e-02      2.419200934641e-02      2.909514777194e-02      2.246120833717e-02      2.243643139153e-02
      9.704166666667e+01      4.163502176388e-01      5.983707402416e-02      1.476699735550e-01      4.321245661855e-01      5.661781737645e-01      2.130692253828e-01      2.642010472976e-02      1.287626918906e-02      7.968861217346e-02      7.399542528968e-02      2.416974069802e-02      2.902285642851e-02      2.181844284802e-02      2.274600901725e-02
      9.704861111111e+01      4.121922394657e-01      5.947262240023e-02      1.463511959054e-01      4.244426275851e-01      5.575125820017e-01      2.113945057781e-01      2.596639208810e-02      1.288431944259e-02      7.895645871192e-02      7.440242971276e-02      2.414747204962e-02      2.895056508508e-02      2.117567735887e-02      2.305558664298e-02
      9.705555555556e+01      4.080342612927e-01      5.910817077630e-02      1.450324182558e-01      4.167606889846e-01      5.488469902389e-01      2.097197861734e-01      2.551267944644e-02      1.289236969613e-02      7.822430525038e-02      7.480943413583e-02      2.412520340122e-02      2.887827374165e-02      2.053291186973e-02      2.336516426871e-02
      9.706250000000e+01      4.038762831196e-01      5.874371915236e-02      1.437136406063e-01      4.090787503842e-01      5.401813984761e-01      2.080450665687e-01      2.505896680478e-02      1.290041994966e-02      7.749215178885e-02      7.521643855891e-02      2.410293475282e-02      2.880598239822e-02      1.989014638058e-02      2.367474189443e-02
      9.706944444444e+01      3.997183049465e-01      5.837926752843e-02      1.423948629567e-01      4.013968117838e-01      5.315158067133e-01      2.063703469640e-01      2.460525416312e-02      1.290847020320e-02      7.675999832731e-02      7.562344298199e-02      2.408066610442e-02      2.873369105479e-02      1.924738089143e-02      2.398431952016e-02
      9.707638888889e+01      3.955603267734e-01      5.801481590450e-02      1.410760853071e-01      3.937148731834e-01      5.228502149504e-01      2.046956273593e-01      2.415154152146e-02      1.291652045674e-02      7.602784486577e-02      7.603044740506e-02      2.405839745602e-02      2.866139971136e-02      1.860461540228e-02      2.429389714588e-02
      9.708333333333e+01      3.914023486004e-01      5.765036428057e-02      1.397573076575e-01      3.860329345829e-01      5.141846231876e-01      2.030209077546e-01      2.369782887980e-02      1.292457071027e-02      7.529569140423e-02      7.643745182814e-02      2.403612880762e-02      2.858910836792e-02      1.796184991313e-02      2.460347477161e-02
      9.709027777778e+01      3.872443704273e-01      5.728591265664e-02      1.384385300080e-01      3.783509959825e-01      5.055190314248e-01      2.013461881499e-01      2.324411623814e-02      1.293262096381e-02      7.456353794269e-02      7.684445625122e-02      2.401386015922e-02      2.851681702449e-02      1.731908442399e-02      2.491305239734e-02
      9.709722222222e+01      3.830863922542e-01      5.692146103271e-02      1.371197523584e-01      3.706690573821e-01      4.968534396620e-01      1.996714685452e-01      2.279040359648e-02      1.294067121734e-02      7.383138448115e-02      7.725146067430e-02      2.399159151082e-02      2.844452568106e-02      1.667631893484e-02      2.522263002306e-02
      9.710416666667e+01      3.789284140811e-01      5.655700940877e-02      1.358009747088e-01      3.629871187817e-01      4.881878478991e-01      1.979967489405e-01      2.233669095482e-02      1.294872147088e-02      7.309923101961e-02      7.765846509737e-02      2.396932286242e-02      2.837223433763e-02      1.603355344569e-02      2.553220764879e-02
      9.711111111111e+01      3.747704359080e-01      5.619255778484e-02      1.344821970592e-01      3.553051801812e-01      4.795222561363e-01      1.963220293358e-01      2.188297831316e-02      1.295677172441e-02      7.236707755808e-02      7.806546952045e-02      2.394705421402e-02      2.829994299420e-02      1.539078795654e-02      2.584178527451e-02
      9.711805555556e+01      3.706124577350e-01      5.582810616091e-02      1.331634194097e-01      3.476232415808e-01      4.708566643735e-01      1.946473097311e-01      2.142926567150e-02      1.296482197795e-02      7.163492409654e-02      7.847247394353e-02      2.392478556562e-02      2.822765165077e-02      1.474802246739e-02      2.615136290024e-02
      9.712500000000e+01      3.659010039568e-01      5.557076040487e-02      1.329462871062e-01      3.426690704559e-01      4.645213346670e-01      1.925468228309e-01      2.107238829421e-02      1.281988062300e-02      7.091470238498e-02      7.860302234012e-02      2.393113687184e-02      2.787039418424e-02      1.442218221523e-02      2.633441256932e-02
      9.713194444444e+01      3.607958342176e-01      5.538960461876e-02      1.335128123878e-01      3.396553020930e-01      4.598436414603e-01      1.901434655272e-01      2.076017871787e-02      1.256610838626e-02      7.020296834726e-02      7.853691319819e-02      2.395784703910e-02      2.731042550522e-02      1.432178735411e-02      2.642745632742e-02
      9.713888888889e+01      3.556906644784e-01      5.520844883264e-02      1.340793376694e-01      3.366415337301e-01      4.551659482536e-01      1.877401082235e-01      2.044796914153e-02      1.231233614952e-02      6.949123430954e-02      7.847080405627e-02      2.398455720636e-02      2.675045682620e-02      1.422139249300e-02      2.652050008553e-02
      9.714583333333e+01      3.505854947392e-01      5.502729304652e-02      1.346458629510e-01      3.336277653672e-01      4.504882550469e-01      1.853367509198e-01      2.013575956518e-02      1.205856391278e-02      6.877950027181e-02      7.840469491434e-02      2.401126737362e-02      2.619048814718e-02      1.412099763189e-02      2.661354384363e-02
      9.715277777778e+01      3.454803250000e-01      5.484613726040e-02      1.352123882326e-01      3.306139970044e-01      4.458105618402e-01      1.829333936161e-01      1.982354998884e-02      1.180479167604e-02      6.806776623409e-02      7.833858577242e-02      2.403797754088e-02      2.563051946816e-02      1.402060277077e-02      2.670658760173e-02
      9.715972222222e+01      3.403751552608e-01      5.466498147428e-02      1.357789135141e-01      3.276002286415e-01      4.411328686334e-01      1.805300363124e-01      1.951134041250e-02      1.155101943930e-02      6.735603219637e-02      7.827247663049e-02      2.406468770813e-02      2.507055078913e-02      1.392020790966e-02      2.679963135984e-02
      9.716666666667e+01      3.352699855216e-01      5.448382568816e-02      1.363454387957e-01      3.245864602786e-01      4.364551754267e-01      1.781266790087e-01      1.919913083616e-02      1.129724720256e-02      6.664429815864e-02      7.820636748857e-02      2.409139787539e-02      2.451058211011e-02      1.381981304855e-02      2.689267511794e-02
      9.717361111111e+01      3.301648157824e-01      5.430266990204e-02      1.369119640773e-01      3.215726919158e-01      4.317774822200e-01      1.757233217049e-01      1.888692125981e-02      1.104347496583e-02      6.593256412092e-02      7.814025834664e-02      2.411810804265e-02      2.395061343109e-02      1.371941818743e-02      2.698571887604e-02
      9.718055555556e+01      3.250596460432e-01      5.412151411592e-02      1.374784893589e-01      3.185589235529e-01      4.270997890133e-01      1.733199644012e-01      1.857471168347e-02      1.078970272909e-02      6.522083008320e-02      7.807414920471e-02      2.414481820991e-02      2.339064475207e-02      1.361902332632e-02      2.707876263415e-02
      9.718750000000e+01      3.199544763040e-01      5.394035832980e-02      1.380450146405e-01      3.155451551900e-01      4.224220958066e-01      1.709166070975e-01      1.826250210713e-02      1.053593049235e-02      6.450909604548e-02      7.800804006279e-02      2.417152837717e-02      2.283067607305e-02      1.351862846521e-02      2.717180639225e-02
      9.719444444444e+01      3.148493065648e-01      5.375920254368e-02      1.386115399221e-01      3.125313868271e-01      4.177444025999e-01      1.685132497938e-01      1.795029253079e-02      1.028215825561e-02      6.379736200775e-02      7.794193092086e-02      2.419823854443e-02      2.227070739403e-02      1.341823360410e-02      2.726485015035e-02
      9.720138888889e+01      3.097441368256e-01      5.357804675756e-02      1.391780652037e-01      3.095176184643e-01      4.130667093932e-01      1.661098924901e-01      1.763808295445e-02      1.002838601887e-02      6.308562797003e-02      7.787582177894e-02      2.422494871169e-02      2.171073871500e-02      1.331783874298e-02      2.735789390846e-02
      9.720833333333e+01      3.046389670865e-01      5.339689097144e-02      1.397445904852e-01      3.065038501014e-01      4.083890161865e-01      1.637065351864e-01      1.732587337810e-02      9.774613782131e-03      6.237389393231e-02      7.780971263701e-02      2.425165887895e-02      2.115077003598e-02      1.321744388187e-02      2.745093766656e-02
      9.721527777778e+01      2.995337973473e-01      5.321573518532e-02      1.403111157668e-01      3.034900817385e-01      4.037113229798e-01      1.613031778827e-01      1.701366380176e-02      9.520841545392e-03      6.166215989459e-02      7.774360349509e-02      2.427836904621e-02      2.059080135696e-02      1.311704902076e-02      2.754398142466e-02
      9.722222222222e+01      2.944286276081e-01      5.303457939920e-02      1.408776410484e-01      3.004763133756e-01      3.990336297731e-01      1.588998205790e-01      1.670145422542e-02      9.267069308653e-03      6.095042585686e-02      7.767749435316e-02      2.430507921347e-02      2.003083267794e-02      1.301665415964e-02      2.763702518277e-02
      9.722916666667e+01      2.893234578689e-01      5.285342361308e-02      1.414441663300e-01      2.974625450128e-01      3.943559365664e-01      1.564964632753e-01      1.638924464908e-02      9.013297071914e-03      6.023869181914e-02      7.761138521123e-02      2.433178938073e-02      1.947086399892e-02      1.291625929853e-02      2.773006894087e-02
      9.723611111111e+01      2.842182881297e-01      5.267226782696e-02      1.420106916116e-01      2.944487766499e-01      3.896782433597e-01      1.540931059716e-01      1.607703507273e-02      8.759524835175e-03      5.952695778142e-02      7.754527606931e-02      2.435849954799e-02      1.891089531989e-02      1.281586443742e-02      2.782311269897e-02
      9.724305555556e+01      2.791131183905e-01      5.249111204084e-02      1.425772168932e-01      2.914350082870e-01      3.850005501530e-01      1.516897486679e-01      1.576482549639e-02      8.505752598436e-03      5.881522374369e-02      7.747916692738e-02      2.438520971525e-02      1.835092664087e-02      1.271546957630e-02      2.791615645708e-02
      9.725000000000e+01      2.779696824441e-01      5.232243012211e-02      1.428950552266e-01      2.912982356409e-01      3.830535264266e-01      1.519143940278e-01      1.583709238537e-02      8.590217105843e-03      5.857580249194e-02      7.766536874019e-02      2.470927602865e-02      1.820330905467e-02      1.296225845654e-02      2.798221218164e-02
      9.725694444444e+01      2.796059769013e-01      5.216250042911e-02      1.430384036254e-01      2.931800924340e-01      3.830224630787e-01      1.539829641156e-01      1.617912523443e-02      8.912003707697e-03      5.866777710874e-02      7.802860325352e-02      2.524198077245e-02      1.834501551942e-02      1.345264704640e-02      2.802933188949e-02
      9.726388888889e+01      2.812422713586e-01      5.200257073611e-02      1.431817520242e-01      2.950619492272e-01      3.829913997308e-01      1.560515342033e-01      1.652115808348e-02      9.233790309551e-03      5.875975172554e-02      7.839183776685e-02      2.577468551625e-02      1.848672198417e-02      1.394303563626e-02      2.807645159733e-02
      9.727083333333e+01      2.828785658158e-01      5.184264104311e-02      1.433251004230e-01      2.969438060204e-01      3.829603363828e-01      1.581201042910e-01      1.686319093254e-02      9.555576911404e-03      5.885172634233e-02      7.875507228018e-02      2.630739026006e-02      1.862842844892e-02      1.443342422612e-02      2.812357130517e-02
      9.727777777778e+01      2.845148602731e-01      5.168271135011e-02      1.434684488218e-01      2.988256628135e-01      3.829292730349e-01      1.601886743787e-01      1.720522378159e-02      9.877363513258e-03      5.894370095913e-02      7.911830679351e-02      2.684009500386e-02      1.877013491367e-02      1.492381281598e-02      2.817069101302e-02
      9.728472222222e+01      2.861511547303e-01      5.152278165711e-02      1.436117972206e-01      3.007075196067e-01      3.828982096869e-01      1.622572444665e-01      1.754725663064e-02      1.019915011511e-02      5.903567557593e-02      7.948154130684e-02      2.737279974766e-02      1.891184137842e-02      1.541420140584e-02      2.821781072086e-02
      9.729166666667e+01      2.877874491875e-01      5.136285196411e-02      1.437551456193e-01      3.025893763999e-01      3.828671463390e-01      1.643258145542e-01      1.788928947970e-02      1.052093671697e-02      5.912765019273e-02      7.984477582017e-02      2.790550449146e-02      1.905354784316e-02      1.590458999570e-02      2.826493042870e-02
      9.729861111111e+01      2.894237436448e-01      5.120292227110e-02      1.438984940181e-01      3.044712331930e-01      3.828360829911e-01      1.663943846419e-01      1.823132232875e-02      1.084272331882e-02      5.921962480952e-02      8.020801033349e-02      2.843820923526e-02      1.919525430791e-02      1.639497858555e-02      2.831205013655e-02
      9.730555555556e+01      2.910600381020e-01      5.104299257810e-02      1.440418424169e-01      3.063530899862e-01      3.828050196431e-01      1.684629547297e-01      1.857335517780e-02      1.116450992067e-02      5.931159942632e-02      8.057124484682e-02      2.897091397906e-02      1.933696077266e-02      1.688536717541e-02      2.835916984439e-02
      9.731250000000e+01      2.926963325593e-01      5.088306288510e-02      1.441851908157e-01      3.082349467794e-01      3.827739562952e-01      1.705315248174e-01      1.891538802686e-02      1.148629652253e-02      5.940357404312e-02      8.093447936015e-02      2.950361872286e-02      1.947866723741e-02      1.737575576527e-02      2.840628955223e-02
      9.731944444444e+01      2.943326270165e-01      5.072313319210e-02      1.443285392145e-01      3.101168035726e-01      3.827428929473e-01      1.726000949051e-01      1.925742087591e-02      1.180808312438e-02      5.949554865991e-02      8.129771387348e-02      3.003632346666e-02      1.962037370216e-02      1.786614435513e-02      2.845340926008e-02
      9.732638888889e+01      2.959689214738e-01      5.056320349910e-02      1.444718876133e-01      3.119986603657e-01      3.827118295993e-01      1.746686649928e-01      1.959945372496e-02      1.212986972623e-02      5.958752327671e-02      8.166094838681e-02      3.056902821046e-02      1.976208016691e-02      1.835653294499e-02      2.850052896792e-02
      9.733333333333e+01      2.976052159310e-01      5.040327380610e-02      1.446152360121e-01      3.138805171589e-01      3.826807662514e-01      1.767372350806e-01      1.994148657402e-02      1.245165632809e-02      5.967949789351e-02      8.202418290014e-02      3.110173295426e-02      1.990378663166e-02      1.884692153485e-02      2.854764867576e-02
      9.734027777778e+01      2.992415103883e-01      5.024334411310e-02      1.447585844108e-01      3.157623739521e-01      3.826497029035e-01      1.788058051683e-01      2.028351942307e-02      1.277344292994e-02      5.977147251031e-02      8.238741741346e-02      3.163443769806e-02      2.004549309641e-02      1.933731012470e-02      2.859476838361e-02
      9.734722222222e+01      3.008778048455e-01      5.008341442010e-02      1.449019328096e-01      3.176442307452e-01      3.826186395555e-01      1.808743752560e-01      2.062555227212e-02      1.309522953180e-02      5.986344712710e-02      8.275065192679e-02      3.216714244186e-02      2.018719956115e-02      1.982769871456e-02      2.864188809145e-02
      9.735416666667e+01      3.025140993028e-01      4.992348472710e-02      1.450452812084e-01      3.195260875384e-01      3.825875762076e-01      1.829429453437e-01      2.096758512118e-02      1.341701613365e-02      5.995542174390e-02      8.311388644012e-02      3.269984718566e-02      2.032890602590e-02      2.031808730442e-02      2.868900779929e-02
      9.736111111111e+01      3.041503937600e-01      4.976355503410e-02      1.451886296072e-01      3.214079443316e-01      3.825565128597e-01      1.850115154315e-01      2.130961797023e-02      1.373880273550e-02      6.004739636070e-02      8.347712095345e-02      3.323255192946e-02      2.047061249065e-02      2.080847589428e-02      2.873612750714e-02
      9.736805555556e+01      3.057866882173e-01      4.960362534110e-02      1.453319780060e-01      3.232898011247e-01      3.825254495117e-01      1.870800855192e-01      2.165165081928e-02      1.406058933736e-02      6.013937097749e-02      8.384035546678e-02      3.376525667326e-02      2.061231895540e-02      2.129886448414e-02      2.878324721498e-02
      9.737500000000e+01      3.125579697801e-01      4.959053151823e-02      1.460926007981e-01      3.237105254802e-01      3.834790911758e-01      1.882283838152e-01      2.173621494066e-02      1.404392972271e-02      6.044177953308e-02      8.382086495526e-02      3.377449891348e-02      2.081971568748e-02      2.110194446864e-02      2.862250729876e-02
      9.738194444444e+01      3.229074776519e-01      4.967975771346e-02      1.472833604978e-01      3.231130851506e-01      3.851189073730e-01      1.887354067451e-01      2.170474383273e-02      1.387474018845e-02      6.089082531298e-02      8.353467917757e-02      3.341897542722e-02      2.107288753796e-02      2.042608542498e-02      2.831692402461e-02
      9.738888888889e+01      3.332569855236e-01      4.976898390869e-02      1.484741201974e-01      3.225156448209e-01      3.867587235702e-01      1.892424296749e-01      2.167327272481e-02      1.370555065419e-02      6.133987109287e-02      8.324849339987e-02      3.306345194096e-02      2.132605938844e-02      1.975022638131e-02      2.801134075045e-02
      9.739583333333e+01      3.436064933953e-01      4.985821010392e-02      1.496648798971e-01      3.219182044913e-01      3.883985397675e-01      1.897494526048e-01      2.164180161688e-02      1.353636111992e-02      6.178891687277e-02      8.296230762217e-02      3.270792845470e-02      2.157923123893e-02      1.907436733765e-02      2.770575747629e-02
      9.740277777778e+01      3.539560012671e-01      4.994743629915e-02      1.508556395968e-01      3.213207641617e-01      3.900383559647e-01      1.902564755346e-01      2.161033050895e-02      1.336717158566e-02      6.223796265267e-02      8.267612184448e-02      3.235240496844e-02      2.183240308941e-02      1.839850829399e-02      2.740017420214e-02
      9.740972222222e+01      3.643055091389e-01      5.003666249438e-02      1.520463992965e-01      3.207233238321e-01      3.916781721620e-01      1.907634984645e-01      2.157885940103e-02      1.319798205139e-02      6.268700843257e-02      8.238993606678e-02      3.199688148218e-02      2.208557493990e-02      1.772264925032e-02      2.709459092798e-02
      9.741666666667e+01      3.746550170106e-01      5.012588868961e-02      1.532371589961e-01      3.201258835024e-01      3.933179883592e-01      1.912705213943e-01      2.154738829310e-02      1.302879251713e-02      6.313605421246e-02      8.210375028908e-02      3.164135799592e-02      2.233874679038e-02      1.704679020666e-02      2.678900765382e-02
      9.742361111111e+01      3.850045248823e-01      5.021511488484e-02      1.544279186958e-01      3.195284431728e-01      3.949578045565e-01      1.917775443242e-01      2.151591718518e-02      1.285960298286e-02      6.358509999236e-02      8.181756451138e-02      3.128583450966e-02      2.259191864087e-02      1.637093116299e-02      2.648342437967e-02
      9.743055555556e+01      3.953540327541e-01      5.030434108008e-02      1.556186783955e-01      3.189310028432e-01      3.965976207537e-01      1.922845672540e-01      2.148444607725e-02      1.269041344860e-02      6.403414577226e-02      8.153137873369e-02      3.093031102341e-02      2.284509049135e-02      1.569507211933e-02      2.617784110551e-02
      9.743750000000e+01      4.057035406258e-01      5.039356727531e-02      1.568094380952e-01      3.183335625135e-01      3.982374369509e-01      1.927915901839e-01      2.145297496932e-02      1.252122391433e-02      6.448319155216e-02      8.124519295599e-02      3.057478753715e-02      2.309826234184e-02      1.501921307567e-02      2.587225783135e-02
      9.744444444444e+01      4.160530484976e-01      5.048279347054e-02      1.580001977948e-01      3.177361221839e-01      3.998772531482e-01      1.932986131137e-01      2.142150386140e-02      1.235203438007e-02      6.493223733205e-02      8.095900717829e-02      3.021926405089e-02      2.335143419232e-02      1.434335403200e-02      2.556667455720e-02
      9.745138888889e+01      4.264025563693e-01      5.057201966577e-02      1.591909574945e-01      3.171386818543e-01      4.015170693454e-01      1.938056360436e-01      2.139003275347e-02      1.218284484581e-02      6.538128311195e-02      8.067282140060e-02      2.986374056463e-02      2.360460604281e-02      1.366749498834e-02      2.526109128304e-02
      9.745833333333e+01      4.367520642410e-01      5.066124586100e-02      1.603817171942e-01      3.165412415247e-01      4.031568855427e-01      1.943126589734e-01      2.135856164554e-02      1.201365531154e-02      6.583032889185e-02      8.038663562290e-02      2.950821707837e-02      2.385777789329e-02      1.299163594467e-02      2.495550800888e-02
      9.746527777778e+01      4.471015721128e-01      5.075047205623e-02      1.615724768938e-01      3.159438011950e-01      4.047967017399e-01      1.948196819033e-01      2.132709053762e-02      1.184446577728e-02      6.627937467175e-02      8.010044984520e-02      2.915269359211e-02      2.411094974377e-02      1.231577690101e-02      2.464992473473e-02
      9.747222222222e+01      4.574510799846e-01      5.083969825146e-02      1.627632365935e-01      3.153463608654e-01      4.064365179372e-01      1.953267048331e-01      2.129561942969e-02      1.167527624301e-02      6.672842045164e-02      7.981426406751e-02      2.879717010585e-02      2.436412159426e-02      1.163991785734e-02      2.434434146057e-02
      9.747916666667e+01      4.678005878563e-01      5.092892444669e-02      1.639539962932e-01      3.147489205358e-01      4.080763341344e-01      1.958337277630e-01      2.126414832177e-02      1.150608670875e-02      6.717746623154e-02      7.952807828981e-02      2.844164661959e-02      2.461729344474e-02      1.096405881368e-02      2.403875818641e-02
      9.748611111111e+01      4.781500957280e-01      5.101815064193e-02      1.651447559929e-01      3.141514802061e-01      4.097161503316e-01      1.963407506928e-01      2.123267721384e-02      1.133689717448e-02      6.762651201144e-02      7.924189251211e-02      2.808612313333e-02      2.487046529523e-02      1.028819977002e-02      2.373317491226e-02
      9.749305555556e+01      4.884996035998e-01      5.110737683716e-02      1.663355156925e-01      3.135540398765e-01      4.113559665289e-01      1.968477736227e-01      2.120120610591e-02      1.116770764022e-02      6.807555779134e-02      7.895570673442e-02      2.773059964707e-02      2.512363714571e-02      9.612340726353e-03      2.342759163810e-02
      9.750000000000e+01      4.937125663151e-01      5.137952279171e-02      1.678605344210e-01      3.128883206423e-01      4.123421249964e-01      1.974291099692e-01      2.126681043241e-02      1.104139875646e-02      6.826730422777e-02      7.876625166027e-02      2.756515607124e-02      2.504840014580e-02      9.642214058189e-03      2.346150147643e-02
      9.750694444444e+01      4.952716375243e-01      5.178178907705e-02      1.696233289675e-01      3.121740310749e-01      4.128633027515e-01      1.980633093111e-01      2.140146956022e-02      1.094559310783e-02      6.827602026985e-02      7.864560616247e-02      2.753492621377e-02      2.473954886383e-02      9.764393886178e-03      2.373691040848e-02
      9.751388888889e+01      4.968307087336e-01      5.218405536239e-02      1.713861235140e-01      3.114597415074e-01      4.133844805065e-01      1.986975086529e-01      2.153612868804e-02      1.084978745920e-02      6.828473631194e-02      7.852496066467e-02      2.750469635631e-02      2.443069758186e-02      9.886573714168e-03      2.401231934052e-02
      9.752083333333e+01      4.983897799428e-01      5.258632164773e-02      1.731489180605e-01      3.107454519400e-01      4.139056582616e-01      1.993317079947e-01      2.167078781586e-02      1.075398181057e-02      6.829345235402e-02      7.840431516686e-02      2.747446649884e-02      2.412184629989e-02      1.000875354216e-02      2.428772827257e-02
      9.752777777778e+01      4.999488511521e-01      5.298858793307e-02      1.749117126070e-01      3.100311623726e-01      4.144268360167e-01      1.999659073365e-01      2.180544694367e-02      1.065817616194e-02      6.830216839611e-02      7.828366966906e-02      2.744423664137e-02      2.381299501792e-02      1.013093337015e-02      2.456313720461e-02
      9.753472222222e+01      5.015079223613e-01      5.339085421841e-02      1.766745071536e-01      3.093168728052e-01      4.149480137717e-01      2.006001066783e-01      2.194010607149e-02      1.056237051332e-02      6.831088443819e-02      7.816302417126e-02      2.741400678391e-02      2.350414373595e-02      1.025311319814e-02      2.483854613665e-02
      9.754166666667e+01      5.030669935706e-01      5.379312050375e-02      1.784373017001e-01      3.086025832378e-01      4.154691915268e-01      2.012343060202e-01      2.207476519931e-02      1.046656486469e-02      6.831960048027e-02      7.804237867346e-02      2.738377692644e-02      2.319529245398e-02      1.037529302613e-02      2.511395506870e-02
      9.754861111111e+01      5.046260647798e-01      5.419538678909e-02      1.802000962466e-01      3.078882936704e-01      4.159903692819e-01      2.018685053620e-01      2.220942432712e-02      1.037075921606e-02      6.832831652236e-02      7.792173317565e-02      2.735354706898e-02      2.288644117201e-02      1.049747285412e-02      2.538936400074e-02
      9.755555555556e+01      5.061851359891e-01      5.459765307443e-02      1.819628907931e-01      3.071740041030e-01      4.165115470369e-01      2.025027047038e-01      2.234408345494e-02      1.027495356743e-02      6.833703256444e-02      7.780108767785e-02      2.732331721151e-02      2.257758989004e-02      1.061965268211e-02      2.566477293279e-02
      9.756250000000e+01      5.077442071983e-01      5.499991935977e-02      1.837256853396e-01      3.064597145356e-01      4.170327247920e-01      2.031369040456e-01      2.247874258276e-02      1.017914791880e-02      6.834574860652e-02      7.768044218005e-02      2.729308735405e-02      2.226873860807e-02      1.074183251009e-02      2.594018186483e-02
      9.756944444444e+01      5.093032784076e-01      5.540218564511e-02      1.854884798861e-01      3.057454249682e-01      4.175539025470e-01      2.037711033874e-01      2.261340171058e-02      1.008334227017e-02      6.835446464861e-02      7.755979668225e-02      2.726285749658e-02      2.195988732610e-02      1.086401233808e-02      2.621559079687e-02
      9.757638888889e+01      5.108623496168e-01      5.580445193045e-02      1.872512744326e-01      3.050311354008e-01      4.180750803021e-01      2.044053027293e-01      2.274806083839e-02      9.987536621541e-03      6.836318069069e-02      7.743915118444e-02      2.723262763912e-02      2.165103604413e-02      1.098619216607e-02      2.649099972892e-02
      9.758333333333e+01      5.124214208261e-01      5.620671821579e-02      1.890140689791e-01      3.043168458333e-01      4.185962580572e-01      2.050395020711e-01      2.288271996621e-02      9.891730972912e-03      6.837189673277e-02      7.731850568664e-02      2.720239778165e-02      2.134218476216e-02      1.110837199406e-02      2.676640866096e-02
      9.759027777778e+01      5.139804920353e-01      5.660898450112e-02      1.907768635256e-01      3.036025562659e-01      4.191174358122e-01      2.056737014129e-01      2.301737909403e-02      9.795925324283e-03      6.838061277486e-02      7.719786018884e-02      2.717216792419e-02      2.103333348019e-02      1.123055182205e-02      2.704181759301e-02
      9.759722222222e+01      5.155395632446e-01      5.701125078647e-02      1.925396580721e-01      3.028882666985e-01      4.196386135673e-01      2.063079007547e-01      2.315203822184e-02      9.700119675654e-03      6.838932881694e-02      7.707721469104e-02      2.714193806672e-02      2.072448219822e-02      1.135273165004e-02      2.731722652505e-02
      9.760416666667e+01      5.170986344538e-01      5.741351707181e-02      1.943024526186e-01      3.021739771311e-01      4.201597913224e-01      2.069421000965e-01      2.328669734966e-02      9.604314027025e-03      6.839804485903e-02      7.695656919323e-02      2.711170820925e-02      2.041563091624e-02      1.147491147803e-02      2.759263545709e-02
      9.761111111111e+01      5.186577056631e-01      5.781578335714e-02      1.960652471651e-01      3.014596875637e-01      4.206809690774e-01      2.075762994384e-01      2.342135647748e-02      9.508508378396e-03      6.840676090111e-02      7.683592369543e-02      2.708147835179e-02      2.010677963427e-02      1.159709130602e-02      2.786804438914e-02
      9.761805555556e+01      5.202167768723e-01      5.821804964248e-02      1.978280417116e-01      3.007453979963e-01      4.212021468325e-01      2.082104987802e-01      2.355601560529e-02      9.412702729767e-03      6.841547694319e-02      7.671527819763e-02      2.705124849432e-02      1.979792835230e-02      1.171927113401e-02      2.814345332118e-02
      9.762500000000e+01      5.272059936920e-01      5.841275309213e-02      2.002184714351e-01      3.014605303693e-01      4.232006455036e-01      2.101741095661e-01      2.348510617696e-02      9.495822376533e-03      6.856398673443e-02      7.670553253266e-02      2.724126017964e-02      1.979572943338e-02      1.161717991171e-02      2.883107843872e-02
      9.763194444444e+01      5.380315249875e-01      5.846081658619e-02      2.030523157718e-01      3.031855273896e-01      4.262428487127e-01      2.130769291197e-01      2.332010268648e-02      9.660840773668e-03      6.881125866244e-02      7.677413589636e-02      2.758686913238e-02      2.001017569928e-02      1.141243401040e-02      2.980992796034e-02
      9.763888888889e+01      5.488570562829e-01      5.850888008025e-02      2.058861601085e-01      3.049105244099e-01      4.292850519218e-01      2.159797486733e-01      2.315509919600e-02      9.825859170804e-03      6.905853059045e-02      7.684273926006e-02      2.793247808512e-02      2.022462196517e-02      1.120768810910e-02      3.078877748196e-02
      9.764583333333e+01      5.596825875783e-01      5.855694357431e-02      2.087200044451e-01      3.066355214301e-01      4.323272551309e-01      2.188825682269e-01      2.299009570553e-02      9.990877567939e-03      6.930580251846e-02      7.691134262375e-02      2.827808703786e-02      2.043906823107e-02      1.100294220779e-02      3.176762700358e-02
      9.765277777778e+01      5.705081188737e-01      5.860500706837e-02      2.115538487818e-01      3.083605184504e-01      4.353694583400e-01      2.217853877806e-01      2.282509221505e-02      1.015589596507e-02      6.955307444647e-02      7.697994598745e-02      2.862369599060e-02      2.065351449696e-02      1.079819630649e-02      3.274647652520e-02
      9.765972222222e+01      5.813336501691e-01      5.865307056243e-02      2.143876931185e-01      3.100855154707e-01      4.384116615491e-01      2.246882073342e-01      2.266008872457e-02      1.032091436221e-02      6.980034637449e-02      7.704854935114e-02      2.896930494335e-02      2.086796076286e-02      1.059345040518e-02      3.372532604682e-02
      9.766666666667e+01      5.921591814645e-01      5.870113405649e-02      2.172215374551e-01      3.118105124910e-01      4.414538647582e-01      2.275910268878e-01      2.249508523409e-02      1.048593275935e-02      7.004761830250e-02      7.711715271484e-02      2.931491389609e-02      2.108240702875e-02      1.038870450388e-02      3.470417556844e-02
      9.767361111111e+01      6.029847127599e-01      5.874919755055e-02      2.200553817918e-01      3.135355095113e-01      4.444960679673e-01      2.304938464414e-01      2.233008174361e-02      1.065095115648e-02      7.029489023051e-02      7.718575607854e-02      2.966052284883e-02      2.129685329465e-02      1.018395860257e-02      3.568302509006e-02
      9.768055555556e+01      6.138102440554e-01      5.879726104461e-02      2.228892261285e-01      3.152605065316e-01      4.475382711764e-01      2.333966659950e-01      2.216507825313e-02      1.081596955362e-02      7.054216215852e-02      7.725435944223e-02      3.000613180157e-02      2.151129956054e-02      9.979212701269e-03      3.666187461168e-02
      9.768750000000e+01      6.246357753508e-01      5.884532453867e-02      2.257230704651e-01      3.169855035519e-01      4.505804743855e-01      2.362994855486e-01      2.200007476266e-02      1.098098795075e-02      7.078943408653e-02      7.732296280593e-02      3.035174075431e-02      2.172574582644e-02      9.774466799965e-03      3.764072413330e-02
      9.769444444444e+01      6.354613066462e-01      5.889338803273e-02      2.285569148018e-01      3.187105005722e-01      4.536226775946e-01      2.392023051022e-01      2.183507127218e-02      1.114600634789e-02      7.103670601454e-02      7.739156616963e-02      3.069734970705e-02      2.194019209233e-02      9.569720898661e-03      3.861957365492e-02
      9.770138888889e+01      6.462868379416e-01      5.894145152679e-02      2.313907591385e-01      3.204354975925e-01      4.566648808037e-01      2.421051246559e-01      2.167006778170e-02      1.131102474502e-02      7.128397794255e-02      7.746016953332e-02      3.104295865979e-02      2.215463835823e-02      9.364974997356e-03      3.959842317654e-02
      9.770833333333e+01      6.571123692370e-01      5.898951502085e-02      2.342246034751e-01      3.221604946128e-01      4.597070840128e-01      2.450079442095e-01      2.150506429122e-02      1.147604314216e-02      7.153124987056e-02      7.752877289702e-02      3.138856761253e-02      2.236908462412e-02      9.160229096052e-03      4.057727269816e-02
      9.771527777778e+01      6.679379005324e-01      5.903757851491e-02      2.370584478118e-01      3.238854916331e-01      4.627492872218e-01      2.479107637631e-01      2.134006080074e-02      1.164106153929e-02      7.177852179858e-02      7.759737626071e-02      3.173417656527e-02      2.258353089002e-02      8.955483194747e-03      4.155612221978e-02
      9.772222222222e+01      6.787634318278e-01      5.908564200897e-02      2.398922921485e-01      3.256104886534e-01      4.657914904309e-01      2.508135833167e-01      2.117505731026e-02      1.180607993643e-02      7.202579372659e-02      7.766597962441e-02      3.207978551802e-02      2.279797715591e-02      8.750737293443e-03      4.253497174140e-02
      9.772916666667e+01      6.895889631232e-01      5.913370550303e-02      2.427261364851e-01      3.273354856737e-01      4.688336936400e-01      2.537164028703e-01      2.101005381978e-02      1.197109833357e-02      7.227306565460e-02      7.773458298811e-02      3.242539447076e-02      2.301242342181e-02      8.545991392138e-03      4.351382126302e-02
      9.773611111111e+01      7.004144944187e-01      5.918176899708e-02      2.455599808218e-01      3.290604826939e-01      4.718758968491e-01      2.566192224239e-01      2.084505032931e-02      1.213611673070e-02      7.252033758261e-02      7.780318635180e-02      3.277100342350e-02      2.322686968770e-02      8.341245490834e-03      4.449267078464e-02
      9.774305555556e+01      7.112400257141e-01      5.922983249114e-02      2.483938251585e-01      3.307854797142e-01      4.749181000582e-01      2.595220419775e-01      2.068004683883e-02      1.230113512784e-02      7.276760951062e-02      7.787178971550e-02      3.311661237624e-02      2.344131595360e-02      8.136499589529e-03      4.547152030626e-02
      9.775000000000e+01      7.171240832447e-01      5.965494170515e-02      2.495753451442e-01      3.349851361514e-01      4.783916833989e-01      2.627532897528e-01      2.049204428985e-02      1.247201529749e-02      7.319495995419e-02      7.841861938996e-02      3.337840783510e-02      2.337983707606e-02      8.539114548920e-03      4.570760796399e-02
      9.775694444444e+01      7.195647608669e-01      6.034278866066e-02      2.496054716908e-01      3.409092158926e-01      4.821658664694e-01      2.662133970127e-01      2.028801524762e-02      1.264698014119e-02      7.374779497422e-02      7.929869273800e-02      3.358179932086e-02      2.312608456915e-02      9.364958343362e-03      4.542611495638e-02
      9.776388888889e+01      7.220054384891e-01      6.103063561617e-02      2.496355982375e-01      3.468332956338e-01      4.859400495398e-01      2.696735042727e-01      2.008398620538e-02      1.282194498490e-02      7.430062999424e-02      8.017876608603e-02      3.378519080661e-02      2.287233206225e-02      1.019080213780e-02      4.514462194877e-02
      9.777083333333e+01      7.244461161113e-01      6.171848257168e-02      2.496657247841e-01      3.527573753750e-01      4.897142326102e-01      2.731336115326e-01      1.987995716315e-02      1.299690982861e-02      7.485346501427e-02      8.105883943407e-02      3.398858229237e-02      2.261857955535e-02      1.101664593225e-02      4.486312894116e-02
      9.777777777778e+01      7.268867937335e-01      6.240632952719e-02      2.496958513308e-01      3.586814551162e-01      4.934884156806e-01      2.765937187926e-01      1.967592812092e-02      1.317187467231e-02      7.540630003429e-02      8.193891278210e-02      3.419197377812e-02      2.236482704844e-02      1.184248972669e-02      4.458163593355e-02
      9.778472222222e+01      7.293274713558e-01      6.309417648270e-02      2.497259778774e-01      3.646055348574e-01      4.972625987510e-01      2.800538260525e-01      1.947189907868e-02      1.334683951602e-02      7.595913505432e-02      8.281898613013e-02      3.439536526388e-02      2.211107454154e-02      1.266833352113e-02      4.430014292594e-02
      9.779166666667e+01      7.317681489780e-01      6.378202343821e-02      2.497561044241e-01      3.705296145986e-01      5.010367818214e-01      2.835139333125e-01      1.926787003645e-02      1.352180435973e-02      7.651197007435e-02      8.369905947817e-02      3.459875674963e-02      2.185732203464e-02      1.349417731558e-02      4.401864991833e-02
      9.779861111111e+01      7.342088266002e-01      6.446987039372e-02      2.497862309707e-01      3.764536943397e-01      5.048109648919e-01      2.869740405725e-01      1.906384099422e-02      1.369676920344e-02      7.706480509437e-02      8.457913282620e-02      3.480214823539e-02      2.160356952773e-02      1.432002111002e-02      4.373715691072e-02
      9.780555555556e+01      7.366495042224e-01      6.515771734923e-02      2.498163575174e-01      3.823777740809e-01      5.085851479623e-01      2.904341478324e-01      1.885981195199e-02      1.387173404714e-02      7.761764011440e-02      8.545920617424e-02      3.500553972114e-02      2.134981702083e-02      1.514586490446e-02      4.345566390311e-02
      9.781250000000e+01      7.390901818446e-01      6.584556430474e-02      2.498464840640e-01      3.883018538221e-01      5.123593310327e-01      2.938942550924e-01      1.865578290975e-02      1.404669889085e-02      7.817047513442e-02      8.633927952227e-02      3.520893120690e-02      2.109606451393e-02      1.597170869890e-02      4.317417089550e-02
      9.781944444444e+01      7.415308594668e-01      6.653341126025e-02      2.498766106107e-01      3.942259335633e-01      5.161335141031e-01      2.973543623523e-01      1.845175386752e-02      1.422166373456e-02      7.872331015445e-02      8.721935287030e-02      3.541232269265e-02      2.084231200703e-02      1.679755249335e-02      4.289267788789e-02
      9.782638888889e+01      7.439715370890e-01      6.722125821576e-02      2.499067371573e-01      4.001500133045e-01      5.199076971735e-01      3.008144696123e-01      1.824772482529e-02      1.439662857827e-02      7.927614517447e-02      8.809942621834e-02      3.561571417841e-02      2.058855950012e-02      1.762339628779e-02      4.261118488029e-02
      9.783333333333e+01      7.464122147112e-01      6.790910517127e-02      2.499368637040e-01      4.060740930457e-01      5.236818802439e-01      3.042745768722e-01      1.804369578305e-02      1.457159342197e-02      7.982898019450e-02      8.897949956637e-02      3.581910566416e-02      2.033480699322e-02      1.844924008223e-02      4.232969187268e-02
      9.784027777778e+01      7.488528923334e-01      6.859695212679e-02      2.499669902506e-01      4.119981727869e-01      5.274560633144e-01      3.077346841322e-01      1.783966674082e-02      1.474655826568e-02      8.038181521452e-02      8.985957291440e-02      3.602249714991e-02      2.008105448632e-02      1.927508387667e-02      4.204819886507e-02
      9.784722222222e+01      7.512935699556e-01      6.928479908230e-02      2.499971167973e-01      4.179222525281e-01      5.312302463848e-01      3.111947913922e-01      1.763563769859e-02      1.492152310939e-02      8.093465023455e-02      9.073964626244e-02      3.622588863567e-02      1.982730197941e-02      2.010092767112e-02      4.176670585746e-02
      9.785416666667e+01      7.537342475778e-01      6.997264603781e-02      2.500272433439e-01      4.238463322693e-01      5.350044294552e-01      3.146548986521e-01      1.743160865635e-02      1.509648795310e-02      8.148748525457e-02      9.161971961047e-02      3.642928012142e-02      1.957354947251e-02      2.092677146556e-02      4.148521284985e-02
      9.786111111111e+01      7.561749252000e-01      7.066049299332e-02      2.500573698906e-01      4.297704120105e-01      5.387786125256e-01      3.181150059121e-01      1.722757961412e-02      1.527145279680e-02      8.204032027460e-02      9.249979295851e-02      3.663267160718e-02      1.931979696561e-02      2.175261526000e-02      4.120371984224e-02
      9.786805555556e+01      7.586156028222e-01      7.134833994883e-02      2.500874964372e-01      4.356944917517e-01      5.425527955960e-01      3.215751131720e-01      1.702355057189e-02      1.544641764051e-02      8.259315529463e-02      9.337986630654e-02      3.683606309293e-02      1.906604445870e-02      2.257845905444e-02      4.092222683463e-02
      9.787500000000e+01      7.585089085768e-01      7.171570080326e-02      2.510245271600e-01      4.367979634207e-01      5.451005612335e-01      3.231650300217e-01      1.702286968315e-02      1.548755289449e-02      8.295667570083e-02      9.348165818864e-02      3.676025083878e-02      1.940113647851e-02      2.294618494571e-02      4.066322908567e-02
      9.788194444444e+01      7.565901363401e-01      7.185508323895e-02      2.526066859531e-01      4.344722860502e-01      5.467759124163e-01      3.234245832425e-01      1.716684090361e-02      1.543348820643e-02      8.318552678390e-02      9.302981801826e-02      3.648582645476e-02      2.015510421128e-02      2.298802776495e-02      4.042023338321e-02
      9.788888888889e+01      7.546713641034e-01      7.199446567465e-02      2.541888447463e-01      4.321466086798e-01      5.484512635991e-01      3.236841364632e-01      1.731081212406e-02      1.537942351838e-02      8.341437786698e-02      9.257797784787e-02      3.621140207073e-02      2.090907194405e-02      2.302987058420e-02      4.017723768075e-02
      9.789583333333e+01      7.527525918666e-01      7.213384811034e-02      2.557710035395e-01      4.298209313094e-01      5.501266147819e-01      3.239436896839e-01      1.745478334451e-02      1.532535883032e-02      8.364322895006e-02      9.212613767748e-02      3.593697768671e-02      2.166303967682e-02      2.307171340344e-02      3.993424197829e-02
      9.790277777778e+01      7.508338196299e-01      7.227323054604e-02      2.573531623327e-01      4.274952539390e-01      5.518019659647e-01      3.242032429047e-01      1.759875456497e-02      1.527129414226e-02      8.387208003314e-02      9.167429750710e-02      3.566255330268e-02      2.241700740958e-02      2.311355622268e-02      3.969124627584e-02
      9.790972222222e+01      7.489150473931e-01      7.241261298174e-02      2.589353211259e-01      4.251695765686e-01      5.534773171475e-01      3.244627961254e-01      1.774272578542e-02      1.521722945421e-02      8.410093111621e-02      9.122245733671e-02      3.538812891866e-02      2.317097514235e-02      2.315539904192e-02      3.944825057338e-02
      9.791666666667e+01      7.469962751564e-01      7.255199541743e-02      2.605174799191e-01      4.228438991982e-01      5.551526683303e-01      3.247223493462e-01      1.788669700587e-02      1.516316476615e-02      8.432978219929e-02      9.077061716633e-02      3.511370453464e-02      2.392494287512e-02      2.319724186117e-02      3.920525487092e-02
      9.792361111111e+01      7.450775029196e-01      7.269137785313e-02      2.620996387123e-01      4.205182218278e-01      5.568280195131e-01      3.249819025669e-01      1.803066822633e-02      1.510910007809e-02      8.455863328237e-02      9.031877699594e-02      3.483928015061e-02      2.467891060789e-02      2.323908468041e-02      3.896225916847e-02
      9.793055555556e+01      7.431587306829e-01      7.283076028882e-02      2.636817975055e-01      4.181925444574e-01      5.585033706959e-01      3.252414557876e-01      1.817463944678e-02      1.505503539003e-02      8.478748436545e-02      8.986693682555e-02      3.456485576659e-02      2.543287834065e-02      2.328092749965e-02      3.871926346601e-02
      9.793750000000e+01      7.412399584461e-01      7.297014272452e-02      2.652639562987e-01      4.158668670870e-01      5.601787218787e-01      3.255010090084e-01      1.831861066723e-02      1.500097070198e-02      8.501633544852e-02      8.941509665517e-02      3.429043138256e-02      2.618684607342e-02      2.332277031889e-02      3.847626776355e-02
      9.794444444444e+01      7.393211862094e-01      7.310952516021e-02      2.668461150919e-01      4.135411897165e-01      5.618540730615e-01      3.257605622291e-01      1.846258188769e-02      1.494690601392e-02      8.524518653160e-02      8.896325648478e-02      3.401600699854e-02      2.694081380619e-02      2.336461313814e-02      3.823327206109e-02
      9.795138888889e+01      7.374024139726e-01      7.324890759591e-02      2.684282738851e-01      4.112155123461e-01      5.635294242443e-01      3.260201154499e-01      1.860655310814e-02      1.489284132586e-02      8.547403761468e-02      8.851141631440e-02      3.374158261452e-02      2.769478153895e-02      2.340645595738e-02      3.799027635864e-02
      9.795833333333e+01      7.354836417359e-01      7.338829003161e-02      2.700104326783e-01      4.088898349757e-01      5.652047754271e-01      3.262796686706e-01      1.875052432859e-02      1.483877663781e-02      8.570288869776e-02      8.805957614401e-02      3.346715823049e-02      2.844874927172e-02      2.344829877662e-02      3.774728065618e-02
      9.796527777778e+01      7.335648694992e-01      7.352767246730e-02      2.715925914715e-01      4.065641576053e-01      5.668801266099e-01      3.265392218913e-01      1.889449554905e-02      1.478471194975e-02      8.593173978083e-02      8.760773597362e-02      3.319273384647e-02      2.920271700449e-02      2.349014159586e-02      3.750428495372e-02
      9.797222222222e+01      7.316460972624e-01      7.366705490300e-02      2.731747502647e-01      4.042384802349e-01      5.685554777927e-01      3.267987751121e-01      1.903846676950e-02      1.473064726169e-02      8.616059086391e-02      8.715589580324e-02      3.291830946244e-02      2.995668473726e-02      2.353198441511e-02      3.726128925127e-02
      9.797916666667e+01      7.297273250257e-01      7.380643733869e-02      2.747569090578e-01      4.019128028645e-01      5.702308289755e-01      3.270583283328e-01      1.918243798995e-02      1.467658257364e-02      8.638944194699e-02      8.670405563285e-02      3.264388507842e-02      3.071065247002e-02      2.357382723435e-02      3.701829354881e-02
      9.798611111111e+01      7.278085527889e-01      7.394581977439e-02      2.763390678510e-01      3.995871254941e-01      5.719061801583e-01      3.273178815536e-01      1.932640921041e-02      1.462251788558e-02      8.661829303007e-02      8.625221546246e-02      3.236946069439e-02      3.146462020279e-02      2.361567005359e-02      3.677529784635e-02
      9.799305555556e+01      7.258897805522e-01      7.408520221008e-02      2.779212266442e-01      3.972614481237e-01      5.735815313411e-01      3.275774347743e-01      1.947038043086e-02      1.456845319752e-02      8.684714411314e-02      8.580037529208e-02      3.209503631037e-02      3.221858793556e-02      2.365751287283e-02      3.653230214389e-02
      9.800000000000e+01      7.261847764808e-01      7.380465086617e-02      2.779743081270e-01      3.950176613177e-01      5.748358796606e-01      3.259425560288e-01      1.974692561627e-02      1.476313862661e-02      8.706879693671e-02      8.553620215553e-02      3.194060347459e-02      3.233937481367e-02      2.371831261145e-02      3.604190847432e-02
