      5.994521633265e-07
      3.452330121312e-12
      1.256575398084e-10
      2.325450057058e-08
      1.481470091909e-15
      8.321587342966e-07
      7.376328491137e-07
      1.562784474503e-08
      2.732689604136e-07
      9.424405090865e-09
      1.998239137907e-08
      1.999488422006e-11
      2.083353187309e-11
      7.286341903079e-09
      1.974670575174e-07
      5.680426630776e-07
      1.619492177066e-08
      2.698653431039e-07
      2.975016040424e-07
      3.913363649653e-07
      9.813826641977e-11
      2.017765852293e-09
      2.336861385119e-07
      1.240457886882e-15
      9.850421856210e-14
      5.049090455487e-08
      6.733019284050e-08
      9.677884253126e-07
      5.461539005582e-10
      4.159797612230e-07
      2.090420748175e-08
      1.765238394324e-09
      1.717674668045e-09
      2.174458943776e-09
      2.726318457383e-07
      4.689513215374e-08
      1.952800923188e-09
      2.466260692011e-07
      1.013210442272e-16
      2.468279491737e-16
      4.412278957875e-07
      2.171636245301e-08
      6.768087188006e-07
      8.132149359584e-08
      3.697106132981e-11
      4.973788570335e-09
      7.956122028881e-12
      6.250627083683e-08
      1.568660729780e-07
      6.102214587345e-10
      6.248634930480e-09
      2.531531626461e-07
      2.605705406171e-08
      3.369184070465e-10
      2.746756925178e-07
      1.936733770910e-13
      5.320303148117e-07
      9.079255967961e-09
      7.687258310584e-09
      1.858106387842e-08
      1.576273644421e-11
      4.091255826135e-15
      1.462837419300e-11
      2.398507954967e-09
      9.763757012212e-07
      1.425956080511e-10
      1.425616264645e-09
      2.442513010036e-07
      2.621514801864e-09
      1.242871749101e-08
      9.151694551422e-07
      2.917105887348e-07
      8.580064131590e-08
      1.387868411201e-11
      1.359643995323e-08
      1.241244654382e-07
      1.189121148423e-08
      1.807325625344e-10
      2.462921429335e-07
      8.732291469026e-08
      6.696565434593e-10
      5.190631727214e-08
      4.982679732832e-08
      9.839149560384e-08
      1.916032771519e-07
      2.481889846638e-07
      1.459398271319e-10
      6.102420806299e-07
      7.474142558428e-09
      2.260301664966e-08
      3.743848882163e-07
      1.720494654971e-08
      7.934554627486e-10
      5.199536966045e-11
      2.748848211573e-11
      8.910648227118e-08
      1.722622364422e-10
      2.504807832223e-09
      3.542205333560e-07
      5.754729215045e-08
      4.973788570335e-09
      3.697106132981e-11
      9.542376527508e-07
      7.797576088564e-09
      5.562048699596e-07
      4.546277257746e-11
      3.406974306611e-17
      1.756553407192e-08
      6.010845790679e-11
      3.578772622163e-10
      6.922715640739e-08
      7.161896465737e-08
      4.736960179988e-11
      5.028982744551e-07
      4.974738593708e-07
      5.330796716972e-11
      8.211966435279e-07
      5.845724422004e-08
      2.387938818557e-12
      1.023029503892e-10
      6.446278884016e-09
      9.982755897894e-13
      2.608692826738e-10
      1.583614960504e-16
      1.823098730637e-12
      1.344913564056e-08
      9.132076639755e-09
      1.825209265734e-07
      2.421012280471e-09
      5.206166976054e-07
      9.860372433820e-11
      1.526814165415e-11
      2.050890225099e-10
      2.740858661821e-08
      5.522587695285e-07
      6.612924559768e-07
      1.927641445598e-10
      1.623384171594e-10
      2.621514801864e-09
      7.237952659087e-08
      1.037426359125e-11
      6.019761425219e-07
      8.905511980418e-07
      3.643047949576e-08
      6.017880813760e-13
      2.955572126495e-08
      2.883940975899e-10
      2.144074435319e-08
      4.148261536986e-10
      4.597025510061e-08
      1.584339798353e-07
      1.194676374694e-15
      1.025604613832e-10
      1.498832932898e-10
      1.225966581074e-11
      9.306113052207e-09
      5.342696247212e-11
      7.140220882471e-17
      1.494732151588e-07
      1.876775711725e-07
      6.112061032542e-07
      1.086327961002e-09
      6.398472133934e-11
      2.813786075962e-07
      7.631784549537e-11
      1.889224227222e-07
      1.481470091909e-15
      1.519891447070e-09
      2.065853774650e-08
      5.954000106516e-11
      1.061481215327e-07
      2.456682953233e-08
      1.089437812716e-08
      6.437353326707e-07
      1.440529597792e-11
      1.960070709918e-08
      1.858106387842e-08
      3.959248773130e-09
      2.325789219997e-09
      8.738950498222e-09
      5.506487633904e-08
      4.050173224561e-07
      1.680546099119e-07
      2.468279491737e-16
      3.913363649653e-07
      1.774481999825e-07
      3.380174446007e-11
      5.028342569063e-09
      1.844320991040e-07
      9.331012327835e-08
      6.993640333672e-07
      3.802533552674e-07
      1.167744774030e-08
      6.742666268412e-07
      3.642303527566e-07
      3.159993382479e-07
      3.021402162643e-08
      4.069575516160e-09
      4.660819818094e-07
      1.320293909710e-08
      1.129873445082e-08
      4.106682273778e-11
      1.568660729780e-07
      9.232438582773e-07
      2.064224589409e-08
      9.894734498744e-08
      2.930446668840e-10
      2.155026953415e-10
      4.159797612230e-07
      1.793166931991e-08
      1.212762493852e-10
      6.517811547922e-07
      9.156489506240e-07
      3.161660120440e-12
      9.566336196941e-08
      1.483566148096e-07
      6.687132218325e-08
      1.378253726389e-08
      1.876775711725e-07
      5.586342895537e-09
      1.156967173909e-08
      2.054538881896e-10
      5.610513768200e-09
      8.064766146138e-12
      1.201620155958e-08
      7.040854712081e-07
      2.262284679664e-07
      1.562784474503e-08
      3.011268515030e-07
      1.800614230577e-07
      3.519073068168e-09
      7.847639895932e-12
      8.440160968504e-11
      1.262201443305e-08
      7.880435659705e-07
      1.358316899752e-11
      1.770439692264e-07
      3.288469751988e-07
      8.064766146138e-12
      7.575071693843e-11
      1.392646660736e-08
      1.577706209779e-11
      7.906514436739e-09
      2.039601056997e-17
      1.066042236593e-07
      1.900452218106e-08
      1.153782765263e-08
      2.516556190517e-10
      2.306628090436e-15
      8.117408477845e-07
      8.667667180980e-09
      8.218600363019e-10
      5.986406452105e-09
      1.719808599060e-08
      1.221822889843e-09
      2.165689962325e-09
      8.275600136275e-09
      6.102420806299e-07
      9.849597544590e-11
      5.174054652606e-12
      4.200200257674e-08
      7.480553645729e-08
      7.142572997641e-12
      1.279938253099e-09
      5.963250998527e-08
      8.803854305413e-09
      1.703825530345e-12
      4.689132062373e-08
      4.148261536986e-10
      1.570712731376e-11
      9.677496720500e-11
      6.813076554895e-08
      4.542917472430e-14
      1.270853712596e-10
      8.667667180980e-09
      1.660673344732e-07
      7.019063771687e-08
      2.283026850137e-12
      3.308105378457e-08
      3.256558583486e-09
      1.069105755863e-08
      1.876775711725e-07
      1.059816084729e-07
      5.566608812485e-11
      7.376328491137e-07
      7.162052602077e-07
      1.707981893252e-07
      6.019761425219e-07
      7.974440039752e-09
      2.104932503813e-13
      8.352465984591e-09
      9.852553103335e-07
      4.716530291460e-11
      8.468401468313e-07
      5.700757955603e-08
      2.442513010036e-07
      4.825329220862e-08
      8.329767936860e-09
      7.399793142230e-09
      4.751197070427e-11
      9.250082170092e-08
      5.612799961278e-07
      2.335503904797e-07
      6.935380752321e-07
      2.036157688727e-08
      3.590379238277e-11
      3.894951167495e-09
      3.260641532087e-09
      7.138690865213e-08
      2.654602294309e-11
      1.014010636367e-07
      1.505871912196e-08
      8.358358579990e-11
      6.040035299757e-07
      3.354354382011e-07
      8.808564163741e-09
      1.805362939417e-10
      2.554405155004e-11
      2.084339689526e-09
      7.388846311536e-08
      3.032101007296e-16
      6.483588614304e-08
      5.986312964247e-11
      4.221032806849e-07
      2.917105887348e-07
      5.847761836807e-11
      8.032687472878e-11
      9.878537767241e-11
      6.026125845934e-09
      3.518213597484e-08
      6.882596338746e-11
      7.426693657312e-07
      2.883940975899e-10
      5.611620823108e-07
      2.022235700413e-07
      3.064211778498e-07
      4.149304912618e-11
      5.928639064780e-16
      3.917814151913e-09
      1.513281634609e-11
      3.711975471350e-09
      5.701157260087e-11
      3.053748113479e-07
      5.560928770276e-08
      5.316983440263e-09
      5.799661607069e-07
      1.323778999371e-10
      9.823916079412e-08
      5.487895124348e-07
      4.639551924892e-07
      5.894072686085e-10
      3.358403939362e-08
      9.600505314574e-11
      1.010797815206e-09
      4.639278041618e-11
      2.418199221355e-09
      3.983735234130e-08
      3.607093948004e-16
      2.648957278979e-10
      1.260363761519e-12
      1.984336254317e-16
      3.624658460976e-07
      2.841163353011e-08
      1.228204647672e-07
      9.677884253126e-07
      5.489706766289e-07
      6.122904117740e-10
      2.287110032089e-08
      3.912353855098e-10
      3.330424200730e-07
      9.829842307880e-07
      2.023300212828e-11
      3.865224340937e-12
      2.036421375057e-08
      3.203836966835e-08
      3.755814236795e-08
      5.972120831037e-08
      2.338792566605e-08
      8.440160968504e-11
      5.567028476231e-09
      1.300252994384e-08
      3.182241422026e-08
      1.183996713493e-07
      3.665373432925e-08
      3.795147001121e-11
      2.159795894631e-07
      1.207798538170e-07
      5.767962279809e-10
      7.420307794353e-09
      3.322854013723e-10
      5.642883065106e-07
      8.046865597511e-07
      1.342225828487e-10
      1.761299029544e-10
      7.420307794353e-09
      2.458276341278e-15
      2.553236138404e-08
      1.150425960197e-08
      1.902672922957e-07
      2.549149491644e-09
      1.219710598119e-09
      4.430327579545e-08
      3.292491175188e-10
      2.180317902151e-07
      2.180317902151e-07
      3.088584513199e-08
      9.673364148075e-12
      1.152047475403e-07
      5.521797773127e-07
      5.755500696697e-08
      3.458505788176e-08
      6.903852806150e-08
      2.849672271038e-07
      4.007661861781e-09
      2.537635561483e-07
      4.206216065781e-08
      9.975556237978e-07
      1.046145674017e-09
      5.044596867473e-08
      2.335503904797e-07
      6.550093333971e-11
      1.611983734812e-07
      1.180911611990e-08
      6.679854655775e-10
      5.701157260087e-11
      1.919192444763e-07
      3.474609713078e-07
      3.288469751988e-07
      4.188341092513e-12
      7.764509439555e-12
      7.582903059530e-07
      9.905311892071e-08
      9.607000843457e-16
      2.738484510521e-11
      5.289566087120e-07
      5.714294177190e-10
      1.568660729780e-07
      1.103622455348e-07
      6.020786653756e-07
      1.941872725160e-07
      3.665639263797e-10
      1.359643995323e-08
      7.415369978365e-08
      1.553714895409e-09
      5.467271896922e-10
      7.545238354273e-08
      2.103534384993e-09
      2.990332096643e-07
      5.128158822400e-07
      2.325450057058e-08
      4.602184327781e-08
      2.090821064786e-08
      1.730956706570e-08
      8.137068586321e-09
      1.254811314314e-08
      7.426693657312e-07
      8.455139261867e-07
      6.019761425219e-07
      2.311070365374e-15
      6.425709047571e-08
      9.870549259822e-14
      1.146008600994e-10
      1.285075728425e-08
      3.276106247115e-08
      6.248634930480e-09
      2.843367475996e-13
      2.180317902151e-07
      5.854005037640e-08
      1.048917593112e-11
      5.878998162496e-07
      5.337198038538e-07
      9.123837267798e-09
      2.823485662710e-08
      4.180405929056e-07
      3.487408531206e-07
      8.756603820614e-07
      1.860379056337e-09
      1.680546099119e-07
      2.790304179245e-09
      1.003237935949e-07
      6.523437730500e-07
      2.172418735496e-08
      3.802533552674e-07
      6.718020369042e-09
      7.250377130520e-08
      2.155026953415e-10
      1.735548179288e-10
      2.201396723545e-08
      1.444485780661e-07
      2.522110050608e-08
      1.302606667215e-10
      3.000664989227e-07
      3.960638371643e-16
      2.261355960371e-07
      2.830208185122e-07
      6.460690646249e-07
      7.048072863381e-07
      1.520270035520e-08
      5.776496654527e-09
      5.826608258685e-09
      1.439569395958e-08
      1.259467201692e-09
      3.568190978697e-09
      5.913568231726e-09
      8.808564163741e-09
      7.915162988150e-08
      1.016439479622e-12
      1.014382033252e-08
      2.857653690779e-07
      1.420253170684e-07
      1.436234250409e-10
      1.776632889323e-07
      3.712935143656e-16
      1.717282076196e-07
      1.907497791054e-08
      5.247123257088e-07
      5.500953279035e-09
      1.014367251886e-09
      2.189246392581e-07
      1.459316386005e-08
      1.444113978265e-10
      1.082727489238e-08
      8.096253542087e-09
      5.735609302366e-07
      1.620820358404e-08
      4.050173224561e-07
      5.964716784896e-10
      3.970636600995e-07
      1.275079636688e-08
      1.421332696732e-08
      3.641427781751e-07
      6.082876513995e-11
      5.980694839586e-10
      3.139058427763e-07
      1.610907290415e-08
      3.398362230478e-09
      5.493934173839e-08
      1.377824506884e-08
      4.962745493670e-13
      9.189047137292e-08
      2.675036967505e-07
      4.400030358242e-07
      7.399793142230e-09
      2.282597990088e-07
      2.285505077418e-11
      5.120169907058e-11
      4.629324745156e-07
      2.897027414005e-07
      2.245321505930e-07
      9.654781412838e-12
      5.496944777994e-09
      1.611785098255e-09
      6.718020369042e-09
      5.974708034850e-08
      5.306953362999e-09
      2.913971742933e-09
      1.717674668045e-09
      4.548057091176e-07
      1.043093557000e-07
      2.413584597069e-07
      9.190019245919e-08
      1.306384627324e-09
      2.335934708436e-11
      4.569245345229e-14
      8.498917730157e-12
      3.028764338041e-11
      1.636719581821e-07
      7.455929598848e-09
      2.168818858270e-08
      3.518213597484e-08
      2.511183930242e-15
      2.779016897420e-08
      1.331172880656e-15
      4.627595798105e-08
      4.434227853666e-09
      2.036157688727e-08
      1.255607209929e-10
      3.075917633080e-10
      3.152894829588e-09
      1.302278755502e-08
      1.375228270089e-10
      5.553733983924e-07
      2.830026850206e-09
      5.476659735175e-09
      2.820303113701e-11
      7.055263433895e-07
      1.541063199977e-10
      2.261355960371e-07
      4.344204362936e-09
      6.836954384918e-09
      1.100852126085e-07
      2.679175539465e-07
      8.724848747164e-12
      6.118463721896e-11
      1.002129245081e-07
      9.094568255630e-12
      9.975556237978e-07
      1.937870108438e-09
      4.742794813456e-15
      1.176595504673e-08
      2.810553120849e-11
      1.735548179288e-10
      1.767638936119e-07
      3.547503714489e-15
      7.385587227979e-07
      6.039898820688e-08
      6.122904117740e-10
      5.764774707972e-10
      9.947136553029e-13
      3.712935143656e-16
      3.201810606500e-07
      7.972250064425e-08
      7.586899499628e-11
      5.812700780087e-08
      1.847512927601e-08
      1.268179375455e-07
      9.894734498744e-08
      6.325900672852e-09
      7.110483107771e-09
      2.412862973308e-07
      5.604837294020e-09
      1.286296787260e-08
      6.367344337243e-13
      4.017030392361e-08
      1.212006499610e-09
      5.586342895537e-09
      1.860379056337e-09
      9.409487671904e-07
      1.252154724433e-09
      4.221032806849e-07
      9.924309554237e-07
      1.255607209929e-10
      1.682162524253e-07
      4.896063152850e-13
      4.273004102283e-07
      1.212103454236e-07
      7.975181593138e-07
      1.960070709918e-08
      8.285850528479e-07
      5.827988824094e-07
      2.950628782344e-07
      1.085057146619e-07
      7.485326775922e-08
      8.581282698078e-07
      1.024137411411e-09
      9.383789321617e-07
      2.456493958145e-10
      5.606296055217e-07
      2.059728002750e-10
      1.043093557000e-07
      6.333483822155e-09
      2.703945777172e-10
      1.088524400808e-07
      2.672048517101e-07
      5.653354725190e-08
      1.491032599789e-10
      1.526563277282e-10
      7.541133515917e-09
      2.951253121095e-07
      7.571423638376e-07
      5.206166976054e-07
      5.421458285835e-07
      6.019858404910e-07
      2.682778671744e-09
      3.418103941013e-07
      7.234237050621e-08
      6.162507041389e-07
      9.831575730085e-07
      4.602184327781e-08
      6.243761199045e-07
      3.848254944979e-07
      7.332845353322e-08
      3.212649126430e-07
      2.527452563230e-09
      5.330796716972e-11
      1.814432877928e-14
      1.583581559579e-10
      5.420086187756e-07
      2.709970993851e-09
      2.417187028139e-07
      7.895307982908e-08
      8.749291399465e-09
      1.085057146619e-07
      4.964381810553e-08
      1.438492763595e-08
      1.466492598524e-07
      2.439899418498e-11
      1.899187078264e-12
      5.291646166297e-07
      4.784880010248e-10
      2.401528576969e-09
      2.883646637364e-10
      7.101371088316e-08
      2.482697965146e-07
      1.780008856936e-08
      1.088524400808e-07
      2.142812067576e-08
      1.403330650148e-15
      5.368572647425e-10
      2.616400532473e-09
      3.828573780885e-07
      7.282433712954e-07
      2.288876355722e-09
      2.156517065926e-08
      1.871844009744e-08
      2.655523381096e-07
      1.524029340797e-09
      4.034011704579e-07
      7.474142558428e-09
      2.511183930242e-15
      4.452676169221e-07
      2.930446668840e-10
      2.480632844502e-07
      3.417144467235e-07
      2.820446126984e-08
      4.975556108766e-11
      2.503384621156e-11
      2.949987107085e-08
      9.991110201223e-10
      1.266683889628e-09
      6.713885586670e-08
      1.151777474502e-07
      3.189928927428e-08
      9.912963920019e-07
      2.637121938103e-07
      2.224444369251e-07
      2.560457600517e-10
      2.223293090309e-10
      4.856680152024e-09
      4.768039563346e-08
      8.717415739504e-09
      3.851130842202e-08
      2.393957709182e-09
      7.338694277623e-08
      2.549149491644e-09
      2.075385992437e-07
      8.819807478389e-07
      9.263659040172e-11
      1.682107901721e-11
      8.468401468313e-07
      4.804402867721e-16
      3.185630736562e-09
      9.905311892071e-08
      8.039179658217e-07
      6.414635411920e-08
      9.824941606373e-07
      1.403330650148e-15
      1.762182227932e-07
      3.067079555785e-09
      2.986348560769e-11
      5.255753730726e-07
      9.939446180383e-08
      7.869664395039e-07
      2.732045214384e-07
      2.282597990088e-07
      1.760797840706e-10
      2.426909407082e-07
      4.180651717124e-12
      3.521505278740e-08
      1.784141287479e-09
      1.436228125663e-10
      4.319384976048e-07
      2.013051477111e-07
      2.214127245110e-07
      4.096651338492e-07
      3.070605514283e-08
      1.714628256345e-10
      5.777056428374e-07
      3.637752254340e-10
      2.017765852293e-09
      2.896933627984e-08
      5.420086187756e-07
      1.150425960197e-08
      4.847134292580e-11
      3.967244956402e-07
      9.485174317034e-12
      5.247123257088e-07
      4.116400583901e-07
      7.319140292803e-07
      4.883805875816e-08
      4.668931908214e-07
      4.980894553175e-07
      5.268122338683e-12
      1.260558159842e-15
      8.477944628387e-07
      1.163317738135e-08
      5.316983440263e-09
      7.079452699854e-09
      1.892678492135e-10
      7.064028966460e-08
      9.487798789882e-07
      7.091588335986e-09
      3.930174937472e-09
      2.631641523770e-07
      2.108739786173e-07
      3.251699549306e-07
      4.604503101277e-08
      5.208349381453e-08
      2.480815853522e-07
      9.606798898758e-07
      2.623828859853e-07
      4.642183312614e-10
      2.223293090309e-10
      3.636153724284e-07
      8.084098318224e-10
      2.833557370454e-07
      5.755517891441e-07
      7.592949809471e-07
      7.084243279352e-10
      1.500636381563e-08
      9.895347088778e-08
      1.025224674931e-07
      1.109165692119e-10
      2.676669216140e-11
      2.682778671744e-09
      2.336465069861e-07
      1.146283775648e-08
      6.572584474957e-07
      1.147271999081e-10
      4.067934020009e-11
      3.698518450372e-07
      4.955113065040e-11
      1.005658622218e-12
      5.701157260087e-11
      5.611620823108e-07
      2.654735163447e-12
      1.221822889843e-09
      8.669350930281e-07
      1.663826670177e-09
      1.291618929028e-08
      7.282433712954e-07
      1.656480484524e-12
      2.093783243169e-11
      8.440160968504e-11
      5.838452466383e-08
      3.169220476440e-09
      2.180317902151e-07
      4.516825511112e-08
      1.153403150044e-13
      5.243527303784e-09
      8.895338873700e-08
      2.155026953415e-10
      3.719637074262e-08
      3.331293633994e-10
      1.261073062259e-07
      2.857965851409e-07
      1.518859854411e-08
      2.022717108496e-07
      4.913118393708e-16
      5.114043054292e-07
      3.647092477954e-07
      7.327696686453e-07
      6.656974935813e-10
      6.071011807472e-08
      2.229748292485e-09
      3.212649126430e-07
      1.861169058453e-09
      7.474142558428e-09
      2.439899418498e-11
      1.406359285223e-08
      5.683596590573e-07
      5.079956852871e-09
      9.658191463217e-07
      7.241710727412e-08
      2.321909381892e-07
      1.600024694564e-10
      2.056771381507e-16
      2.384698322310e-09
      5.316983440263e-09
      1.990302597454e-08
      5.755500696697e-08
      9.986031886112e-10
      5.375085937011e-09
      5.948502551841e-08
      7.945131958336e-08
      2.598904247601e-09
      5.754729215045e-08
      8.189970985143e-07
      1.913241142976e-09
      2.608032143653e-11
      5.317441245688e-07
      2.306841497250e-09
      8.997179566189e-07
      2.203206047954e-07
      7.547816804345e-07
      6.885307300016e-12
      8.124187526782e-11
      1.386859298190e-09
      1.559174383371e-07
      1.377824506884e-08
      1.339843981408e-08
      5.016433538578e-10
      2.820446126984e-08
      4.804402867721e-16
      1.073085570602e-08
      8.324273995274e-09
      6.842510793451e-07
      3.417144467235e-07
      2.820446126984e-08
      7.277518239380e-07
      9.085173417102e-08
      1.248831968879e-07
      3.698518450372e-07
      2.242156698771e-10
      1.319999340922e-10
      2.702535205413e-08
      6.655426127329e-11
      1.825045441930e-07
      2.428186454279e-07
      1.205130142394e-07
      7.840968364455e-07
      5.799631506549e-16
      7.880435659705e-07
      1.129030808739e-10
      4.855068421387e-07
      5.969546753759e-08
      2.675944730620e-09
      2.113928338664e-08
      2.790304179245e-09
      3.407377392412e-13
      1.176303532970e-07
      9.715708027497e-12
      3.315982704592e-07
      1.537950097715e-08
      3.518213597484e-08
      8.464025058065e-07
      3.886588788207e-07
      9.201084053561e-07
      1.167744774030e-08
      6.932185811270e-08
      7.642227515617e-08
      6.312837048691e-09
      6.733523933607e-07
      3.241482495401e-14
      9.015322720580e-08
      1.585051690432e-07
      6.529196779470e-10
      2.321909381892e-07
      9.917670550685e-09
      5.663542717892e-07
      9.373403852207e-07
      2.398507954967e-09
      4.083267978277e-11
      1.502579099920e-10
      4.248427737929e-08
      8.255607443964e-08
      3.354354382011e-07
      2.448237957410e-12
      1.935246611508e-08
      1.617839292656e-07
      2.130750454608e-07
      4.784880010248e-10
      3.691705798355e-10
      5.504445876984e-07
      7.420307794353e-09
      9.306380784425e-08
      9.409487671904e-07
      5.945624255952e-09
      4.927475210602e-11
      5.587783694512e-07
      8.515548665482e-07
      1.936425728531e-08
      6.434243901750e-07
      4.927475210602e-11
      9.244835649096e-08
      1.372655188596e-08
      1.203929426278e-10
      1.298716444469e-07
      6.813197782417e-07
      4.499475098913e-08
      1.800614230577e-07
      3.781948243425e-10
      2.172474089368e-07
      1.345178241701e-07
      2.037801018612e-07
      1.159905999274e-16
      3.272706872707e-07
      2.529037057958e-10
      1.024842773131e-09
      1.155876048135e-09
      5.847761836807e-11
      9.763947544261e-07
      5.727322385846e-07
      1.962012479864e-09
      8.071910678160e-07
      2.729185540677e-09
      5.400821132085e-11
      2.401711051579e-16
      1.170236335245e-13
      3.213031652294e-09
      3.590379238277e-11
      2.883940975899e-10
      5.604837294020e-09
      2.553817073234e-09
      2.589521353053e-12
      5.688132791234e-07
      1.865799653407e-15
      1.367947541534e-07
      9.310201831649e-08
      1.514689262516e-14
      1.703825530345e-12
      1.230190987267e-07
      8.468401468313e-07
      6.882445202482e-08
      4.638923365932e-12
      1.036791727061e-07
      7.369354011573e-08
      2.039245762655e-13
      9.344483803529e-08
      6.020078628665e-08
      7.848173075058e-07
      5.901473252751e-07
      6.922715640739e-08
      5.461539005582e-10
      2.184152309722e-08
      4.001527005477e-15
      1.309257238036e-07
      8.245932828580e-16
      4.963070755655e-16
      2.189851207782e-09
      1.543547852006e-15
      3.074728858510e-08
      5.036001641588e-08
      3.168138788538e-09
      7.967255535910e-08
      1.916924440367e-08
      2.389596131575e-09
      3.506071900396e-09
      4.591388021580e-14
      6.442945662529e-11
      6.455189074085e-07
      9.621816257720e-10
      5.479329774902e-07
      9.607000843457e-16
      3.602986220065e-10
      2.194675534549e-07
      4.509933405254e-07
      1.033373040936e-07
      6.082876513995e-11
      2.876694028289e-10
      5.421458285835e-07
      1.381850134118e-08
      6.067469065150e-08
      4.861119067988e-11
      1.355032952940e-11
      2.017765852293e-09
      4.982557100362e-07
      1.940036119878e-08
      4.784880010248e-10
      6.243761199045e-07
      9.563777542858e-11
      2.463223070088e-11
      9.170468721208e-11
      4.765978835301e-07
      3.801300676517e-09
      9.391490621939e-08
      1.754634143047e-08
      1.546305432713e-07
      5.389483474182e-07
      1.732731865651e-08
      2.796564727649e-10
      7.594826066683e-08
      1.358316899752e-11
      3.395870759963e-07
      8.959265442854e-11
      2.108739786173e-07
      1.189931905267e-11
      7.609796369745e-07
      5.357168090575e-08
      7.726566723936e-07
      9.677884253126e-07
      2.167163701391e-07
      3.248656074008e-07
      2.193218036743e-07
      1.444113978265e-10
      1.459316386005e-08
      3.564109897252e-09
      5.822654591096e-10
      1.306333400982e-09
      2.997360634811e-07
      2.180317902151e-07
      1.642472168560e-09
      1.924630928575e-09
      2.494960863146e-07
      5.700757955603e-08
      6.068540298525e-09
      1.381854827064e-07
      2.384506828979e-10
      5.467271896922e-10
      2.065853774650e-08
      1.696475950593e-11
      2.063918094924e-09
      6.927126540690e-12
      5.045106589074e-10
      1.593112103654e-07
      1.420253170684e-07
      4.201571626722e-09
      9.137270827847e-08
      1.222254177480e-07
      7.043896970354e-07
      4.940703874676e-09
      1.749219031043e-10
      4.058814338845e-09
      1.707981893252e-07
      2.361785788329e-09
      3.823001262248e-11
      2.054538881896e-10
      1.345878780894e-15
      1.847495193977e-08
      6.127567518317e-07
      1.049292843564e-07
      6.081234214458e-15
      1.436234250409e-10
      4.499475098913e-08
      2.338654374800e-09
      1.856801689758e-07
      1.541063199977e-10
      4.309847547078e-07
      5.476659735175e-09
      5.871554891097e-07
      8.389365840318e-07
      1.344913564056e-08
      1.519389281309e-07
      5.585856704324e-08
      9.664506503261e-08
      5.304477656843e-07
      1.393603912178e-11
      6.886296941720e-12
      9.664506503261e-08
      9.974734384291e-09
      1.037426359125e-11
      9.457322426763e-07
      3.636153724284e-07
      5.307863146136e-09
      2.617350951827e-09
      1.019112440528e-11
      1.070341938576e-08
      1.496072549762e-15
      2.180317902151e-07
      1.847038844527e-07
      2.223293090309e-10
      9.845646926873e-07
      2.036421375057e-08
      8.455139261867e-07
      5.465997672799e-09
      4.748726493181e-08
      8.738950498222e-09
      2.317235899693e-10
      9.895099937133e-13
      9.765386634748e-08
      1.510542930319e-12
      1.568660729780e-07
      7.847639895932e-12
      7.264445402160e-09
      1.268669760069e-12
      2.456493958145e-10
      5.455714992977e-07
      2.778135078489e-08
      1.266659920958e-11
      6.345132767743e-12
      3.485883910441e-07
      7.353862592162e-09
      8.324429453116e-09
      2.145542092505e-07
      8.536854317036e-07
      1.304048938484e-10
      1.487458511099e-07
      4.345999339947e-08
      1.822748313950e-10
      6.656974935813e-10
      5.722999322156e-08
      1.766096191531e-10
      2.756354377581e-08
      3.574105371972e-08
      7.986806090381e-07
      3.117449160083e-07
      3.620580645969e-10
      1.515889837798e-07
      2.036421375057e-08
      6.540956255630e-07
      8.836965285893e-08
      6.723018814942e-10
      4.201571626722e-09
      3.342230494171e-07
      4.693338039931e-07
      4.432076997450e-09
      7.080044798323e-11
      4.234643340673e-09
      1.730860796704e-11
      1.142299425651e-08
      3.089967822756e-07
      6.159074284136e-07
      5.923041400466e-09
      3.299019032070e-08
      1.269133950316e-09
      1.230869959672e-07
      1.375228270089e-10
      1.070636946759e-13
      2.857965851409e-07
      4.785537390037e-07
      9.905311892071e-08
      5.383552365529e-11
      6.879804246780e-10
      5.839505168472e-07
      2.897858070737e-08
      6.483644217576e-07
      7.400685299962e-07
      4.434227853666e-09
      7.002658447626e-09
      1.481470091909e-15
      1.376164105564e-10
      3.613828523908e-07
      8.575871719124e-12
      8.128604549198e-10
      7.069937819284e-08
      4.228351137173e-10
      2.810553120849e-11
      9.221310726192e-10
      6.677102508780e-07
      4.201571626722e-09
      2.539795005418e-08
      2.919582291049e-07
      5.466024574031e-07
      5.558470194081e-10
      5.665036086489e-07
      9.562183237219e-10
      5.185892756761e-08
      9.905311892071e-08
      7.840968364455e-07
      7.639256925342e-07
      1.907497791054e-08
      4.035850615814e-10
      1.718472700668e-07
      3.310667332756e-10
      4.375611869504e-13
      1.230612111206e-09
      1.496072549762e-15
      3.647092477954e-07
      2.706855262973e-08
      5.254692165398e-07
      1.048917593112e-11
      3.199663094241e-09
      3.952694186166e-07
      5.034995681079e-08
      2.490745229095e-07
      4.897401729355e-12
      1.388300397369e-11
      5.763388427426e-07
      1.805362939417e-10
      7.376328491137e-07
      2.656728266168e-07
      4.400030358242e-07
      6.483588614304e-08
      4.720318820422e-07
      2.895872007254e-08
      9.013803540690e-09
      3.737433061106e-08
      3.925372976119e-07
      1.895870408365e-10
      4.929304627269e-08
      4.642183312614e-10
      1.428952663458e-08
      5.858004984397e-07
      8.039179658217e-07
      7.280721938273e-07
      2.130651818977e-07
      1.177211823965e-08
      4.279189549322e-07
      5.947689954888e-10
      8.981526132222e-10
      4.153155960113e-07
      4.861119067988e-11
      3.453217375726e-12
      4.604503101277e-08
      9.221057402248e-10
      1.235820676204e-07
      3.620580645969e-10
      4.128289359448e-07
      3.917814151913e-09
      4.975556108766e-11
      7.190543620634e-09
      1.297846345435e-07
      9.116489697632e-08
      3.815920450558e-09
      3.196081473351e-07
      3.712935143656e-16
      7.017984146657e-16
      9.845646926873e-07
      2.307171009738e-07
      2.399345064537e-09
      2.165689962325e-09
      1.868467611153e-07
      5.635280686744e-09
      4.826016619783e-12
      1.617189414719e-09
      1.002129245081e-07
      1.692527442770e-07
      6.999692189455e-08
      2.933267979577e-11
      4.864953399487e-11
      2.302514964229e-10
      5.678975418776e-11
      1.300252994384e-08
      3.469280459139e-11
      1.900651181538e-11
      1.585051690432e-07
      1.095168028815e-07
      1.176303532970e-07
      9.439295678600e-10
      4.106682273778e-11
      3.001487177418e-10
      2.654735163447e-12
      2.470513435226e-10
      3.191841019566e-10
      2.418486083622e-10
      2.822982762151e-08
      6.137590442109e-07
      1.255607209929e-10
      8.088282735792e-08
      1.450367701295e-16
      1.804168601280e-13
      1.767186772570e-07
      7.043896970354e-07
      3.480552393910e-07
      2.874033752191e-08
      9.324400820040e-07
      2.606268182967e-07
      3.088584513199e-08
      1.117833652232e-07
      7.169229506298e-10
      1.167741520065e-08
      1.324244408093e-07
      2.208533252482e-11
      3.142550612541e-16
      5.420086187756e-07
      4.962795158729e-07
      5.253621349730e-08
      5.574151705831e-10
      9.317583768838e-16
      4.132709934538e-07
      1.140220896666e-07
      1.489785526062e-11
      2.063918094924e-09
      8.698051502946e-08
      8.422462862519e-07
      3.665639263797e-10
      1.039357510946e-07
      8.574079012710e-08
      6.398472133934e-11
      3.023873672033e-08
      2.917105887348e-07
      2.029228601420e-10
      1.971560606260e-09
      8.738950498222e-09
      2.966218007932e-07
      2.230258156531e-07
      2.029194080419e-11
      9.113472947502e-09
      3.248833170290e-09
      7.869664395039e-07
      1.081811847012e-11
      9.812173285053e-08
      1.049292843564e-07
      3.586516572897e-07
      9.424405090865e-09
      6.704163224784e-10
      2.269853635905e-07
      2.356722403780e-07
      2.620079587829e-08
      2.276395667851e-08
      2.005949809682e-16
      4.041369324456e-07
      4.897401729355e-12
      2.562248005618e-09
      2.871002286029e-08
      6.741700524854e-09
      2.076255084566e-08
      9.986031886112e-10
      3.668201417968e-09
      8.218600363019e-10
      2.054538881896e-10
      2.329759454040e-10
      3.458953242896e-07
      5.698457411688e-09
      2.482697965146e-07
      3.925313986420e-10
      4.186814089092e-09
      5.036001641588e-08
      2.263147873581e-08
      5.027773033882e-09
      1.754447997327e-09
      7.765322691145e-17
      2.279676039690e-07
      1.442223399710e-07
      4.314723498458e-12
      3.465206671865e-10
      1.459316386005e-08
      8.582698698167e-11
      5.152705367422e-08
      7.687258310584e-09
      4.926148567297e-07
      1.077605465234e-08
      1.347091282866e-08
      1.012701216148e-08
      1.611785098255e-09
      8.605683541267e-08
      1.218380320903e-07
      7.318086137452e-08
      8.187407852234e-07
      7.880435659705e-07
      1.355394550616e-11
      2.682778671744e-09
      4.190423035813e-11
      1.591748450142e-08
      7.587320009898e-07
      4.180405929056e-07
      2.521978224690e-07
      3.641427781751e-07
      5.185892756761e-08
      1.668479574497e-09
      2.541315929086e-07
      1.266683889628e-09
      6.206953407770e-08
      9.976350415679e-07
      1.021971700495e-09
      1.682107901721e-11
      4.187565667857e-09
      1.572638611483e-07
      3.729899446889e-08
      3.967083656819e-07
      4.150736381090e-10
      4.058814338845e-09
      9.659108888955e-07
      1.050029081032e-10
      1.214587308118e-13
      1.713815780672e-07
      1.122685446237e-07
      3.981908981847e-08
      1.489785526062e-11
      2.999145784801e-09
      1.218554351850e-07
      2.036157688727e-08
      4.765978835301e-07
      2.561159360856e-09
      5.903351639023e-09
      5.368572647425e-10
      4.029784985319e-09
      5.691269085189e-12
      8.455139261867e-07
      3.693854552871e-07
      9.122294995257e-09
      3.784418582778e-10
      3.185249774994e-07
      1.154213469463e-07
      2.688177603363e-08
      2.050052627553e-08
      2.668382439223e-07
      8.915085703909e-10
      4.962745493670e-13
      8.189970985143e-07
      1.511717415249e-09
      2.193211515431e-11
      4.973788570335e-09
      6.402201980099e-08
      6.193432848565e-09
      2.529738852095e-08
      9.013803540690e-09
      3.801107713685e-11
      6.210512379212e-11
      3.539771865401e-08
      4.137814500690e-07
      5.863255974547e-08
      8.352465984591e-09
      6.243761199045e-07
      3.527212202039e-08
      4.514490641409e-08
      5.947689954888e-10
      4.279189549322e-07
      2.217767267606e-07
      7.069937819284e-08
      4.148261536986e-10
      7.819733076066e-10
      1.147271999081e-10
      1.508876577079e-07
      3.363974702639e-07
      3.424181465719e-12
      9.823916079412e-08
      6.870961736528e-08
      2.281026776192e-11
      2.549149491644e-09
      4.174954099943e-11
      2.481889846638e-07
      1.348526296864e-08
      3.467954072369e-09
      1.387868411201e-11
      6.050298357675e-07
      5.686076614727e-10
      3.956170815504e-07
      4.050173224561e-07
      9.821308928419e-07
      3.824428079185e-08
      1.176734710859e-07
      1.063464564205e-08
      2.818000749128e-08
      7.115373643787e-07
      7.778680768570e-08
      3.056808910904e-11
      4.650075513028e-09
      8.149897056256e-10
      4.495150909421e-08
      7.322581272342e-07
      4.221032806849e-07
      9.599418268951e-11
      6.130841809762e-08
      1.355394550616e-11
      9.684314336327e-11
      6.457395779714e-09
      1.730956706570e-08
      1.270853712596e-10
      3.788723892921e-11
      9.664152907637e-09
      2.834737660032e-08
      3.841709480114e-11
      3.190771828214e-11
      8.140239502224e-11
      6.999692189455e-08
      8.747453838949e-07
      2.077071109075e-07
      1.458345909817e-07
      2.364310593092e-07
      8.695442057466e-07
      3.697182677119e-10
      9.567583243267e-08
      1.371843742088e-09
      1.750002888641e-11
      1.483129245451e-08
      1.937870108438e-09
      4.442452787923e-07
      1.387057597510e-11
      2.023300212828e-11
      1.120755345311e-13
      1.744276924024e-09
      5.001563601868e-07
      5.558413135694e-07
      4.124435424565e-10
      1.212762493852e-10
      8.098874409098e-10
      2.362357175356e-08
      3.001664360331e-08
      4.531142105050e-07
      5.742149572177e-10
      2.780167419918e-07
      8.321587342966e-07
      3.723299261547e-09
      5.827857565830e-08
      2.827880434462e-09
      2.100657968508e-09
      2.398416787947e-09
      4.830910443004e-08
      1.494246239773e-10
      5.687481333873e-08
      2.060567741638e-10
      3.106279987336e-08
      5.929900315923e-10
      6.367344337243e-13
      6.501837273997e-08
      3.801300676517e-09
      7.063564453309e-10
      1.089357324372e-07
      3.814745530627e-07
      9.715163692522e-08
      2.083381979735e-07
      1.508876577079e-07
      2.431824530299e-11
      2.696601969445e-07
      3.295620220726e-09
      1.457258122429e-08
      3.068001759634e-09
      2.882788309385e-09
      1.189905011245e-08
      5.045106589074e-10
      2.050267800013e-08
      2.963624105167e-10
      5.307863146136e-09
      1.324244408093e-07
      1.196102965889e-09
      3.590379238277e-11
      4.955113065040e-11
      5.928639064780e-16
      3.790602921971e-07
      3.487408531206e-07
      3.322413630439e-14
      1.915634341563e-07
      1.025224674931e-07
      4.224542158185e-07
      2.261128564682e-08
      6.067199965447e-07
      1.600024694564e-10
      5.947689954888e-10
      3.391579262540e-07
      7.717731015629e-07
      4.279189549322e-07
      6.785307510430e-10
      1.620882568001e-07
      1.913241142976e-09
      6.559620952972e-08
      3.423214362736e-08
      9.610765550946e-09
      5.297298489126e-10
      1.215116170154e-09
      2.306504944633e-08
      3.308054987228e-10
      1.871844009744e-08
      7.409907498986e-08
      5.847761836807e-11
      9.253128528816e-07
      8.170026999740e-07
      3.580385347801e-10
      6.571094296375e-07
      1.740754442337e-07
      4.017030392361e-08
      4.847442714258e-07
      2.579640215497e-08
      2.468279491737e-16
      3.546610590799e-07
      5.530458311032e-10
      8.708746253219e-11
      6.612924559768e-07
      1.580920919944e-08
      9.711437198488e-07
      2.605944870927e-12
      2.439899418498e-11
      1.769202323265e-07
      5.991311047845e-10
      9.588315586118e-10
      8.441587142081e-07
      3.547249065738e-09
      1.347091282866e-08
      1.546450069653e-10
      5.663889400745e-11
      9.009444054293e-08
      5.858004984397e-07
      2.475213832007e-07
      3.271676406666e-10
      2.334530782206e-08
      8.150991072602e-09
      9.542376527508e-07
      1.818210241976e-09
      2.362822982384e-10
      5.145003896269e-09
      2.040925365415e-07
      7.180577902522e-08
      5.315768774258e-07
      4.224542158185e-07
      4.940703874676e-09
      4.035078314112e-07
      9.126088240374e-07
      1.015403768702e-09
      2.377363784933e-07
      4.398503992319e-10
      1.155397310005e-08
      4.926866659717e-10
      1.734158714303e-07
      1.058813641744e-08
      1.902672922957e-07
      1.270853712596e-10
      1.163317738135e-08
      3.278856334776e-07
      2.810553120849e-11
      3.194495499736e-07
      9.435755437294e-07
      8.285440261747e-09
      3.293531056522e-07
      6.082876513995e-11
      2.976733783632e-16
      7.840968364455e-07
      7.609796369745e-07
      6.303866806673e-12
      8.064766146138e-12
      6.898686389113e-07
      2.142437659151e-08
      6.571967978323e-13
      1.193328436304e-07
      9.169516768601e-07
      6.000229103384e-08
      8.555939061263e-09
      1.842810698445e-10
      2.363643573316e-10
      6.742666268412e-07
      1.462486173332e-07
      2.013231250966e-12
      3.393149097803e-09
      1.720494654971e-08
      2.072275467057e-07
      4.759661169281e-08
      3.519647620428e-09
      3.070605514283e-08
      3.465206671865e-10
      2.721444966699e-11
      1.976268664016e-07
      9.367295442063e-08
      3.199663094241e-09
      9.398885866624e-11
      7.125115415780e-07
      1.950856853155e-07
      4.115268474473e-07
      8.490886847634e-09
      9.850421856210e-14
      1.122685446237e-07
      1.103164640165e-13
      8.826581794464e-07
      1.498832932898e-10
      1.203469533743e-11
      3.444050745152e-10
      2.505167191545e-08
      3.839181065900e-10
      3.636153724284e-07
      6.718020369042e-09
      1.878536720315e-10
      4.019359226096e-07
      2.349015084083e-09
      2.758945789856e-10
      6.414635411920e-08
      9.558094835291e-07
      4.206856138612e-11
      6.130841809762e-08
      1.893139685893e-07
      2.092197940346e-07
      4.222850951651e-08
      1.292494789792e-08
      7.418771613225e-08
      9.089716004549e-08
      7.399793142230e-09
      9.774158077279e-14
      1.167744774030e-08
      2.831431592295e-10
      9.659322331373e-07
      3.907396586219e-10
      6.729878628239e-14
      5.566608812485e-11
      9.607000843457e-16
      1.971560606260e-09
      1.268179375455e-07
      3.607093948004e-16
      1.128995121724e-12
      8.663562941610e-08
      7.349503757795e-08
      6.019761425219e-07
      1.298633225688e-07
      5.001273314311e-08
      1.147271999081e-10
      3.781948243425e-10
      1.189931905267e-11
      7.467575512172e-12
      7.173319158052e-14
      7.369354011573e-08
      1.171605671242e-10
      8.139683551320e-11
      1.140220896666e-07
      2.072409992098e-15
      2.066062418991e-07
      4.223196825755e-09
      1.319547980514e-09
      1.260363761519e-12
      3.512468804076e-08
      1.950856853155e-07
      7.277518239380e-07
      7.734982647297e-07
      2.217784351445e-11
      5.725044394930e-07
      7.460519151721e-07
      2.964913710251e-09
      1.277374158659e-07
      7.082968022318e-08
      1.682107901721e-11
      6.398472133934e-11
      6.723018814942e-10
      6.233281539625e-10
      8.412674789042e-10
      4.183291128119e-07
      8.549944502535e-07
      4.159797612230e-07
      5.980694839586e-10
      3.409045379204e-11
      2.872099481717e-07
      1.108354908588e-08
      1.190642084825e-07
      1.610907290415e-08
      6.831700586595e-07
      3.310667332756e-10
      5.254692165398e-07
      2.888101800644e-08
      1.403370553479e-07
      3.728603565132e-08
      1.572587115411e-10
      5.013952576246e-10
      2.523003250774e-07
      3.462047107796e-07
      2.740858661821e-08
      2.844982952262e-07
      1.924630928575e-09
      5.871554891097e-07
      3.236243323664e-16
      4.825329220862e-08
      9.324400820040e-07
      1.734158714303e-07
      3.596082263388e-08
      8.779320937008e-07
      2.293701044667e-08
      2.669611086890e-09
      1.636699151089e-09
      1.905373320749e-10
      4.976862815866e-12
      5.792511242437e-13
      1.513361948561e-14
      1.761382759836e-15
      3.831804166073e-16
      3.115224218665e-07
      1.022049798114e-07
      2.669611086890e-09
      3.107128130098e-10
      1.905373320749e-10
      2.217640651714e-11
      5.792511242437e-13
      6.743385054375e-14
      1.761382759836e-15
      2.050525364690e-16
      4.459792303421e-17
      3.953366681393e-08
      2.188130260606e-10
      1.269529444460e-10
      1.477588981239e-11
      8.578005520463e-12
      9.983836353709e-13
      2.608392976986e-14
      3.035877821623e-15
      7.931588998601e-17
      9.231479759995e-18
      2.008264487605e-18
      1.165173222941e-18
      3.991562792100e-08
      4.645730108761e-09
      1.176290699482e-10
      1.412671121455e-11
      8.660880570419e-12
      1.008261473703e-12
      2.633594353254e-14
      3.065209644842e-15
      8.008221574222e-17
      9.320671971320e-18
      2.027666374633e-18
      4.997532521905e-13
      4.584469314258e-13
      6.771391191890e-15
      3.928688242992e-15
      1.714504108964e-16
      9.947369004637e-17
      5.213455569131e-19
      3.024789585322e-19
      1.584939778766e-21
      9.195642736956e-22
      4.671802401372e-24
      2.328320528191e-23
      1.220281977557e-25
      5.045817741315e-13
      5.872768525446e-14
      1.534329163429e-15
      8.041480004631e-18
      1.094839655004e-16
      5.738099153900e-19
      3.329182915732e-19
      1.744837198815e-21
      1.012335645928e-21
      9.813172630292e-22
      2.563216292986e-23
      2.983607129474e-24
      1.425166322214e-12
      1.307220268317e-12
      1.930868434491e-14
      1.120279087959e-14
      4.889040602015e-16
      2.836594024864e-16
      1.486581402173e-18
      8.625062272623e-19
      4.520159267043e-21
      2.622571210406e-21
      1.332196427396e-23
      6.640461100707e-23
      3.480084272501e-25
      4.738944336115e-24
      1.674939022088e-13
      4.375427494175e-15
      2.293041805882e-17
      3.122509994766e-16
      1.636422098214e-18
      9.494429815958e-19
      4.975771253772e-21
      2.886914603154e-21
      2.798229956373e-21
      7.309790025662e-23
      8.508411383550e-24
      7.754983168136e-10
      4.064174765065e-12
      3.727825635834e-12
      5.506294922834e-14
      3.194721824534e-14
      1.394217279606e-15
      8.089170633131e-16
      4.239313187171e-18
      2.459625943287e-18
      1.289022623099e-20
      7.478837830762e-21
      3.799050561461e-23
      1.893673384005e-22
      9.924223935249e-25
      1.351414046160e-23
      1.247749145109e-14
      6.539112411757e-17
      8.904522923711e-16
      4.666617021987e-18
      2.707544889737e-18
      1.418950341296e-20
      8.232670776913e-21
      7.979767033767e-21
      2.084547092530e-22
      2.426360210392e-23
      6.338358230283e-25
      1.962102335464e-08
      1.301795894836e-10
      1.116845199164e-08
      5.853429368023e-11
      3.396095023205e-11
      1.779907647587e-13
      2.283667144261e-09
      1.515145277209e-11
      1.299882274567e-09
      6.812734954052e-12
      3.952674792500e-12
      2.071612698386e-14
      1.028108532239e-10
      6.821191302596e-13
      5.853429368023e-11
      3.067804727733e-13
      1.779907647587e-13
      8.155732647555e-14
      4.274450480142e-16
      1.314374020615e-10
      6.888684550073e-13
      5.909978605617e-11
      3.097445827456e-13
      1.797103273089e-13
      9.416524523477e-16
      2.886830413398e-14
      4.254382971628e-15
      1.643586192791e-14
      8.612120155648e-17
      4.996660096553e-17
      2.618767876201e-19
      1.372506901450e-21
      7.963134215512e-22
      3.690636149367e-14
      1.933831116234e-16
      8.697328950329e-17
      8.697328950329e-17
      4.557253642846e-19
      2.644069452701e-19
      1.385783624294e-21
      8.232831845388e-14
      1.213182337801e-14
      4.686669273066e-14
      2.456155165500e-16
      1.425047595449e-16
      7.468284768702e-19
      3.913923835069e-21
      2.270836850611e-21
      1.190083481006e-23
      5.515233445686e-16
      6.419592713740e-17
      2.479965885119e-16
      1.299682309562e-18
      7.540683860208e-19
      3.951866370557e-21
      2.017030640855e-12
      2.347772871615e-13
      3.459655709603e-14
      1.336506587021e-13
      7.004265807491e-16
      4.063835962924e-16
      2.129745306180e-18
      1.116141284394e-20
      6.475789508684e-21
      3.393784278884e-23
      1.830687784206e-16
      7.072166824343e-16
      3.706329309902e-18
      2.150391545864e-18
      1.126961437476e-20
      6.538567798407e-21
      1.976299926154e-25
      1.976299926154e-25
