280   1.418e-10
285   1.418e-10
290   5.557e-09
295   5.845e-07
300   1.009e-05
305   4.886e-05
310   1.288e-04
315   2.091e-04
320   2.836e-04
325   4.258e-04
330   4.799e-04
335   4.649e-04
340   5.133e-04
345   5.035e-04
350   5.707e-04
355   5.275e-04
360   5.871e-04
365   7.015e-04
370   6.661e-04
375   7.122e-04
380   5.959e-04
385   6.380e-04
390   6.778e-04
395   7.767e-04
400   1.143e-03
405   9.520e-04
410   1.036e-03
415   1.067e-03
420   1.098e-03
425   1.068e-03
430   1.037e-03
435   1.139e-03
440   1.241e-03
445   1.316e-03
450   1.391e-03
455   1.415e-03
460   1.439e-03
465   1.430e-03
470   1.421e-03
475   1.442e-03
480   1.464e-03
485   1.421e-03
490   1.378e-03
495   1.383e-03
500   1.388e-03
505   1.394e-03
510   1.399e-03
515   1.365e-03
520   1.331e-03
525   1.344e-03
530   1.357e-03
535   1.353e-03
540   1.350e-03
545   1.345e-03
550   1.339e-03
555   1.316e-03
560   1.294e-03
565   1.271e-03
570   1.249e-03
575   1.242e-03
580   1.235e-03
585   1.228e-03
590   1.221e-03
595   1.217e-03
600   1.219e-03
605   1.220e-03
610   1.222e-03
615   1.232e-03
620   1.242e-03
625   1.252e-03
630   1.262e-03
635   1.258e-03
640   1.254e-03
645   1.249e-03
650   1.245e-03
655   1.241e-03
660   1.257e-03
665   1.278e-03
670   1.269e-03
675   1.228e-03
680   1.187e-03
685   1.146e-03
690   1.105e-03
695   1.149e-03
700   1.192e-03
705   1.236e-03
710   1.280e-03
715   1.207e-03
720   1.159e-03
725   1.153e-03
730   1.173e-03
735   1.192e-03
740   1.212e-03
745   1.210e-03
750   1.208e-03
755   1.199e-03
760   8.571e-04
765   7.323e-04
770   9.827e-04
775   1.068e-03
780   1.154e-03
785   1.145e-03
790   1.136e-03
795   1.127e-03
800   1.119e-03
805   1.078e-03
810   1.038e-03
815   9.970e-04
820   9.645e-04
825   9.488e-04
830   9.758e-04
835   9.874e-04
840   9.925e-04
845   9.930e-04
850   9.936e-04
855   9.942e-04
860   9.948e-04
865   9.827e-04
870   9.707e-04
875   9.587e-04
880   9.466e-04
885   9.056e-04
890   8.645e-04
895   8.235e-04
900   7.824e-04
905   7.414e-04
910   7.435e-04
915   7.456e-04
920   7.297e-04
925   7.137e-04
930   5.604e-04
935   4.841e-04
940   4.574e-04
945   4.636e-04
950   4.921e-04
955   5.537e-04
960   6.154e-04
965   6.770e-04
970   6.909e-04
975   7.048e-04
980   7.187e-04
985   7.335e-04
990   7.482e-04
995   7.568e-04
1000   7.508e-04
1005   7.449e-04
1010   7.389e-04
1015   7.330e-04
1020   7.270e-04
1025   7.211e-04
1030   7.151e-04
1035   7.092e-04
1040   7.033e-04
1045   6.955e-04
1050   6.876e-04
1055   6.798e-04
1060   6.720e-04
1065   6.642e-04
1070   6.564e-04
1075   6.388e-04
1080   6.211e-04
1085   6.034e-04
1090   5.857e-04
1095   5.681e-04
1100   5.504e-04
1105   4.746e-04
1110   3.988e-04
1115   3.231e-04
1120   2.473e-04
1125   2.726e-04
1130   2.980e-04
1135   2.945e-04
1140   2.910e-04
1145   2.875e-04
1150   3.367e-04
1155   3.860e-04
1160   4.353e-04
1165   4.562e-04
1170   4.700e-04
1175   4.703e-04
1180   4.706e-04
1185   4.709e-04
1190   4.711e-04
1195   4.714e-04
1200   4.717e-04
1205   4.703e-04
1210   4.689e-04
1215   4.676e-04
1220   4.662e-04
1225   4.648e-04
1230   4.635e-04
1235   4.621e-04
1240   4.607e-04
1245   4.471e-04
1250   4.334e-04
1255   4.197e-04
1260   4.061e-04
1265   3.924e-04
1270   3.788e-04
1275   3.919e-04
1280   4.051e-04
1285   4.183e-04
1290   4.315e-04
1295   4.223e-04
1300   4.132e-04
1305   4.040e-04
1310   3.948e-04
1315   3.856e-04
1320   3.765e-04
1325   3.340e-04
1330   2.915e-04
1335   2.491e-04
1340   2.066e-04
1345   1.642e-04
1350   1.217e-04
1355   1.104e-04
1360   9.912e-05
1365   8.783e-05
1370   7.653e-05
1375   6.523e-05
1380   5.394e-05
1385   4.264e-05
1390   3.135e-05
1395   2.005e-05
1400   2.849e-05
1405   3.692e-05
1410   4.536e-05
1415   5.380e-05
1420   6.223e-05
1425   7.067e-05
1430   7.910e-05
1435   8.754e-05
1440   9.598e-05
1445   1.071e-04
1450   1.209e-04
1455   1.347e-04
1460   1.485e-04
1465   1.548e-04
1470   1.537e-04
1475   1.526e-04
1480   1.657e-04
1485   1.882e-04
1490   2.108e-04
1495   2.333e-04
1500   2.498e-04
1505   2.624e-04
1510   2.749e-04
1515   2.874e-04
1520   3.000e-04
1525   2.956e-04
1530   2.912e-04
1535   2.868e-04
1540   2.817e-04
1545   2.736e-04
1550   2.655e-04
1555   2.574e-04
1560   2.528e-04
1565   2.535e-04
1570   2.542e-04
1575   2.549e-04
1580   2.531e-04
1585   2.473e-04
1590   2.416e-04
1595   2.372e-04
1600   2.337e-04
1605   2.302e-04
1610   2.267e-04
1615   2.336e-04
1620   2.404e-04
1625   2.473e-04
1630   2.541e-04
1635   2.510e-04
1640   2.479e-04
1645   2.448e-04
1650   2.424e-04
1655   2.401e-04
1660   2.379e-04
1665   2.356e-04
1670   2.334e-04
1675   2.311e-04
1680   2.284e-04
1685   2.250e-04
1690   2.216e-04
1695   2.182e-04
1700   2.148e-04
1705   2.114e-04
1710   2.080e-04
1715   2.045e-04
1720   2.011e-04
1725   1.977e-04
1730   1.943e-04
1735   1.909e-04
1740   1.875e-04
1745   1.776e-04
1750   1.678e-04
1755   1.580e-04
1760   1.481e-04
1765   1.383e-04
1770   1.285e-04
1775   1.186e-04
1780   1.088e-04
1785   9.897e-05
1790   8.913e-05
1795   7.930e-05
1800   6.946e-05
1805   6.435e-05
1810   5.925e-05
1815   5.414e-05
1820   4.903e-05
1825   4.392e-05
1830   3.881e-05
1835   3.370e-05
1840   2.859e-05
1845   2.348e-05
1850   1.837e-05
1855   1.326e-05
1860   8.156e-06
1865   9.084e-06
1870   1.001e-05
1875   1.094e-05
1880   1.187e-05
1885   1.280e-05
1890   1.372e-05
1895   1.465e-05
1900   1.558e-05
1905   1.651e-05
1910   1.744e-05
1915   1.836e-05
1920   1.929e-05
1925   1.997e-05
1930   2.064e-05
1935   2.132e-05
1940   2.200e-05
1945   2.267e-05
1950   2.335e-05
1955   2.402e-05
1960   2.470e-05
1965   3.925e-05
1970   5.379e-05
1975   6.834e-05
1980   8.289e-05
1985   9.743e-05
1990   7.668e-05
1995   5.592e-05
2000   3.517e-05
2005   1.441e-05
2010   2.788e-05
2015   4.135e-05
2020   5.481e-05
2025   6.828e-05
2030   8.174e-05
2035   9.521e-05
2040   9.072e-05
2045   8.622e-05
2050   8.173e-05
2055   7.724e-05
2060   7.274e-05
2065   6.825e-05
2070   7.089e-05
2075   7.354e-05
2080   7.618e-05
2085   7.882e-05
2090   8.146e-05
2095   8.410e-05
2100   8.675e-05
2105   8.649e-05
2110   8.623e-05
2115   8.597e-05
2120   8.571e-05
2125   8.545e-05
2130   8.519e-05
2135   8.493e-05
2140   8.468e-05
2145   8.442e-05
2150   8.394e-05
2155   8.313e-05
2160   8.232e-05
2165   8.151e-05
2170   8.069e-05
2175   7.988e-05
2180   7.907e-05
2185   7.826e-05
2190   7.745e-05
2195   7.664e-05
2200   7.595e-05
2205   7.545e-05
2210   7.495e-05
2215   7.444e-05
2220   7.394e-05
2225   7.344e-05
2230   7.293e-05
2235   7.243e-05
2240   7.193e-05
2245   7.143e-05
2250   7.092e-05
2255   7.042e-05
2260   6.992e-05
2265   6.941e-05
2270   6.891e-05
2275   6.834e-05
2280   6.777e-05
2285   6.720e-05
2290   6.662e-05
2295   6.605e-05
2300   6.548e-05
2305   6.491e-05
2310   6.434e-05
2315   6.377e-05
2320   6.320e-05
2325   6.262e-05
2330   6.205e-05
2335   6.148e-05
2340   6.091e-05
2345   6.034e-05
2350   5.977e-05
2355   5.920e-05
2360   5.863e-05
2365   5.677e-05
2370   5.492e-05
2375   5.307e-05
2380   5.122e-05
2385   4.937e-05
2390   4.751e-05
2395   4.566e-05
2400   4.381e-05
2405   4.196e-05
2410   4.011e-05
2415   3.825e-05
2420   3.640e-05
2425   3.455e-05
2430   3.270e-05
2435   3.085e-05
2440   2.900e-05
2445   2.714e-05
2450   2.529e-05
2455   2.387e-05
2460   2.245e-05
2465   2.102e-05
2470   1.960e-05
2475   1.818e-05
2480   1.675e-05
2485   1.533e-05
2490   1.391e-05
2495   1.248e-05
2500   1.106e-05
2505   1.051e-05
2510   9.954e-06
2515   9.401e-06
2520   8.848e-06
2525   8.295e-06
2530   7.742e-06
2535   7.189e-06
2540   6.636e-06
2545   6.083e-06
2550   5.530e-06
2555   4.977e-06
2560   4.424e-06
2565   3.871e-06
2570   3.318e-06
2575   2.765e-06
2580   2.212e-06
2585   1.659e-06
2590   1.106e-06
2595   5.530e-07
2600   0.000e+00
2605   0.000e+00
2610   0.000e+00
2615   0.000e+00
2620   0.000e+00
2625   0.000e+00
2630   0.000e+00
2635   0.000e+00
2640   0.000e+00
2645   0.000e+00
2650   0.000e+00
2655   0.000e+00
2660   0.000e+00
2665   0.000e+00
2670   0.000e+00
2675   0.000e+00
2680   0.000e+00
2685   0.000e+00
2690   0.000e+00
2695   0.000e+00
2700   0.000e+00
2705   0.000e+00
2710   0.000e+00
2715   0.000e+00
2720   0.000e+00
2725   0.000e+00
2730   0.000e+00
2735   0.000e+00
2740   0.000e+00
2745   0.000e+00
2750   0.000e+00
2755   0.000e+00
2760   0.000e+00
2765   0.000e+00
2770   0.000e+00
2775   0.000e+00
2780   0.000e+00
2785   0.000e+00
2790   0.000e+00
2795   0.000e+00
2800   0.000e+00
2805   1.316e-07
2810   2.632e-07
2815   3.948e-07
2820   5.264e-07
2825   6.580e-07
2830   7.896e-07
2835   9.212e-07
2840   1.053e-06
2845   1.184e-06
2850   1.316e-06
2855   1.448e-06
2860   1.579e-06
2865   1.711e-06
2870   1.842e-06
2875   1.974e-06
2880   2.106e-06
2885   2.237e-06
2890   2.369e-06
2895   2.500e-06
2900   2.632e-06
2905   2.839e-06
2910   3.045e-06
2915   3.252e-06
2920   3.459e-06
2925   3.665e-06
2930   3.872e-06
2935   4.079e-06
2940   4.286e-06
2945   4.492e-06
2950   4.699e-06
2955   4.906e-06
2960   5.112e-06
2965   5.319e-06
2970   5.526e-06
2975   5.733e-06
2980   5.939e-06
2985   6.146e-06
2990   6.353e-06
2995   6.559e-06
3000   6.766e-06
3005   6.746e-06
3010   6.725e-06
3015   6.705e-06
3020   6.684e-06
3025   6.664e-06
3030   6.643e-06
3035   6.623e-06
3040   6.602e-06
3045   6.582e-06
3050   6.561e-06
3055   6.541e-06
3060   6.521e-06
3065   6.500e-06
3070   6.480e-06
3075   6.459e-06
3080   6.439e-06
3085   6.418e-06
3090   6.398e-06
3095   6.377e-06
3100   6.357e-06
3105   6.368e-06
3110   6.379e-06
3115   6.390e-06
3120   6.401e-06
3125   6.412e-06
3130   6.423e-06
3135   6.434e-06
3140   6.445e-06
3145   6.456e-06
3150   6.468e-06
3155   6.479e-06
3160   6.490e-06
3165   6.501e-06
3170   6.512e-06
3175   6.523e-06
3180   6.534e-06
3185   6.545e-06
3190   6.556e-06
3195   6.567e-06
3200   6.578e-06
3205   6.470e-06
3210   6.361e-06
3215   6.252e-06
3220   6.143e-06
3225   6.034e-06
3230   5.926e-06
3235   5.817e-06
3240   5.708e-06
3245   5.599e-06
3250   5.490e-06
3255   5.382e-06
3260   5.273e-06
3265   5.164e-06
3270   5.055e-06
3275   4.947e-06
3280   4.838e-06
3285   4.729e-06
3290   4.620e-06
3295   4.511e-06
3300   4.403e-06
3305   4.571e-06
3310   4.740e-06
3315   4.908e-06
3320   5.077e-06
3325   5.245e-06
3330   5.414e-06
3335   5.583e-06
3340   5.751e-06
3345   5.920e-06
3350   6.088e-06
3355   6.257e-06
3360   6.426e-06
3365   6.594e-06
3370   6.763e-06
3375   6.931e-06
3380   7.100e-06
3385   7.268e-06
3390   7.437e-06
3395   7.606e-06
3400   7.774e-06
3405   7.989e-06
3410   8.203e-06
3415   8.418e-06
3420   8.632e-06
3425   8.846e-06
3430   9.061e-06
3435   9.275e-06
3440   9.490e-06
3445   9.704e-06
3450   9.919e-06
3455   1.013e-05
3460   1.035e-05
3465   1.056e-05
3470   1.078e-05
3475   1.099e-05
3480   1.121e-05
3485   1.142e-05
3490   1.163e-05
3495   1.185e-05
3500   1.206e-05
3505   1.204e-05
3510   1.202e-05
3515   1.201e-05
3520   1.199e-05
3525   1.197e-05
3530   1.195e-05
3535   1.193e-05
3540   1.191e-05
3545   1.189e-05
3550   1.187e-05
3555   1.185e-05
3560   1.183e-05
3565   1.182e-05
3570   1.180e-05
3575   1.178e-05
3580   1.176e-05
3585   1.174e-05
3590   1.172e-05
3595   1.170e-05
3600   1.168e-05
3605   1.164e-05
3610   1.161e-05
3615   1.157e-05
3620   1.153e-05
3625   1.149e-05
3630   1.146e-05
3635   1.142e-05
3640   1.138e-05
3645   1.134e-05
3650   1.131e-05
3655   1.127e-05
3660   1.123e-05
3665   1.119e-05
3670   1.115e-05
3675   1.112e-05
3680   1.108e-05
3685   1.104e-05
3690   1.100e-05
3695   1.097e-05
3700   1.093e-05
3705   1.089e-05
3710   1.085e-05
3715   1.081e-05
3720   1.077e-05
3725   1.073e-05
3730   1.069e-05
3735   1.065e-05
3740   1.061e-05
3745   1.057e-05
3750   1.053e-05
3755   1.049e-05
3760   1.045e-05
3765   1.041e-05
3770   1.037e-05
3775   1.033e-05
3780   1.029e-05
3785   1.025e-05
3790   1.020e-05
3795   1.016e-05
3800   1.012e-05
3805   1.003e-05
3810   9.934e-06
3815   9.839e-06
3820   9.743e-06
3825   9.648e-06
3830   9.553e-06
3835   9.458e-06
3840   9.362e-06
3845   9.267e-06
3850   9.172e-06
3855   9.077e-06
3860   8.982e-06
3865   8.886e-06
3870   8.791e-06
3875   8.696e-06
3880   8.601e-06
3885   8.505e-06
3890   8.410e-06
3895   8.315e-06
3900   8.220e-06
3905   8.246e-06
3910   8.273e-06
3915   8.300e-06
3920   8.327e-06
3925   8.353e-06
3930   8.380e-06
3935   8.407e-06
3940   8.434e-06
3945   8.461e-06
3950   8.487e-06
3955   8.514e-06
3960   8.541e-06
3965   8.568e-06
3970   8.595e-06
3975   8.621e-06
3980   8.648e-06
3985   8.675e-06
3990   8.702e-06
3995   8.728e-06
4000   7.000e-06
4005   7.000e-06
4010   7.000e-06
4015   7.000e-06
4020   7.000e-06
4025   7.000e-06
4030   7.000e-06
4035   7.000e-06
4040   7.000e-06
4045   7.000e-06
4050   7.000e-06
4055   7.000e-06
4060   7.000e-06
4065   7.000e-06
4070   7.000e-06
4075   7.000e-06
4080   7.000e-06
4085   7.000e-06
4090   7.000e-06
4095   7.000e-06
4100   7.000e-06
4105   7.000e-06
4110   7.000e-06
4115   7.000e-06
4120   7.000e-06
4125   7.000e-06
4130   7.000e-06
4135   7.000e-06
4140   7.000e-06
4145   7.000e-06
4150   7.000e-06
4155   7.000e-06
4160   7.000e-06
4165   7.000e-06
4170   7.000e-06
4175   7.000e-06
4180   7.000e-06
4185   7.000e-06
4190   7.000e-06
4195   7.000e-06
4200   7.000e-06
4205   7.000e-06
4210   7.000e-06
4215   7.000e-06
4220   7.000e-06
4225   7.000e-06
4230   7.000e-06
4235   7.000e-06
4240   7.000e-06
4245   7.000e-06
4250   7.000e-06
4255   7.000e-06
4260   7.000e-06
4265   7.000e-06
4270   7.000e-06
4275   7.000e-06
4280   7.000e-06
4285   7.000e-06
4290   7.000e-06
4295   7.000e-06
4300   7.000e-06
4305   7.000e-06
4310   7.000e-06
4315   7.000e-06
4320   7.000e-06
4325   7.000e-06
4330   7.000e-06
4335   7.000e-06
4340   7.000e-06
4345   7.000e-06
4350   7.000e-06
4355   7.000e-06
4360   7.000e-06
4365   7.000e-06
4370   7.000e-06
4375   7.000e-06
4380   7.000e-06
4385   7.000e-06
4390   7.000e-06
4395   7.000e-06
4400   7.000e-06
4405   7.000e-06
4410   7.000e-06
4415   7.000e-06
4420   7.000e-06
4425   7.000e-06
4430   7.000e-06
4435   7.000e-06
4440   7.000e-06
4445   7.000e-06
4450   7.000e-06
4455   7.000e-06
4460   7.000e-06
4465   7.000e-06
4470   7.000e-06
4475   7.000e-06
4480   7.000e-06
4485   7.000e-06
4490   7.000e-06
4495   7.000e-06
4500   7.000e-06
4505   7.000e-06
4510   7.000e-06
4515   7.000e-06
4520   7.000e-06
4525   7.000e-06
4530   7.000e-06
4535   7.000e-06
4540   7.000e-06
4545   7.000e-06
4550   7.000e-06
4555   7.000e-06
4560   7.000e-06
4565   7.000e-06
4570   7.000e-06
4575   7.000e-06
4580   7.000e-06
4585   7.000e-06
4590   7.000e-06
4595   7.000e-06
4600   7.000e-06
4605   7.000e-06
4610   7.000e-06
4615   7.000e-06
4620   7.000e-06
4625   7.000e-06
4630   7.000e-06
4635   7.000e-06
4640   7.000e-06
4645   7.000e-06
4650   7.000e-06
4655   7.000e-06
4660   7.000e-06
4665   7.000e-06
4670   7.000e-06
4675   7.000e-06
4680   7.000e-06
4685   7.000e-06
4690   7.000e-06
4695   7.000e-06
4700   7.000e-06
4705   7.000e-06
4710   7.000e-06
4715   7.000e-06
4720   7.000e-06
4725   7.000e-06
4730   7.000e-06
4735   7.000e-06
4740   7.000e-06
4745   7.000e-06
4750   7.000e-06
4755   7.000e-06
4760   7.000e-06
4765   7.000e-06
4770   7.000e-06
4775   7.000e-06
4780   7.000e-06
4785   7.000e-06
4790   7.000e-06
4795   7.000e-06
4800   7.000e-06
4805   7.000e-06
4810   7.000e-06
4815   7.000e-06
4820   7.000e-06
4825   7.000e-06
4830   7.000e-06
4835   7.000e-06
4840   7.000e-06
4845   7.000e-06
4850   7.000e-06
4855   7.000e-06
4860   7.000e-06
4865   7.000e-06
4870   7.000e-06
4875   7.000e-06
4880   7.000e-06
4885   7.000e-06
4890   7.000e-06
4895   7.000e-06
4900   7.000e-06
4905   7.000e-06
4910   7.000e-06
4915   7.000e-06
4920   7.000e-06
4925   7.000e-06
4930   7.000e-06
4935   7.000e-06
4940   7.000e-06
4945   7.000e-06
4950   7.000e-06
4955   7.000e-06
4960   7.000e-06
4965   7.000e-06
4970   7.000e-06
4975   7.000e-06
4980   7.000e-06
4985   7.000e-06
4990   7.000e-06
4995   7.000e-06
