2.5e-10
2.5e-10
9.8e-09
1.0307e-06
1.779085e-05
8.616705e-05
0.0002270737
0.0003687651
0.0005000847
0.0007508628
0.0008462869
0.0008197554
0.0009051466
0.0008879346
0.0010064121
0.0009302066
0.00103526225
0.00123707975
0.0011746082
0.00125585245
0.0010509136
0.00112506795
0.0011952537
0.0013697371
0.0020150091
0.0019561494
0.00202834175
0.00206423725
0.0020406042
0.001958156
0.00182170845
0.00211083455
0.00228188445
0.00238060825
0.00249819395
0.0025064432
0.00254746665
0.00248370195
0.00248414785
0.002550588
0.0025822474
0.0023233984
0.00247563105
0.00250287595
0.0023847998
0.002461362
0.00242136415
0.00221771845
0.0023669189
0.00233980775
0.0023757479
0.00237735315
0.0023032434
0.00232839255
0.0023267873
0.00228001165
0.0022740811
0.00224634565
0.0022362236
0.0022064816
0.0022064816
0.0022064816
0.0022064816
0.0022064816
0.0022064816
0.0022064816
0.0022064816
0.0022064816
0.0022064816
0.0022064816
0.0022064816
0.0022064816
0.0022064816
0.0022064816
0.0022064816
0.0022064816
0.0022064816
0.0022064816
0.0022064816
0.0022064816
0.0022064816
0.0022064816
0.0022064816
0.0022064816
