      1.030000000000e+02      1.517314173609e+00      8.655100844525e-02      3.341599881054e-01      4.492212986621e-01      8.341478840007e-01      4.306327812008e-01      3.099364512834e-02      1.624014242659e-02      1.010194675389e-01      7.604764803478e-02      5.880589604618e-02      2.933304632644e-02      1.417356405314e-02      8.939208705036e-02
      1.030069444444e+02      1.546169004497e+00      8.692381043598e-02      3.370846210272e-01      4.522974666829e-01      8.393508414906e-01      4.348654309974e-01      3.082126697030e-02      1.640627148849e-02      1.019939158133e-01      7.615454785363e-02      5.873341648830e-02      2.919714968514e-02      1.458807870431e-02      8.912828415878e-02
      1.030138888889e+02      1.575023835384e+00      8.729661242671e-02      3.400092539490e-01      4.553736347036e-01      8.445537989806e-01      4.390980807940e-01      3.064888881227e-02      1.657240055040e-02      1.029683640876e-01      7.626144767248e-02      5.866093693042e-02      2.906125304385e-02      1.500259335548e-02      8.886448126720e-02
      1.030208333333e+02      1.603878666271e+00      8.766941441744e-02      3.429338868709e-01      4.584498027244e-01      8.497567564706e-01      4.433307305906e-01      3.047651065423e-02      1.673852961230e-02      1.039428123620e-01      7.636834749133e-02      5.858845737255e-02      2.892535640255e-02      1.541710800665e-02      8.860067837562e-02
      1.030277777778e+02      1.632733497159e+00      8.804221640817e-02      3.458585197927e-01      4.615259707452e-01      8.549597139605e-01      4.475633803871e-01      3.030413249620e-02      1.690465867421e-02      1.049172606363e-01      7.647524731018e-02      5.851597781467e-02      2.878945976126e-02      1.583162265783e-02      8.833687548404e-02
      1.030347222222e+02      1.661588328046e+00      8.841501839890e-02      3.487831527145e-01      4.646021387660e-01      8.601626714505e-01      4.517960301837e-01      3.013175433816e-02      1.707078773612e-02      1.058917089107e-01      7.658214712903e-02      5.844349825679e-02      2.865356311996e-02      1.624613730900e-02      8.807307259246e-02
      1.030416666667e+02      1.690443158934e+00      8.878782038964e-02      3.517077856364e-01      4.676783067868e-01      8.653656289404e-01      4.560286799803e-01      2.995937618013e-02      1.723691679802e-02      1.068661571850e-01      7.668904694788e-02      5.837101869891e-02      2.851766647866e-02      1.666065196017e-02      8.780926970088e-02
      1.030486111111e+02      1.719297989821e+00      8.916062238037e-02      3.546324185582e-01      4.707544748075e-01      8.705685864304e-01      4.602613297769e-01      2.978699802209e-02      1.740304585993e-02      1.078406054594e-01      7.679594676673e-02      5.829853914103e-02      2.838176983737e-02      1.707516661134e-02      8.754546680930e-02
      1.030555555556e+02      1.748152820709e+00      8.953342437110e-02      3.575570514800e-01      4.738306428283e-01      8.757715439204e-01      4.644939795734e-01      2.961461986406e-02      1.756917492183e-02      1.088150537338e-01      7.690284658557e-02      5.822605958315e-02      2.824587319607e-02      1.748968126251e-02      8.728166391772e-02
      1.030625000000e+02      1.777007651596e+00      8.990622636183e-02      3.604816844018e-01      4.769068108491e-01      8.809745014103e-01      4.687266293700e-01      2.944224170602e-02      1.773530398374e-02      1.097895020081e-01      7.700974640442e-02      5.815358002528e-02      2.810997655477e-02      1.790419591368e-02      8.701786102614e-02
      1.030694444444e+02      1.805862482483e+00      9.027902835256e-02      3.634063173237e-01      4.799829788699e-01      8.861774589003e-01      4.729592791666e-01      2.926986354799e-02      1.790143304565e-02      1.107639502825e-01      7.711664622327e-02      5.808110046740e-02      2.797407991348e-02      1.831871056485e-02      8.675405813456e-02
      1.030763888889e+02      1.834717313371e+00      9.065183034329e-02      3.663309502455e-01      4.830591468907e-01      8.913804163902e-01      4.771919289632e-01      2.909748538995e-02      1.806756210755e-02      1.117383985568e-01      7.722354604212e-02      5.800862090952e-02      2.783818327218e-02      1.873322521603e-02      8.649025524298e-02
      1.030833333333e+02      1.863572144258e+00      9.102463233402e-02      3.692555831673e-01      4.861353149114e-01      8.965833738802e-01      4.814245787597e-01      2.892510723192e-02      1.823369116946e-02      1.127128468312e-01      7.733044586097e-02      5.793614135164e-02      2.770228663089e-02      1.914773986720e-02      8.622645235140e-02
      1.030902777778e+02      1.892426975146e+00      9.139743432475e-02      3.721802160892e-01      4.892114829322e-01      9.017863313702e-01      4.856572285563e-01      2.875272907388e-02      1.839982023136e-02      1.136872951055e-01      7.743734567982e-02      5.786366179376e-02      2.756638998959e-02      1.956225451837e-02      8.596264945982e-02
      1.030972222222e+02      1.921281806033e+00      9.177023631548e-02      3.751048490110e-01      4.922876509530e-01      9.069892888601e-01      4.898898783529e-01      2.858035091585e-02      1.856594929327e-02      1.146617433799e-01      7.754424549867e-02      5.779118223588e-02      2.743049334829e-02      1.997676916954e-02      8.569884656824e-02
      1.031041666667e+02      1.950136636921e+00      9.214303830622e-02      3.780294819328e-01      4.953638189738e-01      9.121922463501e-01      4.941225281495e-01      2.840797275781e-02      1.873207835517e-02      1.156361916542e-01      7.765114531752e-02      5.771870267801e-02      2.729459670700e-02      2.039128382071e-02      8.543504367666e-02
      1.031111111111e+02      1.978991467808e+00      9.251584029695e-02      3.809541148547e-01      4.984399869946e-01      9.173952038400e-01      4.983551779461e-01      2.823559459978e-02      1.889820741708e-02      1.166106399286e-01      7.775804513637e-02      5.764622312013e-02      2.715870006570e-02      2.080579847188e-02      8.517124078508e-02
      1.031180555556e+02      2.007846298695e+00      9.288864228768e-02      3.838787477765e-01      5.015161550153e-01      9.225981613300e-01      5.025878277426e-01      2.806321644174e-02      1.906433647899e-02      1.175850882030e-01      7.786494495522e-02      5.757374356225e-02      2.702280342440e-02      2.122031312306e-02      8.490743789350e-02
      1.031250000000e+02      2.019046315813e+00      9.285173659447e-02      3.820734343771e-01      5.031727319224e-01      9.254299678187e-01      5.043526987775e-01      2.811048744386e-02      1.905269097235e-02      1.178045653279e-01      7.785757264387e-02      5.707206103436e-02      2.706701522063e-02      2.164816525982e-02      8.432458536906e-02
      1.031319444444e+02      2.018028365365e+00      9.253129377312e-02      3.769947740312e-01      5.038468845223e-01      9.266208254758e-01      5.044097499924e-01      2.825598071875e-02      1.891801704181e-02      1.175015666489e-01      7.777111860451e-02      5.627334971674e-02      2.723587058867e-02      2.208524756851e-02      8.359906086697e-02
      1.031388888889e+02      2.017010414916e+00      9.221085095178e-02      3.719161136853e-01      5.045210371222e-01      9.278116831329e-01      5.044668012073e-01      2.840147399365e-02      1.878334311126e-02      1.171985679699e-01      7.768466456516e-02      5.547463839912e-02      2.740472595672e-02      2.252232987720e-02      8.287353636489e-02
      1.031458333333e+02      2.015992464468e+00      9.189040813043e-02      3.668374533394e-01      5.051951897220e-01      9.290025407900e-01      5.045238524223e-01      2.854696726854e-02      1.864866918071e-02      1.168955692909e-01      7.759821052580e-02      5.467592708149e-02      2.757358132476e-02      2.295941218589e-02      8.214801186281e-02
      1.031527777778e+02      2.014974514019e+00      9.156996530908e-02      3.617587929935e-01      5.058693423219e-01      9.301933984470e-01      5.045809036372e-01      2.869246054343e-02      1.851399525017e-02      1.165925706119e-01      7.751175648644e-02      5.387721576387e-02      2.774243669281e-02      2.339649449458e-02      8.142248736072e-02
      1.031597222222e+02      2.013956563570e+00      9.124952248774e-02      3.566801326475e-01      5.065434949218e-01      9.313842561041e-01      5.046379548521e-01      2.883795381833e-02      1.837932131962e-02      1.162895719329e-01      7.742530244708e-02      5.307850444625e-02      2.791129206085e-02      2.383357680327e-02      8.069696285863e-02
      1.031666666667e+02      2.012938613122e+00      9.092907966639e-02      3.516014723016e-01      5.072176475217e-01      9.325751137612e-01      5.046950060671e-01      2.898344709322e-02      1.824464738907e-02      1.159865732539e-01      7.733884840773e-02      5.227979312862e-02      2.808014742890e-02      2.427065911196e-02      7.997143835655e-02
      1.031736111111e+02      2.011920662673e+00      9.060863684504e-02      3.465228119557e-01      5.078918001216e-01      9.337659714183e-01      5.047520572820e-01      2.912894036811e-02      1.810997345853e-02      1.156835745749e-01      7.725239436837e-02      5.148108181100e-02      2.824900279694e-02      2.470774142065e-02      7.924591385447e-02
      1.031805555556e+02      2.010902712225e+00      9.028819402369e-02      3.414441516098e-01      5.085659527215e-01      9.349568290754e-01      5.048091084969e-01      2.927443364300e-02      1.797529952798e-02      1.153805758959e-01      7.716594032901e-02      5.068237049338e-02      2.841785816499e-02      2.514482372934e-02      7.852038935238e-02
      1.031875000000e+02      2.009884761776e+00      8.996775120235e-02      3.363654912639e-01      5.092401053214e-01      9.361476867324e-01      5.048661597119e-01      2.941992691790e-02      1.784062559743e-02      1.150775772169e-01      7.707948628966e-02      4.988365917576e-02      2.858671353303e-02      2.558190603803e-02      7.779486485030e-02
      1.031944444444e+02      2.008866811328e+00      8.964730838100e-02      3.312868309180e-01      5.099142579213e-01      9.373385443895e-01      5.049232109268e-01      2.956542019279e-02      1.770595166689e-02      1.147745785379e-01      7.699303225030e-02      4.908494785813e-02      2.875556890108e-02      2.601898834672e-02      7.706934034821e-02
      1.032013888889e+02      2.007848860879e+00      8.932686555965e-02      3.262081705721e-01      5.105884105211e-01      9.385294020466e-01      5.049802621417e-01      2.971091346768e-02      1.757127773634e-02      1.144715798589e-01      7.690657821094e-02      4.828623654051e-02      2.892442426912e-02      2.645607065541e-02      7.634381584613e-02
      1.032083333333e+02      2.006830910431e+00      8.900642273831e-02      3.211295102262e-01      5.112625631210e-01      9.397202597037e-01      5.050373133567e-01      2.985640674258e-02      1.743660380580e-02      1.141685811799e-01      7.682012417158e-02      4.748752522289e-02      2.909327963717e-02      2.689315296410e-02      7.561829134404e-02
      1.032152777778e+02      2.005812959982e+00      8.868597991696e-02      3.160508498803e-01      5.119367157209e-01      9.409111173607e-01      5.050943645716e-01      3.000190001747e-02      1.730192987525e-02      1.138655825009e-01      7.673367013223e-02      4.668881390527e-02      2.926213500521e-02      2.733023527278e-02      7.489276684196e-02
      1.032222222222e+02      2.004795009534e+00      8.836553709561e-02      3.109721895344e-01      5.126108683208e-01      9.421019750178e-01      5.051514157866e-01      3.014739329236e-02      1.716725594470e-02      1.135625838219e-01      7.664721609287e-02      4.589010258764e-02      2.943099037326e-02      2.776731758148e-02      7.416724233987e-02
      1.032291666667e+02      2.003777059085e+00      8.804509427426e-02      3.058935291885e-01      5.132850209207e-01      9.432928326749e-01      5.052084670015e-01      3.029288656725e-02      1.703258201416e-02      1.132595851429e-01      7.656076205351e-02      4.509139127002e-02      2.959984574130e-02      2.820439989016e-02      7.344171783779e-02
      1.032361111111e+02      2.002759108636e+00      8.772465145292e-02      3.008148688426e-01      5.139591735206e-01      9.444836903320e-01      5.052655182164e-01      3.043837984215e-02      1.689790808361e-02      1.129565864639e-01      7.647430801415e-02      4.429267995240e-02      2.976870110935e-02      2.864148219885e-02      7.271619333570e-02
      1.032430555556e+02      2.001741158188e+00      8.740420863157e-02      2.957362084967e-01      5.146333261205e-01      9.456745479891e-01      5.053225694314e-01      3.058387311704e-02      1.676323415306e-02      1.126535877849e-01      7.638785397480e-02      4.349396863477e-02      2.993755647739e-02      2.907856450754e-02      7.199066883362e-02
      1.032500000000e+02      1.987013955790e+00      8.716425303728e-02      2.954560487908e-01      5.160414673978e-01      9.452130689982e-01      5.033939143371e-01      3.052934981316e-02      1.677875106542e-02      1.121738162070e-01      7.621263203040e-02      4.318403526250e-02      2.999101756752e-02      2.874049699966e-02      7.142901717082e-02
      1.032569444444e+02      1.962929400828e+00      8.697923460246e-02      2.984511416251e-01      5.179505981425e-01      9.436237752565e-01      5.001099005336e-01      3.033830369584e-02      1.689678186214e-02      1.115733869635e-01      7.597682088777e-02      4.320772093649e-02      2.996571542925e-02      2.787334518064e-02      7.097921814145e-02
      1.032638888889e+02      1.938844845866e+00      8.679421616764e-02      3.014462344593e-01      5.198597288872e-01      9.420344815148e-01      4.968258867302e-01      3.014725757852e-02      1.701481265886e-02      1.109729577199e-01      7.574100974515e-02      4.323140661047e-02      2.994041329098e-02      2.700619336161e-02      7.052941911208e-02
      1.032708333333e+02      1.914760290904e+00      8.660919773282e-02      3.044413272936e-01      5.217688596320e-01      9.404451877732e-01      4.935418729268e-01      2.995621146121e-02      1.713284345558e-02      1.103725284764e-01      7.550519860253e-02      4.325509228446e-02      2.991511115270e-02      2.613904154259e-02      7.007962008272e-02
      1.032777777778e+02      1.890675735941e+00      8.642417929800e-02      3.074364201278e-01      5.236779903767e-01      9.388558940315e-01      4.902578591234e-01      2.976516534389e-02      1.725087425230e-02      1.097720992329e-01      7.526938745990e-02      4.327877795845e-02      2.988980901443e-02      2.527188972356e-02      6.962982105335e-02
      1.032847222222e+02      1.866591180979e+00      8.623916086317e-02      3.104315129620e-01      5.255871211214e-01      9.372666002898e-01      4.869738453200e-01      2.957411922657e-02      1.736890504902e-02      1.091716699893e-01      7.503357631728e-02      4.330246363244e-02      2.986450687616e-02      2.440473790454e-02      6.918002202398e-02
      1.032916666667e+02      1.842506626017e+00      8.605414242835e-02      3.134266057963e-01      5.274962518661e-01      9.356773065482e-01      4.836898315166e-01      2.938307310925e-02      1.748693584574e-02      1.085712407458e-01      7.479776517466e-02      4.332614930643e-02      2.983920473789e-02      2.353758608551e-02      6.873022299461e-02
      1.032986111111e+02      1.818422071055e+00      8.586912399353e-02      3.164216986305e-01      5.294053826109e-01      9.340880128065e-01      4.804058177132e-01      2.919202699193e-02      1.760496664246e-02      1.079708115023e-01      7.456195403203e-02      4.334983498042e-02      2.981390259962e-02      2.267043426649e-02      6.828042396525e-02
      1.033055555556e+02      1.794337516093e+00      8.568410555871e-02      3.194167914648e-01      5.313145133556e-01      9.324987190649e-01      4.771218039097e-01      2.900098087461e-02      1.772299743918e-02      1.073703822587e-01      7.432614288941e-02      4.337352065440e-02      2.978860046135e-02      2.180328244746e-02      6.783062493588e-02
      1.033125000000e+02      1.770252961131e+00      8.549908712389e-02      3.224118842990e-01      5.332236441003e-01      9.309094253232e-01      4.738377901063e-01      2.880993475729e-02      1.784102823590e-02      1.067699530152e-01      7.409033174678e-02      4.339720632839e-02      2.976329832307e-02      2.093613062844e-02      6.738082590651e-02
      1.033194444444e+02      1.746168406168e+00      8.531406868907e-02      3.254069771332e-01      5.351327748450e-01      9.293201315815e-01      4.705537763029e-01      2.861888863997e-02      1.795905903262e-02      1.061695237716e-01      7.385452060416e-02      4.342089200238e-02      2.973799618480e-02      2.006897880941e-02      6.693102687714e-02
      1.033263888889e+02      1.722083851206e+00      8.512905025425e-02      3.284020699675e-01      5.370419055898e-01      9.277308378399e-01      4.672697624995e-01      2.842784252265e-02      1.807708982934e-02      1.055690945281e-01      7.361870946154e-02      4.344457767637e-02      2.971269404653e-02      1.920182699039e-02      6.648122784778e-02
      1.033333333333e+02      1.697999296244e+00      8.494403181942e-02      3.313971628017e-01      5.389510363345e-01      9.261415440982e-01      4.639857486961e-01      2.823679640533e-02      1.819512062606e-02      1.049686652846e-01      7.338289831891e-02      4.346826335036e-02      2.968739190826e-02      1.833467517136e-02      6.603142881841e-02
      1.033402777778e+02      1.673914741282e+00      8.475901338460e-02      3.343922556360e-01      5.408601670792e-01      9.245522503566e-01      4.607017348927e-01      2.804575028801e-02      1.831315142278e-02      1.043682360410e-01      7.314708717629e-02      4.349194902435e-02      2.966208976999e-02      1.746752335234e-02      6.558162978904e-02
      1.033472222222e+02      1.649830186320e+00      8.457399494978e-02      3.373873484702e-01      5.427692978240e-01      9.229629566149e-01      4.574177210893e-01      2.785470417070e-02      1.843118221950e-02      1.037678067975e-01      7.291127603367e-02      4.351563469833e-02      2.963678763172e-02      1.660037153331e-02      6.513183075967e-02
      1.033541666667e+02      1.625745631358e+00      8.438897651496e-02      3.403824413044e-01      5.446784285687e-01      9.213736628732e-01      4.541337072859e-01      2.766365805338e-02      1.854921301622e-02      1.031673775540e-01      7.267546489104e-02      4.353932037232e-02      2.961148549344e-02      1.573321971428e-02      6.468203173031e-02
      1.033611111111e+02      1.601661076395e+00      8.420395808014e-02      3.433775341387e-01      5.465875593134e-01      9.197843691316e-01      4.508496934824e-01      2.747261193606e-02      1.866724381294e-02      1.025669483104e-01      7.243965374842e-02      4.356300604631e-02      2.958618335517e-02      1.486606789526e-02      6.423223270094e-02
      1.033680555556e+02      1.577576521433e+00      8.401893964532e-02      3.463726269729e-01      5.484966900581e-01      9.181950753899e-01      4.475656796790e-01      2.728156581874e-02      1.878527460966e-02      1.019665190669e-01      7.220384260580e-02      4.358669172030e-02      2.956088121690e-02      1.399891607623e-02      6.378243367157e-02
      1.033750000000e+02      1.558759165666e+00      8.373368468545e-02      3.465666379249e-01      5.482243729127e-01      9.165636658633e-01      4.456032890302e-01      2.713260352089e-02      1.866843060529e-02      1.017100156221e-01      7.183855164887e-02      4.593022057901e-02      2.933848181746e-02      1.390485292447e-02      6.767448052681e-02
      1.033819444444e+02      1.543637513476e+00      8.337809927665e-02      3.447952839941e-01      5.464214539295e-01      9.149027060101e-01      4.445682085585e-01      2.701316912134e-02      1.838678788910e-02      1.016948259680e-01      7.138241183755e-02      4.990145563142e-02      2.897779012531e-02      1.435322351144e-02      7.461296150528e-02
      1.033888888889e+02      1.528515861285e+00      8.302251386784e-02      3.430239300633e-01      5.446185349463e-01      9.132417461568e-01      4.435331280868e-01      2.689373472179e-02      1.810514517290e-02      1.016796363139e-01      7.092627202623e-02      5.387269068383e-02      2.861709843316e-02      1.480159409841e-02      8.155144248375e-02
      1.033958333333e+02      1.513394209094e+00      8.266692845904e-02      3.412525761324e-01      5.428156159631e-01      9.115807863036e-01      4.424980476151e-01      2.677430032224e-02      1.782350245671e-02      1.016644466598e-01      7.047013221491e-02      5.784392573624e-02      2.825640674101e-02      1.524996468538e-02      8.848992346222e-02
      1.034027777778e+02      1.498272556903e+00      8.231134305023e-02      3.394812222016e-01      5.410126969798e-01      9.099198264504e-01      4.414629671434e-01      2.665486592269e-02      1.754185974051e-02      1.016492570057e-01      7.001399240359e-02      6.181516078865e-02      2.789571504885e-02      1.569833527235e-02      9.542840444069e-02
      1.034097222222e+02      1.483150904712e+00      8.195575764143e-02      3.377098682708e-01      5.392097779966e-01      9.082588665971e-01      4.404278866717e-01      2.653543152314e-02      1.726021702432e-02      1.016340673516e-01      6.955785259226e-02      6.578639584107e-02      2.753502335670e-02      1.614670585932e-02      1.023668854192e-01
      1.034166666667e+02      1.468029252522e+00      8.160017223262e-02      3.359385143400e-01      5.374068590134e-01      9.065979067438e-01      4.393928062000e-01      2.641599712359e-02      1.697857430812e-02      1.016188776976e-01      6.910171278094e-02      6.975763089348e-02      2.717433166455e-02      1.659507644629e-02      1.093053663976e-01
      1.034236111111e+02      1.452907600331e+00      8.124458682382e-02      3.341671604092e-01      5.356039400301e-01      9.049369468906e-01      4.383577257283e-01      2.629656272404e-02      1.669693159193e-02      1.016036880435e-01      6.864557296962e-02      7.372886594589e-02      2.681363997240e-02      1.704344703326e-02      1.162438473761e-01
      1.034305555556e+02      1.437785948140e+00      8.088900141501e-02      3.323958064784e-01      5.338010210469e-01      9.032759870374e-01      4.373226452566e-01      2.617712832449e-02      1.641528887573e-02      1.015884983894e-01      6.818943315830e-02      7.770010099830e-02      2.645294828024e-02      1.749181762023e-02      1.231823283546e-01
      1.034375000000e+02      1.422664295949e+00      8.053341600621e-02      3.306244525475e-01      5.319981020637e-01      9.016150271841e-01      4.362875647849e-01      2.605769392493e-02      1.613364615954e-02      1.015733087353e-01      6.773329334698e-02      8.167133605071e-02      2.609225658809e-02      1.794018820721e-02      1.301208093331e-01
      1.034444444444e+02      1.407542643759e+00      8.017783059740e-02      3.288530986167e-01      5.301951830805e-01      8.999540673309e-01      4.352524843132e-01      2.593825952538e-02      1.585200344334e-02      1.015581190812e-01      6.727715353566e-02      8.564257110312e-02      2.573156489594e-02      1.838855879418e-02      1.370592903115e-01
      1.034513888889e+02      1.392420991568e+00      7.982224518860e-02      3.270817446859e-01      5.283922640972e-01      8.982931074776e-01      4.342174038415e-01      2.581882512583e-02      1.557036072715e-02      1.015429294271e-01      6.682101372434e-02      8.961380615553e-02      2.537087320378e-02      1.883692938115e-02      1.439977712900e-01
      1.034583333333e+02      1.377299339377e+00      7.946665977979e-02      3.253103907551e-01      5.265893451140e-01      8.966321476244e-01      4.331823233698e-01      2.569939072628e-02      1.528871801095e-02      1.015277397730e-01      6.636487391302e-02      9.358504120794e-02      2.501018151163e-02      1.928529996812e-02      1.509362522685e-01
      1.034652777778e+02      1.362177687186e+00      7.911107437099e-02      3.235390368243e-01      5.247864261308e-01      8.949711877711e-01      4.321472428981e-01      2.557995632673e-02      1.500707529476e-02      1.015125501189e-01      6.590873410170e-02      9.755627626035e-02      2.464948981948e-02      1.973367055509e-02      1.578747332469e-01
      1.034722222222e+02      1.347056034995e+00      7.875548896218e-02      3.217676828934e-01      5.229835071475e-01      8.933102279179e-01      4.311121624264e-01      2.546052192718e-02      1.472543257856e-02      1.014973604649e-01      6.545259429038e-02      1.015275113128e-01      2.428879812733e-02      2.018204114206e-02      1.648132142254e-01
      1.034791666667e+02      1.331934382805e+00      7.839990355337e-02      3.199963289626e-01      5.211805881643e-01      8.916492680646e-01      4.300770819547e-01      2.534108752763e-02      1.444378986237e-02      1.014821708108e-01      6.499645447906e-02      1.054987463652e-01      2.392810643517e-02      2.063041172903e-02      1.717516952039e-01
      1.034861111111e+02      1.316812730614e+00      7.804431814457e-02      3.182249750318e-01      5.193776691811e-01      8.899883082114e-01      4.290420014830e-01      2.522165312808e-02      1.416214714617e-02      1.014669811567e-01      6.454031466774e-02      1.094699814176e-01      2.356741474302e-02      2.107878231600e-02      1.786901761824e-01
      1.034930555556e+02      1.301691078423e+00      7.768873273577e-02      3.164536211010e-01      5.175747501979e-01      8.883273483581e-01      4.280069210114e-01      2.510221872853e-02      1.388050442998e-02      1.014517915026e-01      6.408417485641e-02      1.134412164700e-01      2.320672305087e-02      2.152715290297e-02      1.856286571608e-01
      1.035000000000e+02      1.294898732080e+00      7.784334890589e-02      3.159768222590e-01      5.178612350204e-01      8.888353076488e-01      4.279513153678e-01      2.497872805210e-02      1.390162954758e-02      1.013219150569e-01      6.386601898301e-02      1.161788046243e-01      2.329911039246e-02      2.164907190238e-02      1.902445337623e-01
      1.035069444444e+02      1.293950600901e+00      7.835594542379e-02      3.164083414231e-01      5.196137394163e-01      8.908650780463e-01      4.285829532652e-01      2.485239130961e-02      1.413519017874e-02      1.011115692061e-01      6.381484333149e-02      1.180508106951e-01      2.370939833800e-02      2.154193780263e-02      1.932307667935e-01
      1.035138888889e+02      1.293002469722e+00      7.886854194169e-02      3.168398605872e-01      5.213662438122e-01      8.928948484437e-01      4.292145911625e-01      2.472605456712e-02      1.436875080989e-02      1.009012233553e-01      6.376366767997e-02      1.199228167660e-01      2.411968628354e-02      2.143480370288e-02      1.962169998246e-01
      1.035208333333e+02      1.292054338543e+00      7.938113845959e-02      3.172713797514e-01      5.231187482080e-01      8.949246188412e-01      4.298462290598e-01      2.459971782462e-02      1.460231144105e-02      1.006908775045e-01      6.371249202845e-02      1.217948228369e-01      2.452997422908e-02      2.132766960313e-02      1.992032328558e-01
      1.035277777778e+02      1.291106207364e+00      7.989373497749e-02      3.177028989155e-01      5.248712526039e-01      8.969543892386e-01      4.304778669571e-01      2.447338108213e-02      1.483587207221e-02      1.004805316538e-01      6.366131637694e-02      1.236668289077e-01      2.494026217461e-02      2.122053550338e-02      2.021894658870e-01
      1.035347222222e+02      1.290158076185e+00      8.040633149539e-02      3.181344180796e-01      5.266237569998e-01      8.989841596360e-01      4.311095048544e-01      2.434704433963e-02      1.506943270337e-02      1.002701858030e-01      6.361014072542e-02      1.255388349786e-01      2.535055012015e-02      2.111340140363e-02      2.051756989182e-01
      1.035416666667e+02      1.289209945006e+00      8.091892801329e-02      3.185659372437e-01      5.283762613957e-01      9.010139300335e-01      4.317411427518e-01      2.422070759714e-02      1.530299333453e-02      1.000598399522e-01      6.355896507390e-02      1.274108410495e-01      2.576083806569e-02      2.100626730388e-02      2.081619319494e-01
      1.035486111111e+02      1.288261813827e+00      8.143152453119e-02      3.189974564079e-01      5.301287657915e-01      9.030437004309e-01      4.323727806491e-01      2.409437085464e-02      1.553655396569e-02      9.984949410140e-02      6.350778942238e-02      1.292828471203e-01      2.617112601122e-02      2.089913320413e-02      2.111481649806e-01
      1.035555555556e+02      1.287313682648e+00      8.194412104909e-02      3.194289755720e-01      5.318812701874e-01      9.050734708283e-01      4.330044185464e-01      2.396803411215e-02      1.577011459684e-02      9.963914825061e-02      6.345661377087e-02      1.311548531912e-01      2.658141395676e-02      2.079199910438e-02      2.141343980118e-01
      1.035625000000e+02      1.286365551469e+00      8.245671756699e-02      3.198604947361e-01      5.336337745833e-01      9.071032412258e-01      4.336360564437e-01      2.384169736965e-02      1.600367522800e-02      9.942880239983e-02      6.340543811935e-02      1.330268592621e-01      2.699170190230e-02      2.068486500463e-02      2.171206310430e-01
      1.035694444444e+02      1.285417420290e+00      8.296931408489e-02      3.202920139003e-01      5.353862789792e-01      9.091330116232e-01      4.342676943410e-01      2.371536062716e-02      1.623723585916e-02      9.921845654904e-02      6.335426246783e-02      1.348988653329e-01      2.740198984784e-02      2.057773090488e-02      2.201068640742e-01
      1.035763888889e+02      1.284469289111e+00      8.348191060279e-02      3.207235330644e-01      5.371387833750e-01      9.111627820207e-01      4.348993322384e-01      2.358902388466e-02      1.647079649032e-02      9.900811069825e-02      6.330308681631e-02      1.367708714038e-01      2.781227779337e-02      2.047059680513e-02      2.230930971053e-01
      1.035833333333e+02      1.283521157932e+00      8.399450712070e-02      3.211550522285e-01      5.388912877709e-01      9.131925524181e-01      4.355309701357e-01      2.346268714217e-02      1.670435712148e-02      9.879776484747e-02      6.325191116480e-02      1.386428774747e-01      2.822256573891e-02      2.036346270538e-02      2.260793301365e-01
      1.035902777778e+02      1.282573026753e+00      8.450710363860e-02      3.215865713926e-01      5.406437921668e-01      9.152223228155e-01      4.361626080330e-01      2.333635039967e-02      1.693791775263e-02      9.858741899668e-02      6.320073551328e-02      1.405148835455e-01      2.863285368445e-02      2.025632860563e-02      2.290655631677e-01
      1.035972222222e+02      1.281624895574e+00      8.501970015650e-02      3.220180905568e-01      5.423962965627e-01      9.172520932130e-01      4.367942459303e-01      2.321001365718e-02      1.717147838379e-02      9.837707314589e-02      6.314955986176e-02      1.423868896164e-01      2.904314162998e-02      2.014919450588e-02      2.320517961989e-01
      1.036041666667e+02      1.280676764395e+00      8.553229667440e-02      3.224496097209e-01      5.441488009585e-01      9.192818636104e-01      4.374258838276e-01      2.308367691468e-02      1.740503901495e-02      9.816672729511e-02      6.309838421024e-02      1.442588956873e-01      2.945342957552e-02      2.004206040613e-02      2.350380292301e-01
      1.036111111111e+02      1.279728633216e+00      8.604489319230e-02      3.228811288850e-01      5.459013053544e-01      9.213116340078e-01      4.380575217250e-01      2.295734017219e-02      1.763859964611e-02      9.795638144432e-02      6.304720855873e-02      1.461309017582e-01      2.986371752106e-02      1.993492630638e-02      2.380242622613e-01
      1.036180555556e+02      1.278780502037e+00      8.655748971020e-02      3.233126480492e-01      5.476538097503e-01      9.233414044053e-01      4.386891596223e-01      2.283100342969e-02      1.787216027727e-02      9.774603559353e-02      6.299603290721e-02      1.480029078290e-01      3.027400546660e-02      1.982779220663e-02      2.410104952925e-01
      1.036250000000e+02      1.272592253745e+00      8.708537078437e-02      3.210680570123e-01      5.434816723663e-01      9.209245454976e-01      4.379629964764e-01      2.314248809900e-02      1.783975055772e-02      9.730125809140e-02      6.277909875073e-02      1.470509411535e-01      3.001203279313e-02      1.960311728664e-02      2.397498940093e-01
      1.036319444444e+02      1.262802530135e+00      8.762375676730e-02      3.169842046338e-01      5.352375933317e-01      9.154515667862e-01      4.363036314887e-01      2.364823231676e-02      1.762454231816e-02      9.669535827322e-02      6.244824058240e-02      1.441580888221e-01      2.928802273136e-02      1.929765784339e-02      2.355704898396e-01
      1.036388888889e+02      1.253012806526e+00      8.816214275023e-02      3.129003522553e-01      5.269935142970e-01      9.099785880748e-01      4.346442665010e-01      2.415397653451e-02      1.740933407861e-02      9.608945845503e-02      6.211738241407e-02      1.412652364907e-01      2.856401266959e-02      1.899219840014e-02      2.313910856699e-01
      1.036458333333e+02      1.243223082917e+00      8.870052873316e-02      3.088164998767e-01      5.187494352624e-01      9.045056093635e-01      4.329849015133e-01      2.465972075227e-02      1.719412583906e-02      9.548355863685e-02      6.178652424574e-02      1.383723841594e-01      2.784000260782e-02      1.868673895690e-02      2.272116815002e-01
      1.036527777778e+02      1.233433359308e+00      8.923891471609e-02      3.047326474982e-01      5.105053562278e-01      8.990326306521e-01      4.313255365256e-01      2.516546497003e-02      1.697891759951e-02      9.487765881867e-02      6.145566607741e-02      1.354795318280e-01      2.711599254605e-02      1.838127951365e-02      2.230322773305e-01
      1.036597222222e+02      1.223643635698e+00      8.977730069902e-02      3.006487951197e-01      5.022612771931e-01      8.935596519407e-01      4.296661715378e-01      2.567120918779e-02      1.676370935995e-02      9.427175900048e-02      6.112480790908e-02      1.325866794966e-01      2.639198248427e-02      1.807582007041e-02      2.188528731607e-01
      1.036666666667e+02      1.213853912089e+00      9.031568668195e-02      2.965649427411e-01      4.940171981584e-01      8.880866732294e-01      4.280068065501e-01      2.617695340555e-02      1.654850112040e-02      9.366585918230e-02      6.079394974076e-02      1.296938271652e-01      2.566797242250e-02      1.777036062716e-02      2.146734689910e-01
      1.036736111111e+02      1.204064188480e+00      9.085407266488e-02      2.924810903626e-01      4.857731191238e-01      8.826136945180e-01      4.263474415624e-01      2.668269762330e-02      1.633329288085e-02      9.305995936411e-02      6.046309157243e-02      1.268009748339e-01      2.494396236073e-02      1.746490118392e-02      2.104940648213e-01
      1.036805555556e+02      1.194274464871e+00      9.139245864781e-02      2.883972379841e-01      4.775290400891e-01      8.771407158067e-01      4.246880765747e-01      2.718844184106e-02      1.611808464130e-02      9.245405954593e-02      6.013223340410e-02      1.239081225025e-01      2.421995229896e-02      1.715944174067e-02      2.063146606516e-01
      1.036875000000e+02      1.184484741261e+00      9.193084463074e-02      2.843133856055e-01      4.692849610545e-01      8.716677370953e-01      4.230287115870e-01      2.769418605882e-02      1.590287640174e-02      9.184815972774e-02      5.980137523577e-02      1.210152701711e-01      2.349594223718e-02      1.685398229742e-02      2.021352564819e-01
      1.036944444444e+02      1.174695017652e+00      9.246923061367e-02      2.802295332270e-01      4.610408820198e-01      8.661947583839e-01      4.213693465993e-01      2.819993027658e-02      1.568766816219e-02      9.124225990956e-02      5.947051706744e-02      1.181224178397e-01      2.277193217541e-02      1.654852285418e-02      1.979558523122e-01
      1.037013888889e+02      1.164905294043e+00      9.300761659660e-02      2.761456808485e-01      4.527968029852e-01      8.607217796726e-01      4.197099816116e-01      2.870567449433e-02      1.547245992264e-02      9.063636009137e-02      5.913965889911e-02      1.152295655084e-01      2.204792211364e-02      1.624306341093e-02      1.937764481425e-01
      1.037083333333e+02      1.155115570433e+00      9.354600257952e-02      2.720618284700e-01      4.445527239506e-01      8.552488009612e-01      4.180506166238e-01      2.921141871209e-02      1.525725168308e-02      9.003046027319e-02      5.880880073079e-02      1.123367131770e-01      2.132391205187e-02      1.593760396769e-02      1.895970439728e-01
      1.037152777778e+02      1.145325846824e+00      9.408438856245e-02      2.679779760914e-01      4.363086449159e-01      8.497758222498e-01      4.163912516361e-01      2.971716292985e-02      1.504204344353e-02      8.942456045500e-02      5.847794256246e-02      1.094438608456e-01      2.059990199010e-02      1.563214452444e-02      1.854176398031e-01
      1.037222222222e+02      1.135536123215e+00      9.462277454538e-02      2.638941237129e-01      4.280645658812e-01      8.443028435385e-01      4.147318866484e-01      3.022290714761e-02      1.482683520398e-02      8.881866063682e-02      5.814708439413e-02      1.065510085142e-01      1.987589192832e-02      1.532668508119e-02      1.812382356334e-01
      1.037291666667e+02      1.125746399606e+00      9.516116052831e-02      2.598102713343e-01      4.198204868466e-01      8.388298648271e-01      4.130725216607e-01      3.072865136536e-02      1.461162696443e-02      8.821276081863e-02      5.781622622580e-02      1.036581561829e-01      1.915188186655e-02      1.502122563795e-02      1.770588314637e-01
      1.037361111111e+02      1.115956675996e+00      9.569954651124e-02      2.557264189558e-01      4.115764078119e-01      8.333568861157e-01      4.114131566730e-01      3.123439558312e-02      1.439641872487e-02      8.760686100045e-02      5.748536805747e-02      1.007653038515e-01      1.842787180478e-02      1.471576619470e-02      1.728794272940e-01
      1.037430555556e+02      1.106166952387e+00      9.623793249417e-02      2.516425665773e-01      4.033323287773e-01      8.278839074044e-01      4.097537916853e-01      3.174013980088e-02      1.418121048532e-02      8.700096118226e-02      5.715450988914e-02      9.787245152011e-02      1.770386174301e-02      1.441030675146e-02      1.687000231243e-01
      1.037500000000e+02      1.134516441566e+00      9.647482200812e-02      2.588560604905e-01      4.075469759635e-01      8.342551428353e-01      4.150668391229e-01      3.271879863638e-02      1.443398378888e-02      8.742449764596e-02      5.766041519686e-02      1.186249478692e-01      1.798233851267e-02      1.577681830536e-02      2.077368108050e-01
      1.037569444444e+02      1.189626115781e+00      9.650016805519e-02      2.739962800776e-01      4.205032251550e-01      8.489368109912e-01      4.252720443428e-01      3.402927561265e-02      1.501511396642e-02      8.857033285083e-02      5.875343134965e-02      1.559680830827e-01      1.896420507842e-02      1.831645982152e-02      2.770960201073e-01
      1.037638888889e+02      1.244735789996e+00      9.652551410226e-02      2.891364996647e-01      4.334594743465e-01      8.636184791470e-01      4.354772495627e-01      3.533975258891e-02      1.559624414396e-02      8.971616805569e-02      5.984644750243e-02      1.933112182961e-01      1.994607164416e-02      2.085610133768e-02      3.464552294096e-01
      1.037708333333e+02      1.299845464211e+00      9.655086014932e-02      3.042767192517e-01      4.464157235380e-01      8.783001473029e-01      4.456824547826e-01      3.665022956517e-02      1.617737432151e-02      9.086200326056e-02      6.093946365522e-02      2.306543535095e-01      2.092793820991e-02      2.339574285384e-02      4.158144387119e-01
      1.037777777778e+02      1.354955138426e+00      9.657620619639e-02      3.194169388388e-01      4.593719727295e-01      8.929818154587e-01      4.558876600025e-01      3.796070654144e-02      1.675850449905e-02      9.200783846543e-02      6.203247980801e-02      2.679974887229e-01      2.190980477565e-02      2.593538437000e-02      4.851736480141e-01
      1.037847222222e+02      1.410064812642e+00      9.660155224345e-02      3.345571584259e-01      4.723282219210e-01      9.076634836146e-01      4.660928652225e-01      3.927118351770e-02      1.733963467659e-02      9.315367367030e-02      6.312549596080e-02      3.053406239364e-01      2.289167134140e-02      2.847502588617e-02      5.545328573166e-01
      1.037916666667e+02      1.465174486857e+00      9.662689829052e-02      3.496973780130e-01      4.852844711125e-01      9.223451517705e-01      4.762980704424e-01      4.058166049396e-02      1.792076485413e-02      9.429950887516e-02      6.421851211359e-02      3.426837591498e-01      2.387353790714e-02      3.101466740233e-02      6.238920666188e-01
      1.037986111111e+02      1.520284161072e+00      9.665224433759e-02      3.648375976000e-01      4.982407203040e-01      9.370268199263e-01      4.865032756623e-01      4.189213747023e-02      1.850189503167e-02      9.544534408003e-02      6.531152826638e-02      3.800268943633e-01      2.485540447289e-02      3.355430891849e-02      6.932512759211e-01
      1.038055555556e+02      1.575393835287e+00      9.667759038465e-02      3.799778171871e-01      5.111969694954e-01      9.517084880822e-01      4.967084808822e-01      4.320261444649e-02      1.908302520921e-02      9.659117928490e-02      6.640454441917e-02      4.173700295767e-01      2.583727103863e-02      3.609395043465e-02      7.626104852234e-01
      1.038125000000e+02      1.630503509502e+00      9.670293643172e-02      3.951180367742e-01      5.241532186869e-01      9.663901562380e-01      5.069136861021e-01      4.451309142275e-02      1.966415538676e-02      9.773701448976e-02      6.749756057195e-02      4.547131647901e-01      2.681913760438e-02      3.863359195081e-02      8.319696945257e-01
      1.038194444444e+02      1.685613183717e+00      9.672828247878e-02      4.102582563612e-01      5.371094678784e-01      9.810718243939e-01      5.171188913220e-01      4.582356839902e-02      2.024528556430e-02      9.888284969463e-02      6.859057672474e-02      4.920563000035e-01      2.780100417012e-02      4.117323346698e-02      9.013289038279e-01
      1.038263888889e+02      1.740722857932e+00      9.675362852585e-02      4.253984759483e-01      5.500657170699e-01      9.957534925497e-01      5.273240965419e-01      4.713404537528e-02      2.082641574184e-02      1.000286848995e-01      6.968359287753e-02      5.293994352169e-01      2.878287073587e-02      4.371287498314e-02      9.706881131302e-01
      1.038333333333e+02      1.795832532147e+00      9.677897457291e-02      4.405386955354e-01      5.630219662614e-01      1.010435160706e+00      5.375293017618e-01      4.844452235154e-02      2.140754591938e-02      1.011745201044e-01      7.077660903032e-02      5.667425704304e-01      2.976473730161e-02      4.625251649930e-02      1.040047322433e+00
      1.038402777778e+02      1.850942206362e+00      9.680432061998e-02      4.556789151224e-01      5.759782154529e-01      1.025116828861e+00      5.477345069817e-01      4.975499932781e-02      2.198867609692e-02      1.023203553092e-01      7.186962518311e-02      6.040857056438e-01      3.074660386735e-02      4.879215801546e-02      1.109406531735e+00
      1.038472222222e+02      1.906051880578e+00      9.682966666705e-02      4.708191347095e-01      5.889344646444e-01      1.039798497017e+00      5.579397122017e-01      5.106547630407e-02      2.256980627447e-02      1.034661905141e-01      7.296264133590e-02      6.414288408573e-01      3.172847043310e-02      5.133179953163e-02      1.178765741037e+00
      1.038541666667e+02      1.961161554793e+00      9.685501271411e-02      4.859593542966e-01      6.018907138359e-01      1.054480165173e+00      5.681449174216e-01      5.237595328033e-02      2.315093645201e-02      1.046120257190e-01      7.405565748869e-02      6.787719760707e-01      3.271033699885e-02      5.387144104779e-02      1.248124950339e+00
      1.038611111111e+02      2.016271229008e+00      9.688035876118e-02      5.010995738837e-01      6.148469630274e-01      1.069161833329e+00      5.783501226415e-01      5.368643025660e-02      2.373206662955e-02      1.057578609238e-01      7.514867364147e-02      7.161151112841e-01      3.369220356459e-02      5.641108256395e-02      1.317484159642e+00
      1.038680555556e+02      2.071380903223e+00      9.690570480824e-02      5.162397934707e-01      6.278032122188e-01      1.083843501485e+00      5.885553278614e-01      5.499690723286e-02      2.431319680709e-02      1.069036961287e-01      7.624168979426e-02      7.534582464976e-01      3.467407013034e-02      5.895072408011e-02      1.386843368944e+00
      1.038750000000e+02      2.086019020303e+00      9.689261905604e-02      5.201147911982e-01      6.338038600946e-01      1.088074045249e+00      5.926689744731e-01      5.499899269794e-02      2.472232980602e-02      1.074296732259e-01      7.652678250243e-02      7.550257441578e-01      3.517053569920e-02      5.911674059115e-02      1.390451341818e+00
      1.038819444444e+02      2.072455237842e+00      9.685275277402e-02      5.161398153221e-01      6.349576183657e-01      1.085021905049e+00      5.925378245886e-01      5.408934833170e-02      2.501160956738e-02      1.075237129991e-01      7.624888783291e-02      7.316636120299e-01      3.532875803946e-02      5.762873786787e-02      1.348241711026e+00
      1.038888888889e+02      2.058891455380e+00      9.681288649201e-02      5.121648394461e-01      6.361113766368e-01      1.081969764848e+00      5.924066747041e-01      5.317970396546e-02      2.530088932873e-02      1.076177527724e-01      7.597099316339e-02      7.083014799020e-01      3.548698037973e-02      5.614073514458e-02      1.306032080234e+00
      1.038958333333e+02      2.045327672919e+00      9.677302020999e-02      5.081898635701e-01      6.372651349079e-01      1.078917624647e+00      5.922755248196e-01      5.227005959922e-02      2.559016909008e-02      1.077117925457e-01      7.569309849386e-02      6.849393477741e-01      3.564520271999e-02      5.465273242130e-02      1.263822449443e+00
      1.039027777778e+02      2.031763890457e+00      9.673315392797e-02      5.042148876940e-01      6.384188931790e-01      1.075865484447e+00      5.921443749351e-01      5.136041523298e-02      2.587944885143e-02      1.078058323189e-01      7.541520382434e-02      6.615772156462e-01      3.580342506026e-02      5.316472969801e-02      1.221612818651e+00
      1.039097222222e+02      2.018200107996e+00      9.669328764596e-02      5.002399118180e-01      6.395726514501e-01      1.072813344246e+00      5.920132250506e-01      5.045077086674e-02      2.616872861278e-02      1.078998720922e-01      7.513730915482e-02      6.382150835183e-01      3.596164740053e-02      5.167672697472e-02      1.179403187859e+00
      1.039166666667e+02      2.004636325535e+00      9.665342136394e-02      4.962649359420e-01      6.407264097212e-01      1.069761204045e+00      5.918820751661e-01      4.954112650049e-02      2.645800837413e-02      1.079939118655e-01      7.485941448530e-02      6.148529513904e-01      3.611986974079e-02      5.018872425144e-02      1.137193557067e+00
      1.039236111111e+02      1.991072543073e+00      9.661355508193e-02      4.922899600659e-01      6.418801679923e-01      1.066709063845e+00      5.917509252816e-01      4.863148213425e-02      2.674728813549e-02      1.080879516387e-01      7.458151981577e-02      5.914908192625e-01      3.627809208106e-02      4.870072152815e-02      1.094983926276e+00
      1.039305555556e+02      1.977508760612e+00      9.657368879991e-02      4.883149841899e-01      6.430339262633e-01      1.063656923644e+00      5.916197753971e-01      4.772183776801e-02      2.703656789684e-02      1.081819914120e-01      7.430362514625e-02      5.681286871346e-01      3.643631442132e-02      4.721271880487e-02      1.052774295484e+00
      1.039375000000e+02      1.963944978150e+00      9.653382251789e-02      4.843400083139e-01      6.441876845344e-01      1.060604783443e+00      5.914886255126e-01      4.681219340177e-02      2.732584765819e-02      1.082760311852e-01      7.402573047673e-02      5.447665550067e-01      3.659453676159e-02      4.572471608158e-02      1.010564664692e+00
      1.039444444444e+02      1.950381195689e+00      9.649395623588e-02      4.803650324378e-01      6.453414428055e-01      1.057552643243e+00      5.913574756281e-01      4.590254903553e-02      2.761512741954e-02      1.083700709585e-01      7.374783580720e-02      5.214044228789e-01      3.675275910185e-02      4.423671335829e-02      9.683550339008e-01
      1.039513888889e+02      1.936817413227e+00      9.645408995386e-02      4.763900565618e-01      6.464952010766e-01      1.054500503042e+00      5.912263257436e-01      4.499290466929e-02      2.790440718089e-02      1.084641107318e-01      7.346994113768e-02      4.980422907510e-01      3.691098144212e-02      4.274871063501e-02      9.261454031092e-01
      1.039583333333e+02      1.923253630766e+00      9.641422367185e-02      4.724150806858e-01      6.476489593477e-01      1.051448362841e+00      5.910951758591e-01      4.408326030305e-02      2.819368694225e-02      1.085581505050e-01      7.319204646816e-02      4.746801586231e-01      3.706920378238e-02      4.126070791172e-02      8.839357723175e-01
      1.039652777778e+02      1.909689848304e+00      9.637435738983e-02      4.684401048097e-01      6.488027176188e-01      1.048396222641e+00      5.909640259746e-01      4.317361593681e-02      2.848296670360e-02      1.086521902783e-01      7.291415179864e-02      4.513180264952e-01      3.722742612265e-02      3.977270518844e-02      8.417261415258e-01
      1.039722222222e+02      1.896126065843e+00      9.633449110782e-02      4.644651289337e-01      6.499564758899e-01      1.045344082440e+00      5.908328760901e-01      4.226397157057e-02      2.877224646495e-02      1.087462300516e-01      7.263625712911e-02      4.279558943673e-01      3.738564846292e-02      3.828470246515e-02      7.995165107341e-01
      1.039791666667e+02      1.882562283381e+00      9.629462482580e-02      4.604901530576e-01      6.511102341610e-01      1.042291942239e+00      5.907017262056e-01      4.135432720433e-02      2.906152622630e-02      1.088402698248e-01      7.235836245959e-02      4.045937622394e-01      3.754387080318e-02      3.679669974186e-02      7.573068799424e-01
      1.039861111111e+02      1.868998500920e+00      9.625475854378e-02      4.565151771816e-01      6.522639924321e-01      1.039239802039e+00      5.905705763211e-01      4.044468283809e-02      2.935080598765e-02      1.089343095981e-01      7.208046779007e-02      3.812316301115e-01      3.770209314345e-02      3.530869701858e-02      7.150972491508e-01
      1.039930555556e+02      1.855434718458e+00      9.621489226177e-02      4.525402013056e-01      6.534177507032e-01      1.036187661838e+00      5.904394264366e-01      3.953503847185e-02      2.964008574900e-02      1.090283493714e-01      7.180257312054e-02      3.578694979836e-01      3.786031548371e-02      3.382069429529e-02      6.728876183591e-01
      1.040000000000e+02      1.850729700456e+00      9.618276452979e-02      4.479691221747e-01      6.523711462451e-01      1.033978892981e+00      5.907707910218e-01      3.898491875403e-02      2.975668008541e-02      1.092831282420e-01      7.181616719251e-02      3.384650643122e-01      3.747060149960e-02      3.304434976348e-02      6.363701991326e-01
