#                     time          SMEAR_TEMP_168.dat             SMEAR_PRESS.dat                SMEAR_RH.dat               SMEAR_SWR.dat                SA_tower.dat               SA_ground.dat                     NH3.dat                SMEAR_CS.dat            SMEAR_GAS_CO.dat           SMEAR_GAS_NO2.dat            SMEAR_GAS_NO.dat            SMEAR_GAS_O3.dat           SMEAR_GAS_SO2.dat
1.15000000000000000000e+02  4.54999999999999982236e+00  9.75690000000000054570e+02  8.58400000000000034106e+01  1.54965999999999992642e-01  4.85850000000000000000e+04  1.23229833984375000000e+04  2.44023209723437917162e+00  4.47777999999999978126e-03  1.57484000000000008868e+02  6.38000000000000011546e-01  5.00000000000000027756e-02  3.51739999999999994884e+01  1.10000000000000000555e-01
1.15006944444444442865e+02  4.52997442046396603388e+00  9.75650063948840056582e+02  8.65301278976801739873e+01  -7.41030628570925387066e-01  4.35067187594601928140e+04  1.28704947906467223220e+04  3.24453328956036957109e+00  4.57186730158727627771e-03  1.56389999998250061708e+02  5.85999167986689939447e-01  5.00000000000000027756e-02  3.51586666666421407967e+01  5.00000000000000027756e-02
1.15013888888888885731e+02  4.27000159872115503390e+00  9.75759972821740348081e+02  8.74999856115096008580e+01  -9.58374157144810445708e-01  3.84284375189203856280e+04  1.34180061828559446440e+04  2.00000000000000000000e+00  4.66595460317455277416e-03  1.55295999996500142970e+02  5.33998335973379756325e-01  5.00000000000000027756e-02  3.51433333332842821051e+01  1.09999808000292298438e-01
1.15020833333333328596e+02  4.19001438848917295843e+00  9.75709904076738894219e+02  8.81300623501197435417e+01  -8.59884580951636889878e-01  3.33501562783805711661e+04  1.39655175750651687849e+04  2.00000000000000000000e+00  4.76004190476182927061e-03  1.54201999994817384732e+02  4.81999904003072132674e-01  5.00000000000000027756e-02  3.51279999985251905059e+01  5.00000000000000027756e-02
1.15027777777777771462e+02  4.15000000000000035527e+00  9.75430047961631544240e+02  8.85799616306947257272e+01  -4.29094203172975419136e-01  4.53347317484994200640e+04  4.18974908333639032207e+04  2.00000000000000000000e+00  4.77220201058199938043e-03  1.53121999998273196297e+02  4.79999968001025401065e-01  5.00000000000000027756e-02  3.48206666661752777259e+01  1.29999552003546903212e-01
1.15034722222222228538e+02  4.13000959232631892348e+00  9.75290051159073641429e+02  8.88900447641894970729e+01  -5.01908971427187822201e-01  5.73193073140005726600e+04  6.98294642447610967793e+04  2.00000000000000000000e+00  4.78234751322752053848e-03  1.52042000001726790970e+02  4.78000031998974561631e-01  5.00000000000000027756e-02  3.45133333338247254574e+01  5.00000000000000027756e-02
1.15041666666666671404e+02  4.05002398081528713902e+00  9.75359966426858591149e+02  8.91699376498802536162e+01  -1.17996810476362368192e+00  6.93038828243979223771e+04  9.77614374303119839169e+04  2.07151287753726442986e+00  4.79249301587302001249e-03  1.50962000005182602536e+02  4.76000095996927830022e-01  5.00000000000000027756e-02  3.42060000014748126773e+01  5.00000000000000027756e-02
1.15048611111111114269e+02  3.85001278976924377062e+00  9.75290007993605740921e+02  8.98800095923269282139e+01  -6.64825588888970253620e-01  7.14328385495986149181e+04  8.52918046410413226113e+04  5.30236757906267275331e+00  4.81662133333334366303e-03  1.51497999998285251877e+02  4.87332970660864783774e-01  5.00000000000000027756e-02  3.40666666671124147570e+01  8.99997440003897225536e-02
1.15055555555555557135e+02  3.84003836930405073602e+00  9.75219987210232034158e+02  9.04399296562759076323e+01  -8.68096638095259054424e-01  7.35617942747993074590e+04  7.28221718517706613056e+04  2.00000000000000000000e+00  4.84145466666667610017e-03  1.52033999999142622528e+02  4.98666485330432396328e-01  5.00000000000000027756e-02  3.39273333335562057300e+01  5.00000000000000027756e-02
1.15062500000000000000e+02  3.72000000000000019540e+00  9.75309999999999945430e+02  9.12099999999999937472e+01  -1.73501700000000003143e+00  7.56907500000000000000e+04  6.03525390625000000000e+04  2.00000000000000000000e+00  4.86412952380952182119e-03  1.52569999999999993179e+02  5.10000000000000008882e-01  5.00000000000000027756e-02  3.37879999999999967031e+01  5.00000000000000027756e-02
1.15069444444444442865e+02  3.63998081534797446324e+00  9.75249865707435787954e+02  9.18300191846520306171e+01  -9.48507530159107603573e-01  5.49160257548464942374e+04  6.23006588505375693785e+04  2.00000000000000000000e+00  4.85898402116402040873e-03  1.52384666666370208077e+02  5.03333226664960275976e-01  5.00000000000000027756e-02  3.39526666669300567492e+01  9.00001279989866009856e-02
1.15076388888888885731e+02  3.65999840127884468188e+00  9.75130017585932705515e+02  9.25399968025576953323e+01  6.45082626983903173468e-01  3.41413015096929884749e+04  6.42487786385751387570e+04  2.00000000000000000000e+00  4.85383851851851986364e-03  1.52199333332740422975e+02  4.96666453329920487558e-01  5.00000000000000027756e-02  3.41173333338601239006e+01  5.00000000000000027756e-02
1.15083333333333328596e+02  3.65999040767388539308e+00  9.75060028776978242604e+02  9.30100047961630593818e+01  7.41091457143729592794e-01  1.33665772645394899882e+04  6.61968984266127081355e+04  2.00000000000000000000e+00  4.85120555555553466254e-03  1.52014000000243157729e+02  4.90001695945725457282e-01  5.39999904000227418099e-02  3.42819999992641939457e+01  1.19999280007235128998e-01
1.15090277777777771462e+02  3.65000959232631938534e+00  9.75129948840926317644e+02  9.33899872102315811162e+01  6.24864346038623397206e-01  3.13741425445669156034e+04  6.22274101636473569670e+04  2.00000000000000000000e+00  4.89840462962959615617e-03  1.52064666666747683621e+02  5.25333898648551067545e-01  5.00000000000000027756e-02  3.41286666664215019296e+01  5.00000000000000027756e-02
1.15097222222222228538e+02  3.63000319744210653283e+00  9.75109955235810502927e+02  9.37800095923263228315e+01  8.80062174600163338312e-01  4.93817080413705771207e+04  5.82579218676026430330e+04  2.00000000000000000000e+00  4.94560370370375392696e-03  1.52115333333252323200e+02  5.60666101351448897816e-01  5.00000000000000027756e-02  3.39753333335784972746e+01  5.00000000000000027756e-02
1.15104166666666671404e+02  3.61000959232611462468e+00  9.75109918465228020068e+02  9.40899904076738948788e+01  6.64434961904633580865e-01  6.73892733540284680203e+04  5.42884335986277874326e+04  2.00000000000000000000e+00  4.99064896825393480156e-03  1.52165999999756849093e+02  5.95998304054274452568e-01  5.00000000000000027756e-02  3.38220000007358052585e+01  5.00000000000000027756e-02
1.15111111111111114269e+02  3.57000319744231076058e+00  9.74920015987211513675e+02  9.42700095923269287823e+01  9.57446728570390925839e-01  5.24532851006023120135e+04  5.51612408886685225298e+04  2.00000000000000000000e+00  4.94810597883595625068e-03  1.53548666662243306291e+02  5.90000192003071521896e-01  5.00000000000000027756e-02  3.37313333336233895920e+01  5.00000000000000027756e-02
1.15118055555555557135e+02  3.54001278976801714293e+00  9.74999968025579960340e+02  9.45799808153479659723e+01  1.64580654920757063486e+00  3.75172968471761560068e+04  5.60340481787092649029e+04  2.00000000000000000000e+00  4.90556298941797856716e-03  1.54931333331121663832e+02  5.84000096001535795587e-01  5.00000000000000027756e-02  3.36406666668116969277e+01  2.09998976008107185454e-01
1.15125000000000000000e+02  3.52999999999999980460e+00  9.74950000000000045475e+02  9.49800000000000039790e+01  8.29195000000000015383e-01  2.25813085937500000000e+04  5.69068554687500000000e+04  2.00000000000000000000e+00  4.86302000000000001628e-03  1.56313999999999992951e+02  5.77999999999999958256e-01  5.00000000000000027756e-02  3.35499999999999971578e+01  5.00000000000000027756e-02
1.15131944444444442865e+02  3.52997442046396603388e+00  9.74909993605115914761e+02  9.52400127897680164324e+01  1.09387214603202909124e+00  3.61820455475802300498e+04  6.60377083163237257395e+04  2.00000000000000000000e+00  4.88030835978835522693e-03  1.53277999995143687784e+02  5.68666517330944309982e-01  5.00000000000000027756e-02  3.31526666660311022383e+01  5.00000000000000027756e-02
1.15138888888888885731e+02  3.46000159872115542470e+00  9.74859972821740370819e+02  9.53399968025576924902e+01  6.98249482537403709514e-01  4.97827825014104600996e+04  7.51685611638974369271e+04  2.00000000000000000000e+00  4.89759671957671043757e-03  1.50241999990287382616e+02  5.59333034661888661709e-01  5.00000000000000027756e-02  3.27553333320622002134e+01  5.00000000000000027756e-02
1.15145833333333328596e+02  3.44999520383694280312e+00  9.74809976019184659890e+02  9.53900239808152861087e+01  1.28763090000441327021e+00  6.33835194552406828734e+04  8.42994140114711626666e+04  2.00000000000000000000e+00  4.91488507936506564822e-03  1.47206000017118640244e+02  5.50000607980543176900e-01  5.00000000000000027756e-02  3.23579999990498521356e+01  5.00000000000000027756e-02
1.15152777777777771462e+02  3.41000319744210678152e+00  9.74799958433252527357e+02  9.56099808153473560424e+01  7.39841596828652359186e-01  4.39775552119453204796e+04  7.98256224041704845149e+04  3.87840038607742432220e+00  4.92966888888887299486e-03  1.50773333339037094447e+02  5.62666869326839069743e-01  5.00000000000000027756e-02  3.21599999996834142735e+01  9.99995840032935623398e-02
1.15159722222222228538e+02  3.35999680255789323624e+00  9.74779974420463076967e+02  9.59400191846526411155e+01  1.28042789206113161171e+00  2.45715907841484222445e+04  7.53518307208295154851e+04  2.00000000000000000000e+00  4.94439111111112227642e-03  1.54340666660962881451e+02  5.75333130673160941804e-01  5.00000000000000027756e-02  3.19620000003165785074e+01  5.00000000000000027756e-02
1.15166666666666671404e+02  3.29999999999999982236e+00  9.74610038369304447770e+02  9.64199904076738931735e+01  1.28432778571084749153e+00  5.16562642458165828430e+03  7.08780390230565535603e+04  2.00000000000000000000e+00  4.95911333333334033296e-03  1.57907999982881335654e+02  5.87999392019456834646e-01  5.00000000000000027756e-02  3.17640000009501477507e+01  5.00000000000000027756e-02
1.15173611111111114269e+02  3.22999999999999998224e+00  9.74679980815346084455e+02  9.68400079936057807117e+01  1.30872174444489197676e+00  -2.03867613361222811363e+03  6.38202200257876975229e+04  2.00000000000000000000e+00  4.92754833333332743078e-03  1.56768000003647017593e+02  5.96666389328896595856e-01  5.00000000000000027756e-02  3.13753333345767337903e+01  8.99997440003897225536e-02
1.15180555555555557135e+02  3.18999360511599139301e+00  9.74510089528376056478e+02  9.70899808153479710882e+01  2.03588417460336845721e+00  -9.24297869180611451156e+03  5.67624010285188487615e+04  2.00000000000000000000e+00  4.89364952380952691890e-03  1.55628000001823522780e+02  6.05333194664448348554e-01  5.00000000000000027756e-02  3.09866666672883681599e+01  5.00000000000000027756e-02
1.15187500000000000000e+02  3.14000000000000012434e+00  9.74529999999999972715e+02  9.74200000000000017053e+01  2.62500000000000000000e+00  -1.64472812500000000000e+04  4.97045820312500000000e+04  4.10943774361370550707e+00  4.85975071428572553967e-03  1.54487999999999999545e+02  6.13999999999999990230e-01  5.00000000000000027756e-02  3.05979999999999989768e+01  7.00000000000000066613e-02
1.15194444444444442865e+02  3.11999360511599155288e+00  9.74529980815347926182e+02  9.76700127897680232536e+01  4.46592967301580490158e+00  -7.66204428719910902146e+03  5.11548333306316999369e+04  2.00000000000000000000e+00  4.84353177777778389629e-03  1.55502666668289691643e+02  6.28000224003583462640e-01  5.00000000000000027756e-02  3.03539999996097016322e+01  8.99996160030401975982e-02
1.15201388888888885731e+02  3.05000159872115528259e+00  9.74499993605115378159e+02  9.80599920063942249726e+01  6.82454940952034494472e+00  1.12319267560178195708e+03  5.26050846300133998739e+04  2.00000000000000000000e+00  4.82868455555556137793e-03  1.56517333336579412162e+02  6.42000448007167046072e-01  5.00000000000000027756e-02  3.01099999992194078402e+01  7.00001759997320727180e-02
1.15208333333333328596e+02  3.02999520383694243009e+00  9.74609947242206430928e+02  9.84500191846522341166e+01  1.01184713809477955238e+01  9.90842963840267111664e+03  5.40553359293950998108e+04  2.52558693716953186481e+00  4.81464571428571325162e-03  1.57532000003387906872e+02  6.56001951937533078762e-01  5.00000000000000027756e-02  2.98659999998240479613e+01  5.00000000000000027756e-02
1.15215277777777771462e+02  3.01999360511578718302e+00  9.74679926458831459968e+02  9.87799904076736794423e+01  1.28270913650821274388e+01  1.20137089804516963341e+04  5.92271301986954131280e+04  2.95473174208302236110e+00  4.81663976190475993239e-03  1.58238000001128824579e+02  6.96667317312483325153e-01  5.00000000000000027756e-02  2.98293333332747074849e+01  5.00000000000000027756e-02
1.15222222222222228538e+02  3.00999040767368031268e+00  9.74609948840926335834e+02  9.90900095923263251052e+01  1.79004666349257028912e+01  1.41189882851733018470e+04  6.43989244888045868720e+04  2.00000000000000000000e+00  4.81863380952381094996e-03  1.58943999998871191792e+02  7.37332682687516727249e-01  5.00000000000000027756e-02  2.97926666667252924015e+01  5.00000000000000027756e-02
1.15229166666666671404e+02  3.00000479616305737451e+00  9.74330028776978338101e+02  9.93799808153477641781e+01  2.34820119047737847495e+01  1.62242676040676869889e+04  6.95707187359920790186e+04  2.00000000000000000000e+00  4.82170214285717983749e-03  1.59649999996612109499e+02  7.77998048062466973640e-01  5.00000000000000027756e-02  2.97560000001759519250e+01  5.00000000000000027756e-02
1.15236111111111114269e+02  3.01999680255768909731e+00  9.74350025579538510101e+02  9.96200015987211600077e+01  3.23715195714179628794e+01  2.08663255381284579926e+04  6.70642096260780526791e+04  3.76613691302794340032e+00  4.86845809523811946101e-03  1.56570666676517902260e+02  8.01999231987713723235e-01  5.00000000000000027756e-02  2.94986666674899140617e+01  5.00000000000000027756e-02
1.15243055555555557135e+02  3.04001278976801714293e+00  9.74399923261391904816e+02  9.98199872102319716305e+01  3.22218231428578505415e+01  2.55083834721892271773e+04  6.45577005161640263395e+04  1.26417130163182847014e+01  4.91521404761905995190e-03  1.53491333338258954200e+02  8.25999615993856850515e-01  5.00000000000000027756e-02  2.92413333337449579119e+01  1.19999168006587123014e-01
1.15250000000000000000e+02  3.06999999999999984013e+00  9.74299999999999954525e+02  9.99800000000000039790e+01  4.08475999999999999091e+01  3.01504414062500000000e+04  6.20511914062500000000e+04  2.26159199022009680391e+01  4.96196999999999957542e-03  1.50412000000000006139e+02  8.49999999999999977796e-01  5.00000000000000027756e-02  2.89840000000000017621e+01  8.00000000000000016653e-02
1.15256944444444442865e+02  3.09997442046396631810e+00  9.74319993605115996615e+02  1.00000000000000000000e+02  3.56671061587314213170e+01  2.69069173237506038276e+04  6.98895676937314419774e+04  2.55157379065670291141e+01  4.88879208994710909991e-03  1.50784000000595028723e+02  9.07334250681341880629e-01  5.00000000000000027756e-02  2.88279999997504674525e+01  8.99996160030401975982e-02
1.15263888888888885731e+02  3.12999840127884443319e+00  9.74269998401278826350e+02  1.00000000000000000000e+02  4.05542185714071763414e+01  2.36633932412512112933e+04  7.77279439812128839549e+04  4.39004476786325028570e+01  4.81561417989421862440e-03  1.51156000001190079729e+02  9.64668501362683894484e-01  5.00000000000000027756e-02  2.86719999995009331428e+01  5.00000000000000027756e-02
1.15270833333333328596e+02  3.16000959232611489114e+00  9.74170100719424112867e+02  1.00000000000000000000e+02  4.02071722381001421809e+01  2.04198691587518151209e+04  8.55663202686943113804e+04  4.84053700532612225516e+01  4.74243626984132814889e-03  1.51528000015195942751e+02  1.02200169594572543019e+00  5.00000000000000027756e-02  2.85159999997312709752e+01  5.00000000000000027756e-02
1.15277777777777771462e+02  3.21999040767368072125e+00  9.74200022382094743989e+02  1.00000000000000000000e+02  4.87936487936186864545e+01  1.55510022877192313899e+04  6.49728848040019947803e+04  4.25587439944385010904e+01  4.72194428571430600133e-03  1.54694666671729805785e+02  1.05733389864855098494e+00  5.00000000000000027756e-02  2.84599999999104618098e+01  5.00000000000000027756e-02
1.15284722222222228538e+02  3.22999999999999998224e+00  9.74309980815347330463e+02  1.00000000000000000000e+02  6.73543773650597046299e+01  1.06821354075932667911e+04  4.43794491803730052197e+04  3.16806027018855509425e+01  4.70274785714284299099e-03  1.57861333328270177390e+02  1.09266610135144892624e+00  5.00000000000000027756e-02  2.84040000000895354049e+01  5.00000000000000027756e-02
1.15291666666666671404e+02  3.29999520383694244785e+00  9.74290009592326100574e+02  1.00000000000000000000e+02  5.18776020476119654745e+01  5.81326863873159982177e+03  2.37860137661239823501e+04  2.74776649486736950223e+01  4.68355142857141987928e-03  1.61027999984804040423e+02  1.12799830405427448099e+00  5.00000000000000027756e-02  2.83480000002687262395e+01  5.00000000000000027756e-02
1.15298611111111114269e+02  3.30000159872115528259e+00  9.74270011191048070032e+02  1.00000000000000000000e+02  5.55389765873055836209e+01  2.08517103424877350335e+04  4.06504675107493239921e+04  4.88585608160927122867e+01  4.75690252777781052290e-03  1.60240000002520929456e+02  1.15666574931865806519e+00  5.00000000000000027756e-02  2.83619999999552128145e+01  5.00000000000000027756e-02
1.15305555555555557135e+02  3.37000000000000010658e+00  9.74170031974419998733e+02  1.00000000000000000000e+02  6.34252059999910358101e+01  3.58901520462438638788e+04  5.75149212553746619960e+04  6.10617586969692709431e+01  4.83491988888891909004e-03  1.59452000001260444151e+02  1.18533287465932901661e+00  5.00000000000000027756e-02  2.83759999999776049151e+01  5.00000000000000027756e-02
1.15312500000000000000e+02  3.50999999999999978684e+00  9.74169999999999959073e+02  1.00000000000000000000e+02  6.71125899999999973033e+01  5.09285937500000000000e+04  7.43793750000000000000e+04  6.02385444214553658071e+01  4.90239833333330939091e-03  1.58663999999999987267e+02  1.21399999999999996803e+00  5.00000000000000027756e-02  2.83900000000000005684e+01  5.00000000000000027756e-02
1.15319444444444442865e+02  3.49000000000000021316e+00  9.74309955235811912644e+02  1.00000000000000000000e+02  7.23677641269696607651e+01  4.74632994856220684596e+04  8.37053958159601461375e+04  7.42055650719590147446e+01  4.83404185185184673279e-03  1.57997333332266947536e+02  1.24200044800716691284e+00  5.00000000000000027756e-02  2.86386666670644274291e+01  5.00000000000000027756e-02
1.15326388888888885731e+02  3.54000319744231095598e+00  9.74269987210230738128e+02  1.00000000000000000000e+02  7.27305106666973415486e+01  4.39980052212441369193e+04  9.30314166319202922750e+04  8.34826407629928155529e+01  4.76568537037038320731e-03  1.57330666664533879384e+02  1.27000089601433407971e+00  5.00000000000000027756e-02  2.88873333341288542897e+01  5.00000000000000027756e-02
1.15333333333333328596e+02  3.61999520383694273207e+00  9.74200000000000045475e+02  1.00000000000000000000e+02  1.03100333380990306864e+02  4.05327109568662053789e+04  1.02357437447880438413e+05  2.57327420023563853135e+01  4.69983730158730905746e-03  1.56663999988924530271e+02  1.29800182394162932908e+00  5.00000000000000027756e-02  2.91359999979045589669e+01  8.99997120028940555958e-02
1.15340277777777771462e+02  3.73001918465263893054e+00  9.74259980815347375938e+02  1.00000000000000000000e+02  6.84357154921092103450e+01  2.59177886828346636321e+04  8.78409505478856008267e+04  2.28684188431246013806e+01  4.68373941798942965836e-03  1.54355999996309748212e+02  1.33600060798051711863e+00  5.33333373866397841834e-02  2.86993333326351489632e+01  9.99999360005067033930e-02
1.15347222222222228538e+02  3.75999040767368031268e+00  9.74199974420463149727e+02  1.00000000000000000000e+02  7.63054278732234934068e+01  1.13028663464622077299e+04  7.33244635146143991733e+04  1.50043468648703939294e+01  4.66764153439151729952e-03  1.52048000003690248150e+02  1.37399939201948284584e+00  7.86666626133602081561e-02  2.82626666673648507810e+01  5.00000000000000027756e-02
1.15354166666666671404e+02  3.89000959232611487337e+00  9.74200038369304479602e+02  1.00000000000000000000e+02  6.15745735714148878515e+01  -3.31205581128306857863e+03  5.88079766316344466759e+04  8.33278913839722434886e+00  4.65020611111105399565e-03  1.49740000011075466091e+02  1.41199817605837063539e+00  1.03999987840028798591e-01  2.78260000020954407773e+01  5.00000000000000027756e-02
1.15361111111111114269e+02  3.93000159872115562010e+00  9.74240022382096185538e+02  1.00000000000000000000e+02  1.09978894920624114206e+02  1.40303469070612882206e+04  7.11785573377562977839e+04  9.96262122516731096766e+00  4.57837740740736978684e-03  1.50671999997018389195e+02  1.44333233065062627176e+00  1.13999996800006039854e-01  2.80759999992002136082e+01  5.00000000000000027756e-02
1.15368055555555557135e+02  4.06994244604392374498e+00  9.74369942446043978634e+02  1.00000000000000000000e+02  1.00478606666661619329e+02  3.13727496254056459293e+04  8.35491380438781488920e+04  9.29874708527019500082e+00  4.50654870370368471066e-03  1.51603999998509209490e+02  1.47466616532531302752e+00  1.23999998400003030863e-01  2.83259999996001070599e+01  5.00000000000000027756e-02
1.15375000000000000000e+02  4.24000000000000021316e+00  9.74340000000000031832e+02  9.99899999999999948841e+01  1.12955699999999993111e+02  4.87151523437500000000e+04  9.59197187500000000000e+04  1.14174397254401025492e+01  4.43471999999999963449e-03  1.52536000000000001364e+02  1.50600000000000000533e+00  1.34000000000000007994e-01  2.85760000000000005116e+01  5.00000000000000027756e-02
1.15381944444444442865e+02  4.21003197442004228890e+00  9.74469872102319868645e+02  9.93599552358119382234e+01  8.61619983809341363212e+01  4.54466562560887905420e+04  1.05569335919523990015e+05  7.10727364357949920048e+00  4.48164460317459090871e-03  1.51640666665234505217e+02  1.48733303466188870878e+00  1.27999999040001810613e-01  2.85679999999872045180e+01  9.99989120086139104959e-02
1.15388888888888885731e+02  4.32000000000000028422e+00  9.74419977617903782630e+02  9.89100095923269293507e+01  9.47373628730158259259e+01  4.21781601684275810840e+04  1.15218953089047980029e+05  1.18134084633547793430e+01  4.52856920634918131557e-03  1.50745333330469037492e+02  1.46866606932377741224e+00  1.21999998080003640988e-01  2.85599999999744049717e+01  5.00000000000000027756e-02
1.15395833333333328596e+02  4.50005755395668849417e+00  9.74349971223021725564e+02  9.84799808153477727046e+01  1.46419723333240654028e+02  3.89096640807663789019e+04  1.24868570258571984596e+05  8.55881001299925259218e+00  4.57549380952377258980e-03  1.49849999992849888031e+02  1.44999945601740876100e+00  1.16000001919995460176e-01  2.85520000044596109490e+01  5.00000000000000027756e-02
1.15402777777777771462e+02  4.63001918465263884173e+00  9.74359958433252586474e+02  9.75700223820947343256e+01  1.55300536825431777288e+02  5.54154661150738684228e+04  1.05021390661986311898e+05  1.92785530371497948465e+01  4.51115312169319323393e-03  1.48359999997617649115e+02  1.43866648533914398556e+00  1.20000000639995760277e-01  2.94813333348192365690e+01  5.00000000000000027756e-02
1.15409722222222228538e+02  4.83999360511578657906e+00  9.74409964828136821779e+02  9.59499328537157651908e+01  1.34911033650550706398e+02  7.19212682599261315772e+04  8.51742109005136881024e+04  1.56457439046764896773e+01  4.44407640211635403260e-03  1.46870000002382340654e+02  1.42733351466085589543e+00  1.23999999360004248272e-01  3.04106666651807628909e+01  5.00000000000000027756e-02
1.15416666666666671404e+02  4.93000959232611446481e+00  9.74270019184652255717e+02  9.46100479616305705122e+01  1.14565295714285724671e+02  8.84270702481983316829e+04  6.53270313266312077758e+04  1.36037593162989018936e+01  4.37699968253965187442e-03  1.45380000007150101737e+02  1.41600054398259111998e+00  1.27999998080004562251e-01  3.13399999955403885110e+01  5.00000479995176619341e-02
1.15423611111111114269e+02  5.04999680255768890191e+00  9.74270012789769225492e+02  9.33799936051153736116e+01  1.36646441904708240145e+02  7.69212434467155544553e+04  7.90390469260874669999e+04  1.47789096988015220546e+01  4.28692259259257513887e-03  1.49424666653727172161e+02  1.57132836258714725375e+00  1.26666667093332518945e-01  3.09826666678098305852e+01  5.00000000000000027756e-02
1.15430555555555557135e+02  5.13000639488400800303e+00  9.74429878497203844745e+02  9.26701406874481818932e+01  1.45657870476217539135e+02  6.54154166452327772276e+04  9.27510625255437334999e+04  1.16504097785393820885e+01  4.19568582010582721148e-03  1.53469333326863591083e+02  1.72666418129357346345e+00  1.25333333546666259029e-01  3.06253333339049156336e+01  5.00000000000000027756e-02
1.15437500000000000000e+02  5.11000000000000031974e+00  9.74350000000000022737e+02  9.30900000000000034106e+01  1.72642300000000005866e+02  5.39095898437500000000e+04  1.06463078125000000000e+05  8.03774261345150975444e+00  4.10444904761907841673e-03  1.57514000000000010004e+02  1.88199999999999989519e+00  1.23999999999999999112e-01  3.02680000000000006821e+01  5.00000000000000027756e-02
1.15444444444444442865e+02  5.16991686650789006308e+00  9.74270051159072068003e+02  9.35799040767398651042e+01  8.77413938412620240115e+01  7.44092056909785023890e+04  9.84607031399074039655e+04  1.00100975314704001562e+01  4.25080344444438065071e-03  1.55887333330731365777e+02  1.92866741334527813656e+00  1.48666670613325890837e-01  2.97439999991618257980e+01  9.99993600050670117252e-02
1.15451388888888885731e+02  5.12000159872115556681e+00  9.74180031974423059182e+02  9.31899904076730649649e+01  7.70020955714731485386e+01  9.49088215382069902262e+04  9.04583281548148079310e+04  8.18088249080173035566e+00  4.41559163888882028060e-03  1.54260666661462721549e+02  1.97533482669055637793e+00  1.73333341226651754807e-01  2.92199999983236473611e+01  5.00000000000000027756e-02
1.15458333333333328596e+02  4.98000000000000042633e+00  9.74320009592326186976e+02  9.39600143884891707557e+01  1.05138929523741481376e+02  1.15408437385435478063e+05  8.24559531697222118964e+04  7.88543480738145596831e+00  4.56209047619057523476e-03  1.52633999985811755096e+02  2.02199299222426631673e+00  1.97999990720022001067e-01  2.86960000026808863538e+01  8.99994240057881145223e-02
1.15465277777777771462e+02  5.08999040767368082783e+00  9.74290015987210495041e+02  9.38799584332526109165e+01  1.86658185396726480576e+02  9.92056797176947293337e+04  9.89734739275520259980e+04  8.98255722881124185619e+00  4.34585039682555251267e-03  1.49677333328605925544e+02  1.87599766407485502029e+00  1.78666663573353867722e-01  2.92546666675599134066e+01  7.99993920048136658574e-02
1.15472222222222228538e+02  5.45999040767368093441e+00  9.74340009592326396159e+02  9.23498976818525818544e+01  1.86246207936359439827e+02  8.30029218448052706663e+04  1.15490994822447974002e+05  6.57415377591623961706e+00  4.12961031746008830345e-03  1.46720666671394070590e+02  1.73000233592514485181e+00  1.59333336426646154926e-01  2.98133333324400879860e+01  1.89999648002786847290e-01
1.15479166666666671404e+02  5.62998081534777039536e+00  9.74230028776978315364e+02  9.11101726618700666904e+01  1.18495988095137690266e+02  6.68001640131551976083e+04  1.32008515610402886523e+05  5.21634907926523627708e+00  3.91682460317454520654e-03  1.43764000014188241039e+02  1.58400700777573355538e+00  1.40000009279978021581e-01  3.03719999973191150389e+01  5.00000000000000027756e-02
1.15486111111111114269e+02  5.52999840127884478846e+00  9.74309982414067235368e+02  9.15300303757019548812e+01  8.11878093808875718196e+01  5.79706458004368032562e+04  1.29396580719435267383e+05  3.49656602488408019269e+00  3.84451640211636372357e-03  1.45964666659626431056e+02  1.48400320005119290556e+00  1.13333341866650560981e-01  3.03700000000063994321e+01  5.00000000000000027756e-02
1.15493055555555557135e+02  5.38002557953603410823e+00  9.74229993605115964783e+02  9.25598593125518220859e+01  1.19479227555605106659e+02  4.91411275877184016281e+04  1.26784645828467633692e+05  2.61612908609595518072e+00  3.77220820105818180693e-03  1.48165333329813222463e+02  1.38400160002559635686e+00  8.66666709333252793801e-02  3.03680000000031995455e+01  5.00000000000000027756e-02
1.15500000000000000000e+02  5.54999999999999982236e+00  9.74200000000000045475e+02  9.17999999999999971578e+01  1.21207200000000000273e+02  4.03116093750000000000e+04  1.24172710937500000000e+05  2.21799326151387621309e+00  3.69989999999999989028e-03  1.50366000000000013870e+02  1.28400000000000003020e+00  5.99999999999999977796e-02  3.03659999999999996589e+01  8.99999999999999966693e-02
1.15506944444444442865e+02  5.51998081534797435665e+00  9.74160019184652014701e+02  9.24698657074358152386e+01  7.81130747301638166391e+01  8.76623124117916740943e+04  1.28545151033521367935e+05  2.24149915569940638704e+00  3.54609047619051671180e-03  1.48650666663922862654e+02  1.34800102401638177696e+00  1.19333342826648730606e-01  3.08746666674803158514e+01  5.00000000000000027756e-02
1.15513888888888885731e+02  5.38000959232693265477e+00  9.74269987210230738128e+02  9.41699360511537832963e+01  9.23033531268639535483e+01  1.35013015448583348189e+05  1.32917591129542735871e+05  3.30679436895602307800e+00  3.39228095238103396700e-03  1.46935333327845739859e+02  1.41200204803276330168e+00  1.78666685653297463432e-01  3.13833333349606320439e+01  1.29999872000194860444e-01
1.15520833333333328596e+02  5.57002398081528760088e+00  9.74160052757793550882e+02  9.60699856115108161703e+01  2.06249449999790698485e+02  1.82363718485375051387e+05  1.37290031225564103806e+05  3.31351072558504755605e+00  3.23847142857155078852e-03  1.45220000014914432995e+02  1.47600598380850289715e+00  2.38000004159990147246e-01  3.18920000004958659190e+01  1.09999664003376393384e-01
1.15527777777777771462e+02  5.80000639488421310119e+00  9.74230041566747445358e+02  9.52000575539579187989e+01  2.87613078412305412712e+02  2.07746729119364026701e+05  1.66296708279277809197e+05  2.00000000000000000000e+00  3.01567380952404758693e-03  1.48328000004969368320e+02  1.60066866126941609316e+00  2.46666668053324128485e-01  3.19953333334985501324e+01  5.00000000000000027756e-02
1.15534722222222228538e+02  6.05997442046314738207e+00  9.74219987210231579411e+02  9.38399488409262971800e+01  1.41276066349282785950e+02  2.33129739630635944195e+05  1.95303385470722190803e+05  2.00000000000000000000e+00  2.79117976190460057723e-03  1.51435999995030641685e+02  1.72533133873058419638e+00  2.55333331946675845536e-01  3.20986666665014439559e+01  8.99999360005066945112e-02
1.15541666666666671404e+02  5.96998561151082718368e+00  9.74259995203836979272e+02  9.24598896882496745775e+01  2.94560661904978701386e+02  2.58512749954629456624e+05  2.24310062574562412919e+05  2.00000000000000000000e+00  2.56668571428561240189e-03  1.54543999985085577009e+02  1.84999401619149717035e+00  2.63999995840009882286e-01  3.22019999995041317220e+01  5.00000000000000027756e-02
1.15548611111111114269e+02  6.28001119104808847027e+00  9.74250001598721155460e+02  9.14799760191826720757e+01  2.45643724444478124269e+02  2.50394364553086285014e+05  2.37651895883041608613e+05  2.00000000000000000000e+00  2.72741875000007474861e-03  1.54807333332490912881e+02  1.67600556808907552586e+00  2.32666676693314422586e-01  3.21600000001343602207e+01  5.00000000000000027756e-02
1.15555555555555557135e+02  6.34001278976801696530e+00  9.74240019184652055628e+02  8.94499936051159920680e+01  2.32110263174548180132e+02  2.42275979151543142507e+05  2.50993729191520804306e+05  2.00000000000000000000e+00  2.90757500000006973914e-03  1.55070666666245443821e+02  1.50200278404453779757e+00  2.01333338346657203521e-01  3.21180000000671839189e+01  6.99994880040536171517e-02
1.15562500000000000000e+02  6.29000000000000003553e+00  9.74269999999999981810e+02  8.91099999999999994316e+01  1.37536200000000008004e+02  2.34157593750000000000e+05  2.64335562500000000000e+05  2.00000000000000000000e+00  3.08045880952383674747e-03  1.55334000000000003183e+02  1.32800000000000006928e+00  1.70000000000000012212e-01  3.20760000000000005116e+01  5.00000000000000027756e-02
1.15569444444444442865e+02  6.38005755395607643266e+00  9.74219948840927941092e+02  8.94296354916115205924e+01  3.67554201269922486972e+02  2.38290833325633633649e+05  2.58645390635600051610e+05  2.00000000000000000000e+00  3.15960894179894780445e-03  1.54253999998272462335e+02  1.24999875198003485011e+00  1.38666661653342793148e-01  3.24440000005886446388e+01  5.00000000000000027756e-02
1.15576388888888885731e+02  6.67001119104808815052e+00  9.74229980815346152667e+02  8.74700655475673727324e+01  1.77256750635154503470e+02  2.42424072901267267298e+05  2.52955218771200132323e+05  2.01242721960339299159e+00  3.23875907407405886143e-03  1.53173999996544921487e+02  1.17199750396006985298e+00  1.07333323306685601839e-01  3.28120000011772887660e+01  5.00000000000000027756e-02
1.15583333333333328596e+02  6.61999520383694228798e+00  9.74379942446043287418e+02  8.74499712230216630360e+01  1.45585101428408279389e+02  2.46557312476900900947e+05  2.47265046906800183933e+05  4.04288249394181864460e+00  3.31577126984125385156e-03  1.52094000008791255141e+02  1.09400105596620655923e+00  7.59999993600015133488e-02  3.31799999979557469487e+01  5.00000000000000027756e-02
1.15590277777777771462e+02  6.61002877697895829812e+00  9.74330003197442124474e+02  8.73199040767368046545e+01  2.47632733650956765814e+02  2.32067432318669336382e+05  2.39750036472337960731e+05  4.06228418542539504443e+00  3.35038105820103333451e-03  1.53926000002929157517e+02  1.11600035198872049591e+00  7.46666664533347512744e-02  3.27539999993188715166e+01  5.00000639994933049337e-02
1.15597222222222228538e+02  6.76999040767368054361e+00  9.74190038369305284505e+02  8.54299936051157970951e+01  1.38516153015773937796e+02  2.17577552056330663618e+05  2.32235026027662039269e+05  2.00434818390633395779e+00  3.38499084656088307377e-03  1.55757999997070839981e+02  1.13799964801127950764e+00  7.33333335466652413981e-02  3.23280000006811292224e+01  5.00000000000000027756e-02
1.15604166666666671404e+02  6.66997122302165568186e+00  9.74240057553956717129e+02  8.71698705035974512612e+01  9.92765018096209104215e+01  2.03087671962749678642e+05  2.24720015704620775068e+05  2.36157801611501350081e+00  3.42340365079380403932e-03  1.57589999991208742358e+02  1.15999894403379344432e+00  7.20000006399984793237e-02  3.19020000020442573430e+01  5.00000000000000027756e-02
1.15611111111111114269e+02  6.68000479616346609646e+00  9.74280011191048060937e+02  8.72299728217403611552e+01  1.39689208571374734902e+02  2.18789171933499776060e+05  2.38966968803080526413e+05  4.42177131550117596959e+00  3.61647243386253609138e-03  1.58309999997696621676e+02  1.13400083201331014493e+00  6.33333361066614197732e-02  3.20619999994881368366e+01  5.00000000000000027756e-02
1.15618055555555557135e+02  6.79997442046396560755e+00  9.74260031974420030565e+02  8.73899424460439178119e+01  1.05205865079354609293e+02  2.34490671904249902582e+05  2.53213921901540248655e+05  2.21381715624370256634e+00  3.80954121693126814344e-03  1.59029999998848296627e+02  1.10800041600665499786e+00  5.46666680533307164369e-02  3.22219999997440638140e+01  8.99995520035468954401e-02
1.15625000000000000000e+02  6.78000000000000024869e+00  9.74200000000000045475e+02  8.62900000000000062528e+01  1.46478199999999986858e+02  2.50192171875000000000e+05  2.67460875000000000000e+05  4.88955765579905587970e+00  4.00261000000000019550e-03  1.59750000000000000000e+02  1.08200000000000007283e+00  5.00000000000000027756e-02  3.23819999999999978968e+01  1.19999999999999995559e-01
1.15631944444444442865e+02  6.95999360511599185486e+00  9.74110051159072099836e+02  8.59298465227838050851e+01  1.56057841904770384645e+02  2.38765192729620350292e+05  2.48510682326968468260e+05  2.00000000000000000000e+00  4.07232230158728353980e-03  1.56305333327823319678e+02  1.07266651733094442456e+00  5.00000000000000027756e-02  3.24620000001279649382e+01  5.99988480091206005662e-02
1.15638888888888885731e+02  6.98000479616346680700e+00  9.74169984012788404470e+02  8.43100159872115568760e+01  1.34780961904704781773e+02  2.27338213584240671480e+05  2.29560489653936936520e+05  2.00000000000000000000e+00  4.14203460317456601675e-03  1.52860666655646667778e+02  1.06333303466188877628e+00  5.00000000000000027756e-02  3.25420000002559319796e+01  5.00000000000000027756e-02
1.15645833333333328596e+02  7.01998081534777007562e+00  9.74060047961630516511e+02  8.53901774580331220932e+01  5.11671961428091179869e+01  2.15911234438861021772e+05  2.10610296980905375676e+05  4.42599259859956717378e+00  4.21174690476184936105e-03  1.49415999997299905999e+02  1.05399718409011633469e+00  5.00000000000000027756e-02  3.26220000015739799437e+01  1.39999520004823435615e-01
1.15652777777777771462e+02  6.81000319744210624862e+00  9.74189936051157928887e+02  8.65300383693052737044e+01  8.07172487935713149909e+01  2.36379979128522041719e+05  2.25852265596595767420e+05  2.12043270299736930085e+00  4.32016677248665652289e-03  1.48853333332433692249e+02  9.95332394696745503815e-01  5.00000000000000027756e-02  3.29500000005244402246e+01  1.19999648002786854506e-01
1.15659722222222228538e+02  6.80000959232631885243e+00  9.74020031974421044652e+02  8.54399648281368229163e+01  1.28148858095428295201e+02  2.56848723996477958281e+05  2.41094234403404232580e+05  2.00000000000000000000e+00  4.42953846560854413300e-03  1.48290666667566313208e+02  9.36667605303254546811e-01  5.00000000000000027756e-02  3.32779999994755613102e+01  5.00000000000000027756e-02
1.15666666666666671404e+02  6.90000959232611510430e+00  9.73949990407673908521e+02  8.43098513189452205552e+01  1.71420305238187609120e+02  2.77317468588175601326e+05  2.56336202940987510374e+05  2.11732463111148172530e+00  4.53891015873020883115e-03  1.47728000002700099458e+02  8.78002815909883826961e-01  6.39999923200181841665e-02  3.36059999984260215911e+01  5.00000000000000027756e-02
1.15673611111111114269e+02  7.09001278976924353969e+00  9.73880019184653860975e+02  8.36299488409230207253e+01  1.58193169523796171916e+02  2.48361400933783734217e+05  2.23409906127325026318e+05  2.00000000000000000000e+00  4.40281444444441671937e-03  1.49593999994030383505e+02  7.94669333375993991453e-01  6.13333341866650547103e-02  3.42433333312944085947e+01  5.00000000000000027756e-02
1.15680555555555557135e+02  7.13001278976801700082e+00  9.73940000000000054570e+02  8.08900575539560833249e+01  1.18838920317447900743e+02  2.19405333279391867109e+05  1.90483609313662513159e+05  2.00000000000000000000e+00  4.25434222222223403648e-03  1.51459999997015188455e+02  7.11334666687996941548e-01  5.86666670933325279380e-02  3.48806666656472046384e+01  5.00000000000000027756e-02
1.15687500000000000000e+02  6.98000000000000042633e+00  9.74000000000000000000e+02  7.98900000000000005684e+01  7.75134900000000044429e+01  1.90449265625000000000e+05  1.57557312500000000000e+05  2.00000000000000000000e+00  4.10587000000005135358e-03  1.53325999999999993406e+02  6.28000000000000002665e-01  5.60000000000000011657e-02  3.55180000000000006821e+01  5.00000000000000027756e-02
1.15694444444444442865e+02  6.87998081534797467640e+00  9.73929936051159870658e+02  8.06100511590720714139e+01  1.14686179682513852640e+02  2.32391895755199569976e+05  1.92244124935382889817e+05  2.00000000000000000000e+00  4.07963922222222882125e-03  1.50486666662124946470e+02  5.78665877320705845932e-01  5.33333329066674743935e-02  3.62526666678418223455e+01  5.00000000000000027756e-02
1.15701388888888885731e+02  6.89999680255768943482e+00  9.73870023980817336451e+02  7.91099792166249784486e+01  1.04511158571407960949e+02  2.74334525885399139952e+05  2.26930937370765779633e+05  2.00000000000000000000e+00  4.06289269444445096807e-03  1.47647333324249871112e+02  5.29331754641411578177e-01  5.06666658133349476212e-02  3.69873333356836440089e+01  5.00000000000000027756e-02
1.15708333333333328596e+02  7.03998561151082746790e+00  9.73820052757793632736e+02  7.85901247002394995889e+01  2.50901478570431521575e+02  3.16277156015598680824e+05  2.61617749806148669450e+05  2.00000000000000000000e+00  4.04829079365078090685e-03  1.44808000004171674391e+02  4.80000575981567090267e-01  5.00000000000000027756e-02  3.77219999994369530327e+01  5.00000000000000027756e-02
1.15715277777777771462e+02  7.55996482813682835200e+00  9.73740009592326373422e+02  7.51500671462842433357e+01  2.73313459049248933752e+02  3.06811750017639307771e+05  2.48653046899160428438e+05  2.00000000000000000000e+00  4.07622399470897438939e-03  1.45677333334723300595e+02  4.92000191993847535432e-01  5.00000000000000027756e-02  3.76046666664790620871e+01  5.00000000000000027756e-02
1.15722222222222228538e+02  7.34999999999999964473e+00  9.73969977617905328771e+02  7.63800127897684149048e+01  1.35498002539523241694e+02  2.97346343732360692229e+05  2.35688343725839571562e+05  2.00000000000000000000e+00  4.10415719576722511780e-03  1.46546666665276688946e+02  5.03999808006152516526e-01  5.00000000000000027756e-02  3.74873333335209366624e+01  5.00000000000000027756e-02
1.15729166666666671404e+02  7.52996642685859818300e+00  9.73849961630695588610e+02  7.57898896882496870830e+01  1.95493110952495214860e+02  2.87880937397513538599e+05  2.22723640637538162991e+05  2.00000000000000000000e+00  4.13265650793654890083e-03  1.47415999995828315150e+02  5.15999424018432906180e-01  5.00000000000000027756e-02  3.73700000005630457167e+01  5.00000000000000027756e-02
1.15736111111111114269e+02  7.70998081534613444177e+00  9.73789998401278808160e+02  7.35700575539615897469e+01  6.42292055238016530438e+01  2.69542510348342359066e+05  2.24967156258358765626e+05  2.00000000000000000000e+00  4.18417767195769941396e-03  1.47495999999744071829e+02  5.95997439959045860469e-01  5.00000000000000027756e-02  3.72346666670996171433e+01  6.99999840000243706006e-02
1.15743055555555557135e+02  7.39996163069594903305e+00  9.73750012789767993127e+02  7.60699232613918923107e+01  1.08255369079395279641e+02  2.51204083299171179533e+05  2.27210671879179397365e+05  2.00000000000000000000e+00  4.23569883597884905974e-03  1.47575999999872038870e+02  6.75998719979522877388e-01  5.00000000000000027756e-02  3.70993333335498078895e+01  5.00000000000000027756e-02
1.15750000000000000000e+02  7.66000000000000014211e+00  9.73759999999999990905e+02  7.55799999999999982947e+01  2.10625400000000013279e+02  2.32865656250000000000e+05  2.29454187500000000000e+05  2.00000000000000000000e+00  4.28721999999999957287e-03  1.47656000000000005912e+02  7.56000000000000005329e-01  5.00000000000000027756e-02  3.69639999999999986358e+01  1.00000000000000005551e-01
1.15756944444444442865e+02  7.87000000000000010658e+00  9.73650051159072063456e+02  7.48201342925641768034e+01  1.61393153460517197573e+02  1.99947489644655666780e+05  1.96151260478705778951e+05  2.00000000000000000000e+00  4.23590055555556933842e-03  1.45770666663650928285e+02  7.41333098662912526322e-01  5.00000000000000027756e-02  3.67226666662806380259e+01  5.00000000000000027756e-02
1.15763888888888885731e+02  7.58000799360577737218e+00  9.73649985611509578121e+02  7.56199504396441852805e+01  8.45145113966789836013e+01  1.67029323039311362663e+05  1.62848333457411557902e+05  2.00000000000000000000e+00  4.18458111111113823660e-03  1.43885333327301879081e+02  7.26666197325825047315e-01  5.00000000000000027756e-02  3.64813333325612703106e+01  7.00000799998782285982e-02
1.15770833333333328596e+02  7.49999040767388525097e+00  9.73420076738608827327e+02  7.68198800959235654773e+01  5.76265067143584204246e+01  1.34111156433967058547e+05  1.29545406436117322301e+05  2.00000000000000000000e+00  4.13326166666670713479e-03  1.42000000004577970003e+02  7.11999744008192325673e-01  5.00000000000000027756e-02  3.62400000035030700474e+01  5.00000000000000027756e-02
1.15777777777777771462e+02  7.23000319744210706574e+00  9.73580022382094739442e+02  7.81599680255789337480e+01  2.98969369841198968629e+01  1.23115908874656917760e+05  1.34168979158050380647e+05  2.00000000000000000000e+00  4.25953936507922695243e-03  1.42954000001525344032e+02  7.06666581336067745056e-01  5.00000000000000027756e-02  3.69700000011671932043e+01  5.00000000000000027756e-02
1.15784722222222228538e+02  7.32000000000000028422e+00  9.73739929656273716319e+02  7.78099936051157925476e+01  4.63572621273483207460e+01  1.12120661437843082240e+05  1.38792552091949619353e+05  2.00000000000000000000e+00  4.39018420634930059410e-03  1.43907999998474650738e+02  7.01333418663932173232e-01  5.00000000000000027756e-02  3.76999999988328085010e+01  5.99999680002533467005e-02
1.15791666666666671404e+02  7.43001918465222921384e+00  9.73669947242206376359e+02  7.69300863309350404506e+01  5.89579533333195584532e+01  1.01125414062889249180e+05  1.43416124926927586785e+05  2.00000000000000000000e+00  4.52082904761910708835e-03  1.44861999995422024767e+02  6.96000255991807592615e-01  5.00000000000000027756e-02  3.84299999964969316579e+01  5.00000000000000027756e-02
1.15798611111111114269e+02  7.36999840127884464636e+00  9.73650011191048065484e+02  7.69100415667500385553e+01  2.97153930158336869738e+01  1.01195065104426175822e+05  1.30340900992951719672e+05  2.00000000000000000000e+00  4.63270919444449050251e-03  1.44866666666651724427e+02  7.52664853304324088512e-01  5.00000000000000027756e-02  3.79993333347110961995e+01  5.00000000000000027756e-02
1.15805555555555557135e+02  7.12998081534797467640e+00  9.73720044764188060071e+02  7.70298529176678101749e+01  2.55308016190475441931e+01  1.01264716145963087911e+05  1.17265677058975852560e+05  2.00000000000000000000e+00  4.74364322222226453968e-03  1.44871333333325878812e+02  8.09332426652161984748e-01  5.00000000000000027756e-02  3.75686666673555507145e+01  5.00000000000000027756e-02
1.15812500000000000000e+02  6.95000000000000017764e+00  9.73779999999999972715e+02  7.79599999999999937472e+01  1.47748299999999996857e+01  1.01334367187500000000e+05  1.04190453125000000000e+05  2.00000000000000000000e+00  4.85006452380953943099e-03  1.44876000000000004775e+02  8.65999999999999992006e-01  5.00000000000000027756e-02  3.71379999999999981242e+01  5.00000000000000027756e-02
1.15819444444444442865e+02  6.75999999999999978684e+00  9.73889910471623920785e+02  7.94401151079121490284e+01  9.89213981587399970863e+00  1.00445882814155134838e+05  1.08741747387354858802e+05  2.00000000000000000000e+00  4.89832179894180222424e-03  1.46555333336019543822e+02  8.40666261326848962554e-01  5.00000000000000027756e-02  3.62293333318798502773e+01  5.00000000000000027756e-02
1.15826388888888885731e+02  6.58000159872115553128e+00  9.73860006394884635483e+02  8.11099776179038229884e+01  6.61085609524055772823e+00  9.95573984408102696761e+04  1.13293041649709703051e+05  2.00000000000000000000e+00  4.94657907407406501749e-03  1.48234666672039082869e+02  8.15332522653697822079e-01  5.00000000000000027756e-02  3.53206666637597095360e+01  5.00000000000000027756e-02
1.15833333333333328596e+02  6.39998081534777085722e+00  9.73809995203836933797e+02  8.29400335731414060092e+01  5.81850378095774356524e+00  9.86689140674654045142e+04  1.17844335912064561853e+05  2.00000000000000000000e+00  4.99298873015872630293e-03  1.49914000000467069640e+02  7.90004703849464973153e-01  5.00000000000000027756e-02  3.44119999973990928765e+01  5.00000000000000027756e-02
1.15840277777777771462e+02  6.23998401278946790427e+00  9.73820019184652664990e+02  8.44899648281368200742e+01  3.19502849524216436805e+00  8.84297734565811988432e+04  8.58685176377136958763e+04  2.00000000000000000000e+00  5.00275394179893525409e-03  1.50011333333488948938e+02  8.88001567949754821996e-01  5.00000000000000027756e-02  3.38699999991333982052e+01  5.00000000000000027756e-02
1.15847222222222228538e+02  5.97999360511578714750e+00  9.73880051159073673261e+02  8.61400191846526439576e+01  1.61673689841192524952e+00  7.81906327934188011568e+04  5.38926991591613186756e+04  2.00000000000000000000e+00  5.01251915343916415457e-03  1.50108666666511027188e+02  9.85998432050245288139e-01  5.00000000000000027756e-02  3.33280000008666021927e+01  5.00000000000000027756e-02
1.15854166666666671404e+02  5.84001918465222935595e+00  9.73970033573141449779e+02  8.72699424460433021977e+01  9.11244471426775337619e-01  6.79514921873496787157e+04  2.19168808178898834740e+04  2.00000000000000000000e+00  5.02275896825399217199e-03  1.50205999999532906486e+02  1.08399529615053502596e+00  5.00000000000000027756e-02  3.27860000026009075214e+01  5.00000000000000027756e-02
1.15861111111111114269e+02  5.67998401278844511353e+00  9.73980023980817350093e+02  8.85500095923269299192e+01  -5.66397166666931184409e-01  6.79245937498997809598e+04  1.44937358732221618993e+04  2.00000000000000000000e+00  5.05229931216932739296e-03  1.48016000007006113037e+02  9.54670805399542632408e-01  5.00000000000000027756e-02  3.22646666683344918169e+01  5.00000000000000027756e-02
1.15868055555555557135e+02  5.46003836930405128669e+00  9.74050019184652001059e+02  8.97899936051159954786e+01  -6.24761930159317246947e-01  6.78976953124498977559e+04  7.07059092855444032466e+03  2.00000000000000000000e+00  5.08183965608466348129e-03  1.45826000003503054359e+02  8.25335402699771347734e-01  5.00000000000000027756e-02  3.17433333341672465622e+01  1.59999424004560297785e-01
1.15875000000000000000e+02  5.34999999999999964473e+00  9.74149999999999977263e+02  9.12099999999999937472e+01  -1.15068499999999995786e+00  6.78707968750000000000e+04  -3.52554016113281250000e+02  2.00000000000000000000e+00  5.11137999999999956963e-03  1.43635999999999995680e+02  6.95999999999999952038e-01  5.00000000000000027756e-02  3.12220000000000013074e+01  8.99999999999999966693e-02
1.15881944444444442865e+02  5.05996163069594828698e+00  9.74239974420464022842e+02  9.33897505995236656418e+01  7.19938869841306505748e-01  5.59979492408676014747e+04  -4.02902428514339226240e+03  2.00000000000000000000e+00  4.95583767195771282554e-03  1.44370000001174076942e+02  6.60666101324289267716e-01  5.00000000000000027756e-02  3.06859999991426306565e+01  5.00000000000000027756e-02
1.15888888888888885731e+02  4.87001278976924378838e+00  9.74239995203836542714e+02  9.23498529176536919749e+01  1.37397698415140066819e-02  4.41251016067352029495e+04  -7.70549455417350327480e+03  2.42015940303046361848e+00  4.80029534391542608146e-03  1.45104000002348158205e+02  6.25332202648578583393e-01  5.00000000000000027756e-02  3.01499999982852564528e+01  5.00000000000000027756e-02
1.15895833333333328596e+02  4.53006235011974656146e+00  9.74020100719424135605e+02  9.56498513189452239658e+01  3.42965266667564716574e-01  3.22522539726028044242e+04  -1.13819648232036142872e+04  2.00000000000000000000e+00  4.64475301587313933738e-03  1.45838000001823502316e+02  5.89997536078851636532e-01  5.00000000000000027756e-02  2.96140000023737677282e+01  5.00000000000000027756e-02
1.15902777777777771462e+02  4.66000959232631917217e+00  9.74239968025578946254e+02  9.55999488409262880850e+01  7.00485609522100372004e-01  3.35505976538304676069e+04  -4.59701192229234948172e+02  2.00000000000000000000e+00  4.40712211640237067761e-03  1.46218000000607588618e+02  5.38665845359652228908e-01  5.00000000000000027756e-02  3.01086666674575837988e+01  5.00000000000000027756e-02
1.15909722222222228538e+02  4.52000959232631860374e+00  9.74070009592326414349e+02  9.38001918465263884173e+01  1.48286995872242699512e+00  3.48489414086695323931e+04  1.04625625203542367672e+04  2.00000000000000000000e+00  4.16747264550247284443e-03  1.46597999999392413883e+02  4.87334154640347738674e-01  5.00000000000000027756e-02  3.06033333325424159455e+01  1.49999360005067000623e-01
1.15916666666666671404e+02  4.52998561151082768106e+00  9.74050076738608822779e+02  9.48998609112713467084e+01  1.47991057619039922955e+00  3.61472850544649481890e+04  2.13848261775729006331e+04  2.00000000000000000000e+00  3.92782317460306593798e-03  1.46977999998176500185e+02  4.36002463921148275539e-01  5.00000000000000027756e-02  3.10979999976262320160e+01  5.00000000000000027756e-02
1.15923611111111114269e+02  4.54999840127884436214e+00  9.74120001598721160008e+02  9.56299824140672853900e+01  1.07126924603298712135e+00  1.79343632133932951547e+04  2.24043808631735992094e+04  2.00000000000000000000e+00  4.24042185185191655705e-03  1.46410000001817110160e+02  5.09997631962117337068e-01  5.00000000000000027756e-02  2.97020000044660079652e+01  6.00001439997807778370e-02
1.15930555555555557135e+02  4.58995523581194042606e+00  9.73970063948840106605e+02  9.47802941646643972717e+01  9.05828711111273610079e-01  -2.78558627678350603674e+02  2.34239355487743014237e+04  2.00000000000000000000e+00  4.58086497354494824596e-03  1.45842000000908569746e+02  5.83998815981058738700e-01  5.00000000000000027756e-02  2.83060000022330058300e+01  5.00000000000000027756e-02
1.15937500000000000000e+02  4.75000000000000000000e+00  9.74049999999999954525e+02  9.47900000000000062528e+01  1.18450300000000008360e+00  -1.84914804687500000000e+04  2.44434902343750000000e+04  2.00000000000000000000e+00  4.92130809523797906752e-03  1.45274000000000000909e+02  6.58000000000000029310e-01  5.00000000000000027756e-02  2.69100000000000001421e+01  5.99999999999999977796e-02
1.15944444444444442865e+02  4.55996163069594828698e+00  9.74040044764187996407e+02  9.54000511590720776667e+01  1.10052417460336848798e+00  8.44904552272990258643e+03  1.76608580855518448516e+04  2.00000000000000000000e+00  5.12683477777770273826e-03  1.47001333336096337234e+02  6.72666901337087508317e-01  5.00000000000000027756e-02  2.61426666654392612088e+01  5.00000000000000027756e-02
1.15951388888888885731e+02  4.59999520383653326405e+00  9.74109980815346148120e+02  9.55999872102307506339e+01  1.17568379206194562059e+00  3.53895715142098051729e+04  1.08782259367286915221e+04  2.34715853100001670128e+00  5.32189380555547417173e-03  1.48728666672192645137e+02  6.87333802674174876302e-01  5.00000000000000027756e-02  2.53753333308785222755e+01  5.00000000000000027756e-02
1.15958333333333328596e+02  4.36997601918471278992e+00  9.73999956834532440553e+02  9.61500623501197537735e+01  7.04816576191066301860e-01  6.23300975056897004833e+04  4.09559378790553455474e+03  2.00000000000000000000e+00  5.51752873015863565254e-03  1.50456000019134080503e+02  7.02009407698929832620e-01  5.00000000000000027756e-02  2.46079999985955737429e+01  5.00000000000000027756e-02
1.15965277777777771462e+02  4.29999999999999982236e+00  9.73900070343726270039e+02  9.65100127897684245681e+01  -2.97849707930810780887e-01  6.31549309880462096771e+04  -4.61604295251538860612e+03  4.13725116220324551364e+00  5.72458560846545935763e-03  1.54443333339708630092e+02  8.98003135899509530304e-01  5.00000000000000027756e-02  2.43153333328653928902e+01  5.00003519972131438287e-02
1.15972222222222228538e+02  4.16000319744210678152e+00  9.73999958433252572831e+02  9.71200223820947456943e+01  -8.33903999999999978598e-01  6.39797643244537903229e+04  -1.33276797037346113939e+04  6.80550505030635566328e+00  5.93164248677270633525e-03  1.58430666660291365133e+02  1.09399686410049046259e+00  5.00000000000000027756e-02  2.40226666671346080761e+01  1.19999520003800250190e-01
1.15979166666666671404e+02  4.03001438848917281632e+00  9.73880062350119715120e+02  9.77199664268585905802e+01  -2.65309238093339394560e-01  6.48045975297533877892e+04  -2.20393162936549924780e+04  4.91177893461408388021e+00  6.12914420634905459523e-03  1.62417999980865914722e+02  1.28999059230107016027e+00  5.00000000000000027756e-02  2.37300000014044272234e+01  5.00000000000000027756e-02
1.15986111111111114269e+02  3.95999680255768904402e+00  9.73969995203836560904e+02  9.82600095923269378773e+01  6.92008549205148648653e-01  4.21699098277782977675e+04  -1.89211450826999498531e+03  4.70161987271241876840e+00  5.93806947089936965761e-03  1.59954666674547240746e+02  1.21266914137292247666e+00  5.00000000000000027756e-02  2.38113333330731364867e+01  7.99998080002922995480e-02
1.15993055555555557135e+02  3.80003836930405070049e+00  9.73949987210232052348e+02  9.87299680255799643191e+01  7.19979644444465383124e-01  1.95352221258032150217e+04  1.82550872771150025073e+04  6.61685345435303151618e+00  5.74699473544968472000e-03  1.57491333337273601956e+02  1.13533457068646126409e+00  5.00000000000000027756e-02  2.38926666665365665665e+01  6.99994880040536171517e-02
1.16000000000000000000e+02  3.74000000000000021316e+00  9.73919999999999959073e+02  9.90300000000000011369e+01  1.31720900000000007424e+00  -3.09946557617187500000e+03  3.84022890625000000000e+04  2.00000000000000000000e+00  5.55592000000000064974e-03  1.55027999999999991587e+02  1.05800000000000005151e+00  5.00000000000000027756e-02  2.39740000000000001990e+01  5.00000000000000027756e-02
