#                     time          SMEAR_TEMP_168.dat             SMEAR_PRESS.dat                SMEAR_RH.dat               SMEAR_SWR.dat                SA_tower.dat               SA_ground.dat                     NH3.dat                SMEAR_CS.dat            SMEAR_GAS_CO.dat           SMEAR_GAS_NO2.dat            SMEAR_GAS_NO.dat            SMEAR_GAS_O3.dat           SMEAR_GAS_SO2.dat
1.09000000000000000000e+02  4.74000000000000021316e+00  9.98059999999999945430e+02  8.88499999999999943157e+01  -3.20205000000000017391e-01  1.20138484375000000000e+05  9.57421562500000000000e+04  5.57579064938496848924e+00  7.76660500000000020987e-03  1.70520000000000010232e+02  2.00000000000000011102e-01  5.00000000000000027756e-02  5.25080000000000026716e+01  1.30000000000000004441e-01
1.09006944444444442865e+02  4.51995523581194014184e+00  9.98199961630695952408e+02  9.09401151079121490284e+01  -1.63230418095237039822e+00  1.03302981802195718046e+05  8.57787656435605313163e+04  3.77179059434164543063e+00  7.45191419312177683737e-03  1.69587999998509189936e+02  2.14666901337087462354e-01  5.00000000000000027756e-02  5.20359999992449999695e+01  6.00003199974664946925e-02
1.09013888888888885731e+02  4.28000479616346662937e+00  9.98309979216624924447e+02  9.30899568345288059845e+01  -1.53814656507964997445e+00  8.64674792293914506445e+04  7.58153750371210480807e+04  4.39520625422549571226e+00  7.13722338624355346487e-03  1.68655999997018398062e+02  2.29333802674174941361e-01  5.00000000000000027756e-02  5.15639999984900043728e+01  1.19999696000462813261e-01
1.09020833333333328596e+02  4.16000479616305796071e+00  9.98170067146282804060e+02  9.43800431654675122672e+01  -3.92265533335129423786e-01  6.96319766565871832427e+04  6.58519844306815793971e+04  2.60772870972208536955e+00  6.82253257936533009237e-03  1.67723999999225782176e+02  2.44000223992831666298e-01  5.39999952000113705997e-02  5.10919999978981564936e+01  5.00000000000000027756e-02
1.09027777777777771462e+02  4.03998721023157436605e+00  9.98259968025578928064e+02  9.52499968025578880315e+01  -2.45990879369270859511e-01  7.18886953082944819471e+04  5.03425859664026138489e+04  2.74738302726989536140e+00  6.94934460317445708982e-03  1.67562666666408716765e+02  2.48666741330940715970e-01  5.00000000000000027756e-02  5.06539999992996854417e+01  5.00000000000000027756e-02
1.09034722222222228538e+02  3.98000319744210662165e+00  9.98250012789768447874e+02  9.50399232613894469068e+01  -6.77701565079649959067e-01  7.41454140667055180529e+04  3.48331874710973934270e+04  4.22329550996574720756e+00  7.08701325396835293824e-03  1.67401333333591281871e+02  2.53333258669059313561e-01  5.00000000000000027756e-02  5.02160000007003120004e+01  1.60000223998226553945e-01
1.09041666666666671404e+02  3.95999040767388521544e+00  9.98409918465227974593e+02  9.52299664268585956961e+01  -1.01992634285763017488e+00  7.64021327261757251108e+04  1.93237891334507366992e+04  2.82534174414587591073e+00  7.22468190476196689409e-03  1.67240000000774216460e+02  2.57999776007168335479e-01  5.00000000000000027756e-02  4.97780000021018409484e+01  5.00000000000000027756e-02
1.09048611111111114269e+02  3.83000479616346645173e+00  9.98489982414067299032e+02  9.62900047961634726335e+01  -9.19711258731298220148e-01  6.09556867914088143152e+04  3.20193685368838268914e+04  2.00000000000000000000e+00  7.38212250000006529882e-03  1.68361333329746031495e+02  2.81332586654721716890e-01  5.00000000000000027756e-02  4.99019999996033050138e+01  5.00000000000000027756e-02
1.09055555555555557135e+02  3.75002557953603377072e+00  9.98430025579535936231e+02  9.67499744204639711143e+01  -1.02660894920632284055e+00  4.55092408566419035196e+04  4.47149479403169098077e+04  2.00000000000000000000e+00  7.54056000000006155376e-03  1.69482666664873022455e+02  3.04666293327360837573e-01  5.00000000000000027756e-02  5.00259999998016482436e+01  1.00000447996453106780e-01
1.09062500000000000000e+02  3.77999999999999980460e+00  9.98559999999999945430e+02  9.61700000000000017053e+01  -1.19991399999999992509e+00  3.00627949218750000000e+04  5.74105273437500000000e+04  6.12773930778615216752e+00  7.68562428571427629781e-03  1.70604000000000013415e+02  3.28000000000000013767e-01  5.00000000000000027756e-02  5.01499999999999985789e+01  8.99999999999999966693e-02
1.09069444444444442865e+02  3.69000639488400850041e+00  9.98560051159072031624e+02  9.61100383693040498656e+01  -6.32555514285771947058e-01  4.49795142951287198230e+04  5.00950742323777594720e+04  5.93281417240674979752e+00  7.65832269841269612509e-03  1.70224666666059903264e+02  3.39333514669567570810e-01  5.00000000000000027756e-02  5.02026666667509076092e+01  1.39999744002026804690e-01
1.09076388888888885731e+02  3.65000159872115537141e+00  9.98630009592326928214e+02  9.64199872102307580235e+01  -1.83042331744973696406e-01  5.98962336683824396459e+04  4.27796211210055116680e+04  7.50826856846814472135e+00  7.63102111111111595237e-03  1.69845333332119793113e+02  3.50667029339135183363e-01  5.00000000000000027756e-02  5.02553333335018237449e+01  1.39999872000194869326e-01
1.09083333333333328596e+02  3.53999520383694266101e+00  9.98580067146282885915e+02  9.55600047961630565396e+01  1.37617766667231133937e-01  7.48129530416361667449e+04  3.54641680096332711400e+04  3.65362682948541772632e+00  7.60807920634917669162e-03  1.69466000005508931281e+02  3.61999808006144285777e-01  5.00000000000000027756e-02  5.03079999986531589684e+01  5.00000000000000027756e-02
1.09090277777777771462e+02  3.40000319744210655060e+00  9.98710006394884203473e+02  9.57199232613894395172e+01  4.71461609522100366654e-01  7.63776927054173575016e+04  3.27094739634668549115e+04  5.86520761168103810235e+00  7.67160433862429293889e-03  1.70614000001835535159e+02  3.57999936002050822559e-01  5.00000000000000027756e-02  5.00273333328845808410e+01  7.99999040007600553670e-02
1.09097222222222228538e+02  3.37999680255789325400e+00  9.98759968025578928064e+02  9.54400223820947388731e+01  3.17494304761050172292e-01  7.79424322945826424984e+04  2.99547799427831450885e+04  2.00000000000000000000e+00  7.73512947089953842306e-03  1.71761999998164469616e+02  3.54000063997949143690e-01  5.00000000000000027756e-02  4.97466666671154200685e+01  2.39999232006080392976e-01
1.09104166666666671404e+02  3.30001438848917194591e+00  9.98889937649880266690e+02  9.53200671462827955338e+01  3.97127580951636915962e-01  7.95071718437360686949e+04  2.72000860053013784636e+04  2.00000000000000000000e+00  7.79798515873018731337e-03  1.72909999994491073494e+02  3.50000191993855680472e-01  5.00000000000000027756e-02  4.94660000013468419411e+01  5.00002879971059438491e-02
1.09111111111111114269e+02  3.29999360511537798146e+00  9.98879979216624974470e+02  9.49199888089519134837e+01  1.04965714401692843810e-03  7.39129570104073791299e+04  3.93321341597842547344e+04  2.00000000000000000000e+00  7.83361677248679139085e-03  1.71501333337839866999e+02  4.25997567961093503985e-01  5.00000000000000027756e-02  4.85880000028088545605e+01  8.00001279998051456621e-02
1.09118055555555557135e+02  3.23001918465202564335e+00  9.98860051159072099836e+02  9.51399360511599212487e+01  -3.64569631746257116767e-01  6.83187421770786895650e+04  5.14641823142671273672e+04  4.58005427435013157123e+00  7.86924838624339546833e-03  1.70092666668919918038e+02  5.01998783980546758876e-01  5.00000000000000027756e-02  4.77100000014044240970e+01  2.50000511995946417265e-01
1.09125000000000000000e+02  3.18000000000000015987e+00  9.99149999999999977263e+02  9.60300000000000011369e+01  -3.58733000000000024077e-01  6.27245273437500000000e+04  6.35962304687500000000e+04  5.90556874643654428070e+00  7.90487999999999954581e-03  1.68683999999999997499e+02  5.77999999999999958256e-01  5.00000000000000027756e-02  4.68320000000000007390e+01  2.30000000000000009992e-01
1.09131944444444442865e+02  3.19999360511599162393e+00  9.99110051159072099836e+02  9.62399616306959444501e+01  -3.16291926983985449695e-01  6.31224374992587472661e+04  4.91163418238491867669e+04  5.89078189122024387103e+00  7.95678145502644144915e-03  1.72645333339669775796e+02  5.27999199987201794926e-01  5.00000000000000027756e-02  4.64239999993473730910e+01  9.99992960055737095670e-02
1.09138888888888885731e+02  3.06000319744231097374e+00  9.99190003197442365490e+02  9.56899840127884431240e+01  -8.70450680953337330159e-01  6.35203476547674872563e+04  3.46364531789483735338e+04  8.27835005779954080651e+00  8.00868291005288335249e-03  1.76606666679339554094e+02  4.77998399974403631596e-01  5.00000000000000027756e-02  4.60159999986947454431e+01  8.00000799998782097244e-02
1.09145833333333328596e+02  3.02999520383694243009e+00  9.99210095923261178541e+02  9.64499856115108258336e+01  -1.33320096666520404582e+00  6.39182578102762345225e+04  2.01565645340475603007e+04  4.28132140475384126432e+00  8.06058436507932525583e-03  1.80567999987865647427e+02  4.28001119964158294184e-01  5.00000000000000027756e-02  4.56080000004478804954e+01  1.20000623993729543804e-01
1.09152777777777771462e+02  2.95000000000000017764e+00  9.99220012789768475159e+02  9.61400511590737067991e+01  -1.28506894285437556213e+00  6.06645638081467695883e+04  2.06413085928466534824e+04  3.86972215034522815102e+00  8.04810338624340100566e-03  1.78039333329290286656e+02  4.51333706654703514793e-01  5.00000000000000027756e-02  4.57013333334825588850e+01  5.00000000000000027756e-02
1.09159722222222228538e+02  3.02000000000000001776e+00  9.99289968025578900779e+02  9.53199552358104966743e+01  -1.27895371428477822029e+00  5.74108697856032304117e+04  2.11260527352783465176e+04  6.07422744362652444750e+00  8.03403923280422357922e-03  1.75510666670709724713e+02  4.74666293345296474993e-01  5.00000000000000027756e-02  4.57946666665174362265e+01  8.00000639994933038235e-02
1.09166666666666671404e+02  3.06996642685859821853e+00  9.99329937649880321260e+02  9.44999328537171976450e+01  -1.30564097142644186533e+00  5.41571757869667126215e+04  2.16107969740340449789e+04  3.02634331275971257824e+00  8.01997507936507217363e-03  1.72982000012134363942e+02  4.97998880035841695602e-01  5.00000000000000027756e-02  4.58879999995521146161e+01  1.79999472005305749533e-01
1.09173611111111114269e+02  2.99000319744231113361e+00  9.99279980815346107192e+02  9.37299888089519157575e+01  -1.50590806349155470478e+00  5.51800963579778108397e+04  3.93314662118560299859e+04  2.00000000000000000000e+00  8.00186870370370000038e-03  1.72789333333949713278e+02  4.66667669349373759324e-01  5.00000000000000027756e-02  4.56920000006270328186e+01  5.00000000000000027756e-02
1.09180555555555557135e+02  3.10994884092793189012e+00  9.99209936051159957060e+02  9.38200127897680147271e+01  -1.20896523809504952141e+00  5.62030169289889017818e+04  5.70521354496780186309e+04  3.12705690747846798416e+00  7.98355851851851976153e-03  1.72596666666974840609e+02  4.35333834674686892541e-01  5.00000000000000027756e-02  4.54960000003135149882e+01  5.00000000000000027756e-02
1.09187500000000000000e+02  2.97000000000000019540e+00  9.99120000000000004547e+02  9.47099999999999937472e+01  -7.46147000000000004682e-01  5.72259375000000000000e+04  7.47728046875000000000e+04  2.00000000000000000000e+00  7.96524833333333952268e-03  1.72403999999999996362e+02  4.04000000000000025757e-01  5.00000000000000027756e-02  4.52999999999999971578e+01  1.10000000000000000555e-01
1.09194444444444442865e+02  3.08998721023198275049e+00  9.99110031974420053302e+02  9.48300063948840090688e+01  -2.62210152381031014190e-01  5.27252239667175890645e+04  6.42705351758143879124e+04  2.00000000000000000000e+00  7.97789188888888348150e-03  1.73798666668897539012e+02  4.32667125340670977174e-01  5.00000000000000027756e-02  4.48499999992801932081e+01  9.99985280116541114248e-02
1.09201388888888885731e+02  3.02001119104808823934e+00  9.99160003197442279088e+02  9.40600351718654223987e+01  8.12031230158485994863e-01  4.82245104334351781290e+04  5.37682656641287758248e+04  5.56465206672871115501e+00  7.99293702777777170798e-03  1.75193333337795081661e+02  4.61334250681341928590e-01  5.00000000000000027756e-02  4.43999999985603821528e+01  2.20000047999926923170e-01
1.09208333333333328596e+02  2.97000000000000019540e+00  9.99269961630695547683e+02  9.44800959232611461402e+01  1.55526384761786728994e+00  4.37237969001527671935e+04  4.32659961524431710131e+04  2.00000000000000000000e+00  8.00283873015877195156e-03  1.76587999995223668748e+02  4.90000991968254528963e-01  5.00000000000000027756e-02  4.39500000006974147482e+01  5.00000000000000027756e-02
1.09215277777777771462e+02  2.88000959232631936757e+00  9.99270041566747408979e+02  9.46200127897684239997e+01  3.20959020952535567517e+00  4.88641341050040355185e+04  3.89039114664623193676e+04  2.00000000000000000000e+00  7.91072894179900912293e-03  1.75592666665075228138e+02  5.10666997322737459264e-01  5.00000000000000027756e-02  4.40953333335657049474e+01  5.00000000000000027756e-02
1.09222222222222228538e+02  2.87001918465263905489e+00  9.99300003197442038072e+02  9.49500031974421148107e+01  5.50789617460175051633e+00  5.40044713637459644815e+04  3.45418268147876806324e+04  2.00000000000000000000e+00  7.81861915343905547471e-03  1.74597333334924769588e+02  5.31333002677262578040e-01  5.00000000000000027756e-02  4.42406666664343006801e+01  7.99996800025335047524e-02
1.09229166666666671404e+02  2.96002398081528683704e+00  9.99299995203836942892e+02  9.50100000000000051159e+01  7.70662525714482260497e+00  5.91448085820927226450e+04  3.01797421894413419068e+04  2.33868837058339007484e+00  7.72831650793649391207e-03  1.73602000004776328979e+02  5.51999008031745508340e-01  5.00000000000000027756e-02  4.43859999993025908793e+01  5.99999999999999977796e-02
1.09236111111111114269e+02  3.09000319744231077834e+00  9.99330017585932750990e+02  9.58499952038365279350e+01  1.13977213015862304246e+01  5.70589127526451484300e+04  3.05271165377525612712e+04  2.01078709240589903473e+00  7.71150433862432919951e-03  1.73547333333508220221e+02  5.85998911982594461456e-01  5.00000000000000027756e-02  4.40780000009853409892e+01  1.99999856000219217167e-01
1.09243055555555557135e+02  3.04002557953603380625e+00  9.99529980815347926182e+02  9.64600063948840045214e+01  1.53037291746052339647e+01  5.49730169231975742150e+04  3.08744908860637806356e+04  2.22800391508609108016e+00  7.69469216931216448696e-03  1.73492666666754104199e+02  6.19999455991297243607e-01  5.00000000000000027756e-02  4.37700000004926721431e+01  8.00003199974664985783e-02
1.09250000000000000000e+02  3.08999999999999985789e+00  9.99639999999999986358e+02  9.69300000000000068212e+01  2.02898099999999992349e+01  5.28871210937500000000e+04  3.12218652343750000000e+04  2.46611989053504077063e+00  7.67787999999999977441e-03  1.73437999999999988177e+02  6.54000000000000025757e-01  5.00000000000000027756e-02  4.34620000000000032969e+01  5.00000000000000027756e-02
1.09256944444444442865e+02  3.08999999999999985789e+00  9.99650089528376042836e+02  9.74000383693040561184e+01  2.35300953333327065309e+01  5.57645364529730723007e+04  5.63047564636904426152e+04  2.00783656693763612466e+00  7.65644812169312752315e-03  1.72707333332164580497e+02  6.93333962676734638642e-01  5.00000000000000027756e-02  4.30539999993473756490e+01  5.00000000000000027756e-02
1.09263888888888885731e+02  3.10999840127884441543e+00  9.99789969624298009876e+02  9.75900031974423143311e+01  2.83961117301556846826e+01  5.86419518121961518773e+04  8.13876476930058852304e+04  4.63890675802943963646e+00  7.63501624338625527189e-03  1.71976666664329172818e+02  7.32667925353469140504e-01  5.00000000000000027756e-02  4.26459999986947480011e+01  5.00000000000000027756e-02
1.09270833333333328596e+02  3.17998081534777066182e+00  9.99819966426858627528e+02  9.79400047961630519922e+01  3.68775162856858500504e+01  6.15193671714192241780e+04  1.06470538922321313294e+05  2.00000000000000000000e+00  7.61358436507938215326e-03  1.71245999997069588971e+02  7.71997984064515030411e-01  5.00000000000000027756e-02  4.22379999985603831192e+01  5.00000000000000027756e-02
1.09277777777777771462e+02  3.20999360511578712973e+00  9.99790035171863110008e+02  9.81199904076736828529e+01  4.84872496190443200703e+01  4.90627812732135280385e+04  8.18319759573736373568e+04  2.23016267291155045882e+00  7.57055074074078696023e-03  1.70635333332356935898e+02  7.29999328021533666622e-01  5.00000000000000027756e-02  4.19379999995203291974e+01  5.00000000000000027756e-02
1.09284722222222228538e+02  3.22000319744210683481e+00  9.99899961630694747328e+02  9.85100127897684245681e+01  4.89774351111156889260e+01  3.66061952892864719615e+04  5.71934127145013553672e+04  2.00000000000000000000e+00  7.52698592592589404288e-03  1.70024666667643060691e+02  6.88000671978466371570e-01  5.00000000000000027756e-02  4.16380000004796713142e+01  5.00000000000000027756e-02
1.09291666666666671404e+02  3.24000479616305758768e+00  9.99890047961630557438e+02  9.88299856115108212862e+01  4.90435852857161123097e+01  2.41496094588412852318e+04  3.25548496579646125610e+04  2.00000000000000000000e+00  7.48342111111109133115e-03  1.69414000002930407618e+02  6.46002015935485007780e-01  5.00000000000000027756e-02  4.13380000014396173924e+01  5.00000000000000027756e-02
1.09298611111111114269e+02  3.28000319744231072505e+00  9.99950000000000045475e+02  9.90700047961634595595e+01  6.14953161111215109713e+01  3.91517604725608543959e+04  4.12492383136430726154e+04  2.00000000000000000000e+00  7.38142619444440064441e-03  1.69979333331524742334e+02  5.89335146695675882178e-01  5.00000000000000027756e-02  4.11700000005374562306e+01  5.99996800004871516654e-02
1.09305555555555557135e+02  3.38998721023198301694e+00  9.99890063948840065677e+02  9.92499808153479676776e+01  7.43439613968253922849e+01  5.41539114862804271979e+04  4.99436269693215363077e+04  2.00000000000000000000e+00  7.27648522222218169936e-03  1.70544666665762377988e+02  5.32667573347837985942e-01  5.00000000000000027756e-02  4.10020000002687297069e+01  5.00000000000000027756e-02
1.09312500000000000000e+02  3.47999999999999998224e+00  1.00002999999999997272e+03  9.92800000000000011369e+01  7.55072799999999944021e+01  6.91560625000000000000e+04  5.86380156250000000000e+04  2.00000000000000000000e+00  7.17141047619043996847e-03  1.71110000000000013642e+02  4.75999999999999978684e-01  5.00000000000000027756e-02  4.08340000000000031832e+01  5.00000000000000027756e-02
1.09319444444444442865e+02  3.58003197442004239548e+00  1.00017992326139187753e+03  9.92999936051159863837e+01  9.43106376190399231518e+01  7.06451354138927126769e+04  5.80170026053235342260e+04  2.00000000000000000000e+00  7.06461153439152597655e-03  1.69903999998070929678e+02  4.63333130663424463958e-01  5.00000000000000027756e-02  4.10506666670132460695e+01  5.00000000000000027756e-02
1.09326388888888885731e+02  3.89999200639422261006e+00  1.00022000159872118275e+03  9.90400063948846280937e+01  1.29207186031714201135e+02  7.21342083277854253538e+04  5.73959895856470684521e+04  2.00000000000000000000e+00  6.95781259259261285199e-03  1.68697999996141817292e+02  4.50666261326848893720e-01  5.00000000000000027756e-02  4.12673333340264818503e+01  5.00000000000000027756e-02
1.09333333333333328596e+02  4.12998081534777039536e+00  1.00024005275779359181e+03  9.84599760191847082069e+01  1.62314310952360273177e+02  7.36232812416781380307e+04  5.67749765659706026781e+04  3.91559996729422277184e+00  6.85284825396828556343e-03  1.67492000009501452951e+02  4.37997888067587159977e-01  5.00000000000000027756e-02  4.14839999998112531898e+01  5.00000000000000027756e-02
1.09340277777777771462e+02  4.28000000000000024869e+00  1.00033002557953693668e+03  9.79200159872105331260e+01  1.97233543174494428740e+02  8.86695077844605402788e+04  7.08264114321477100020e+04  4.05583540460076719114e+00  6.78427021164026110289e-03  1.69472000003165788939e+02  3.93999296022559064578e-01  5.00000000000000027756e-02  4.14446666666037799587e+01  5.00000000000000027756e-02
1.09347222222222228538e+02  4.39999680255789371586e+00  1.00045002557953694122e+03  9.75199840127894646002e+01  2.14811116508220464993e+02  1.03715734403039459721e+05  8.48778463803522754461e+04  4.19607084190759849207e+00  6.71569216931209699711e-03  1.71451999996834189233e+02  3.50000703977440930093e-01  5.00000000000000027756e-02  4.14053333333962214624e+01  5.99994560043069502520e-02
1.09354166666666671404e+02  4.36000959232611506877e+00  1.00062996163069556133e+03  9.73700095923261130793e+01  1.73205341428322839192e+02  1.18761961149027876672e+05  9.89292815830194303999e+04  4.33630627921414291137e+00  6.64717142857137576611e-03  1.73431999990498525221e+02  3.06002111932412834694e-01  5.00000000000000027756e-02  4.13660000001887482313e+01  5.00000000000000027756e-02
1.09361111111111114269e+02  4.64000319744231060071e+00  1.00057001598721160462e+03  9.69499984012788473819e+01  4.27953558411966355379e+02  1.56611729307685251115e+05  1.58518156472012953600e+05  4.47654171652068733067e+00  6.58098095238091734815e-03  1.72657333335811586039e+02  3.32665813319681924476e-01  5.00000000000000027756e-02  4.15153333328555902426e+01  5.00000000000000027756e-02
1.09368055555555557135e+02  4.75003836930405132222e+00  1.00072994884092793200e+03  9.58401087130281439386e+01  3.48244897777625681101e+02  1.94461497466342640109e+05  2.18107031361006491352e+05  4.61677715382723174997e+00  6.51479047619045806283e-03  1.71882666667905795066e+02  3.59332906659840967123e-01  6.73333303466722987718e-02  4.16646666664277987024e+01  5.00000000000000027756e-02
1.09375000000000000000e+02  5.41000000000000014211e+00  1.00066999999999995907e+03  9.52399999999999948841e+01  4.73844200000000000728e+02  2.32311265625000000000e+05  2.77695906250000000000e+05  4.75701259113377616927e+00  6.44859999999999964487e-03  1.71108000000000004093e+02  3.86000000000000009770e-01  8.59999999999999931166e-02  4.18140000000000000568e+01  5.00000000000000027756e-02
1.09381944444444442865e+02  6.36005755395607685898e+00  1.00065014068744812903e+03  9.12602685851283581542e+01  5.10408346666665295288e+02  2.72824437424529111013e+05  2.95596864549986144993e+05  4.89724802844031970039e+00  6.14104047619055785912e-03  1.69312666663794914257e+02  3.69999743995904573080e-01  5.99999958400078553522e-02  4.25653333345351470030e+01  5.00000000000000027756e-02
1.09388888888888885731e+02  6.58000000000000007105e+00  1.00096997601918269538e+03  8.89499904076730700808e+01  5.39158214761738349807e+02  3.13337609224058222026e+05  3.13497822849972289987e+05  5.03748346574686500787e+00  5.83348095238111520600e-03  1.67517333327589795999e+02  3.53999487991809191900e-01  5.00000000000000027756e-02  4.33166666690702939491e+01  5.00000000000000027756e-02
1.09395833333333328596e+02  6.92001438848917249658e+00  1.00102007194244583843e+03  8.61698417266191114550e+01  5.42141809047594620097e+02  3.53850781023587391246e+05  3.31398781149958376773e+05  5.17771890305340853899e+00  5.52592142857167255288e-03  1.65722000002360971394e+02  3.37997920066563151131e-01  5.00000000000000027756e-02  4.40679999996864779632e+01  5.00000000000000027756e-02
1.09402777777777771462e+02  7.47995523581051013906e+00  1.00122998081534740322e+03  8.47502909672316917522e+01  5.57579715555528082405e+02  3.54488864582144247834e+05  3.03941661509501165710e+05  5.31795434035995295829e+00  5.58520428571421343605e-03  1.66214000000786654709e+02  2.94665973355550614432e-01  5.00000000000000027756e-02  4.40026666665622059327e+01  1.19999488004053606049e-01
1.09409722222222228538e+02  7.32001918465263923252e+00  1.00142994564348418862e+03  8.47799776179052599900e+01  5.72288060634986891273e+02  3.55126947917855752166e+05  2.76484541615498834290e+05  5.45818977766678514740e+00  5.65350785714290645506e-03  1.66705999999213361207e+02  2.51334026644449370913e-01  5.00000000000000027756e-02  4.39373333334377917936e+01  5.00000000000000027756e-02
1.09416666666666671404e+02  7.58999520383694203929e+00  1.00126995203836941073e+03  8.29596690647490362380e+01  5.89395590952405655116e+02  3.55765031629542063456e+05  2.49027422141447081231e+05  5.59842521497332867852e+00  5.72181142857145982883e-03  1.67197999997639044523e+02  2.08002079933436861969e-01  5.00000000000000027756e-02  4.38720000003135197630e+01  5.00000000000000027756e-02
1.09423611111111114269e+02  7.91999680255768900849e+00  1.00131999040767311726e+03  8.30598481214902335523e+01  6.00680051587318644124e+02  4.23678437753028061707e+05  2.96704166844298073556e+05  5.73866065227987309783e+00  5.64429277777776187280e-03  1.67280666666402197507e+02  1.89333930676222644829e-01  5.00000000000000027756e-02  4.47139999973063169136e+01  5.00000000000000027756e-02
1.09430555555555557135e+02  8.41999999999999992895e+00  1.00136003836930410671e+03  7.99799232613919031110e+01  6.13117010158730863623e+02  4.91591843876514001749e+05  3.44380911547149065882e+05  5.87889608958641751713e+00  5.55942174603175215397e-03  1.67363333333201097730e+02  1.70666965338111320527e-01  5.00000000000000027756e-02  4.55559999986531636296e+01  5.00000000000000027756e-02
1.09437500000000000000e+02  8.66000000000000014211e+00  1.00142999999999994998e+03  7.62600000000000051159e+01  6.30012799999999970169e+02  5.59505250000000000000e+05  3.92057656250000000000e+05  6.01913152689296193643e+00  5.47455071428574330250e-03  1.67445999999999997954e+02  1.51999999999999996225e-01  5.00000000000000027756e-02  4.63980000000000032401e+01  5.00000000000000027756e-02
1.09444444444444442865e+02  8.86998721023198299918e+00  1.00147991686650789234e+03  7.41496482813795410038e+01  6.37087333650788764317e+02  5.74052208306234213524e+05  3.99599604152616986539e+05  6.15936696419950635573e+00  5.48505377777777029108e-03  1.65369333330011556882e+02  1.64000192003071559865e-01  5.00000000000000027756e-02  4.70266666676722664420e+01  5.00000000000000027756e-02
1.09451388888888885731e+02  9.03999680255768822690e+00  1.00150999999999999091e+03  7.11702206235194552164e+01  6.48455171269822585600e+02  5.88599166612468427047e+05  4.07141552055233973078e+05  6.29960240150605077503e+00  5.50295655555554756588e-03  1.63292666660023115810e+02  1.76000384006143123505e-01  5.00000000000000027756e-02  4.76553333353445296439e+01  1.29999792000316638507e-01
1.09458333333333328596e+02  9.25007194244586017362e+00  1.00142001438848910766e+03  6.88798321342929824596e+01  6.61185692857150115742e+02  6.03146124918702640571e+05  4.14683499957850959618e+05  6.43983783881259519433e+00  5.52121841269840110678e-03  1.61216000008800875776e+02  1.87999200025601193031e-01  5.00000000000000027756e-02  4.82840000013660315403e+01  5.00000000000000027756e-02
1.09465277777777771462e+02  9.64991047162101978074e+00  1.00141004156674739534e+03  6.77900223820947473996e+01  6.69215525396781799827e+02  6.88439499841051176190e+05  4.41712739532962848898e+05  6.58007327611913961363e+00  5.54660201058199218288e-03  1.63050000002932364396e+02  1.71333066675211781460e-01  5.00000000000000027756e-02  4.85686666671218176816e+01  8.99998080015201040727e-02
1.09472222222222228538e+02  9.90992965627365762771e+00  1.00162997442046309970e+03  6.76699648281368268954e+01  6.75063891428583360721e+02  7.73732875158948823810e+05  4.68741979217037151102e+05  6.72030871342597091456e+00  5.57198560846563530069e-03  1.64883999997067633103e+02  1.54666933324788230530e-01  5.00000000000000027756e-02  4.88533333328781793625e+01  5.00000000000000027756e-02
1.09479166666666671404e+02  9.98007673860891841855e+00  1.00167001918465223298e+03  6.53401678657070164036e+01  6.80071528571428984833e+02  8.59026250199179397896e+05  4.95771218848978576716e+05  6.86054415073251533386e+00  5.59531436507931714125e-03  1.66717999991199121723e+02  1.38000799974398818959e-01  5.00000000000000027756e-02  4.91379999986339655038e+01  5.00000000000000027756e-02
1.09486111111111114269e+02  1.03399936051153780170e+01  1.00171001119104812460e+03  6.39499536370864944956e+01  6.81719517777789860702e+02  8.94666437632786226459e+05  5.13481958399319031741e+05  7.00077958803905975316e+00  5.53507957671954455708e-03  1.66436666667566697697e+02  1.51999551992833020764e-01  5.00000000000000027756e-02  5.00079999972167428268e+01  5.00000000000000027756e-02
1.09493055555555557135e+02  1.05500063948840097083e+01  1.00188992326139191391e+03  6.29090215827466963106e+01  6.84034136190473191164e+02  9.30306625066393171437e+05  5.31192697949659544975e+05  7.14101502534560417246e+00  5.47484478835977284028e-03  1.66155333333783346461e+02  1.65999775996416520929e-01  5.00000000000000027756e-02  5.08779999986083666386e+01  5.00000000000000027756e-02
1.09500000000000000000e+02  1.11500000000000003553e+01  1.00184000000000003183e+03  5.65600000000000022737e+01  6.92032100000000014006e+02  9.65946812500000000000e+05  5.48903437500000000000e+05  7.28125046265214770358e+00  5.41461000000000025612e-03  1.65873999999999995225e+02  1.79999999999999993339e-01  5.60000000000000011657e-02  5.17479999999999975557e+01  1.19999999999999995559e-01
1.09506944444444442865e+02  1.09101215027961622184e+01  1.00183003836930413399e+03  5.61395459632353990287e+01  6.90024409523811755207e+02  1.01268316657960275188e+06  5.49936854164741584100e+05  7.42148589995869301106e+00  5.28342283068786514044e-03  1.65273333332372516224e+02  1.84666741334527817475e-01  6.80000019199963751104e-02  5.17666666666965227250e+01  5.00000000000000027756e-02
1.09513888888888885731e+02  1.13799728217403579578e+01  1.00210997761790383720e+03  5.52699360511537847174e+01  6.88836160317472717907e+02  1.05941952065920550376e+06  5.50970270829483051784e+05  7.56172133726523654218e+00  5.15223566137573089213e-03  1.64672666664745037224e+02  1.89333482669055669367e-01  8.00000038399927421162e-02  5.17853333333930478943e+01  5.00000000000000027756e-02
1.09520833333333328596e+02  1.06999904076738836523e+01  1.00200997601918470536e+03  5.64397458033579582093e+01  6.90691998095242411182e+02  1.10615587473880848847e+06  5.52003687494224635884e+05  7.70195677457178184966e+00  5.02104849206359577646e-03  1.64071999994203139295e+02  1.94000351988735469932e-01  9.19999868800310816042e-02  5.18040000009085588317e+01  1.09999568004341088945e-01
1.09527777777777771462e+02  1.09400575539579154594e+01  1.00200999040767362658e+03  5.55998017585894004355e+01  6.90699817460303734151e+02  1.07509729172454611398e+06  5.39910750022535794415e+05  7.84219221187832538078e+00  4.85201227513245517825e-03  1.62863999998068550212e+02  2.01333450662906837669e-01  6.46666622933623341796e-02  5.19933333336360590238e+01  1.10000127998986604871e-01
1.09534722222222228538e+02  1.13899840127894673714e+01  1.00212995843325256828e+03  5.35498689048736338236e+01  6.86713462857134231854e+02  1.04403870827545400243e+06  5.27817812477464205585e+05  7.98242764918515668171e+00  4.68204534391522108477e-03  1.61656000001931460019e+02  2.08666549337093165661e-01  5.00000000000000027756e-02  5.21826666663639429089e+01  5.00000000000000027756e-02
1.09541666666666671404e+02  1.10800815347719758819e+01  1.00217997122302165280e+03  5.14199376498802536162e+01  6.79458117142845026137e+02  1.01298012464537529740e+06  5.15724874961184104905e+05  8.12266308649170198919e+00  4.51207841269833480335e-03  1.60448000005796870937e+02  2.15999648011264533398e-01  5.00000000000000027756e-02  5.23719999990914431010e+01  5.00000000000000027756e-02
1.09548611111111114269e+02  1.10599968025576895769e+01  1.00218000639488457182e+03  5.10202094324713684159e+01  6.76338780317451210067e+02  9.49525312263583531603e+05  5.08779343724122736603e+05  8.26289852379824552031e+00  4.58747783333336971862e-03  1.61177999997664642251e+02  2.08666901337087457025e-01  5.00000000000000027756e-02  5.16360000023545708814e+01  5.00000000000000027756e-02
1.09555555555555557135e+02  1.17099104716238819890e+01  1.00229989768185578214e+03  5.14501023181441397014e+01  6.71916775873012511511e+02  8.86070499881791765802e+05  5.01833812487061368302e+05  8.40313396110478905143e+00  4.67524866666670091409e-03  1.61907999998832309529e+02  2.01333450668543745277e-01  5.00000000000000027756e-02  5.09000000011772897324e+01  5.00000000000000027756e-02
1.09562500000000000000e+02  1.14499999999999992895e+01  1.00220000000000004547e+03  5.10900000000000034106e+01  6.60528699999999957981e+02  8.22615687500000000000e+05  4.94888281250000000000e+05  8.54336939841133435891e+00  4.75510357142856342899e-03  1.62638000000000005230e+02  1.94000000000000005773e-01  5.00000000000000027756e-02  5.01640000000000014779e+01  1.19999999999999995559e-01
1.09569444444444442865e+02  1.21298529176678062669e+01  1.00232991047162397535e+03  5.17394500399752743647e+01  6.55822320634923130456e+02  8.26812708325514802709e+05  4.70628281295193301048e+05  8.68360483571787966639e+00  4.73293095238095078842e-03  1.64208000002511340654e+02  1.93333322666496026931e-01  5.00000000000000027756e-02  5.02600000001535605065e+01  1.59999744002026794698e-01
1.09576388888888885731e+02  1.20500015987211561708e+01  1.00227997601918264081e+03  5.00000751398943066306e+01  6.45057621111112439394e+02  8.31009729151029605418e+05  4.46368281340386602096e+05  8.82384027302442319751e+00  4.71075833333333728048e-03  1.65778000005022676078e+02  1.92666645332992048090e-01  5.00000000000000027756e-02  5.03560000003071195351e+01  6.00000319999512837787e-02
1.09583333333333328596e+02  1.18300287769783452063e+01  1.00243995683453249512e+03  5.04400863309350313557e+01  6.29954820000013114623e+02  8.35206749976544408128e+05  4.22108281385579844937e+05  8.96407571033096672863e+00  4.68990587301587082136e-03  1.67347999995857122713e+02  1.91999808006144301320e-01  5.00000000000000027756e-02  5.04519999993281800243e+01  5.00000000000000027756e-02
1.09590277777777771462e+02  1.22300063948842137052e+01  1.00236000959232637797e+03  5.03598912869683772442e+01  6.22309125396862668822e+02  9.02533541541199549101e+05  4.16989479176205815747e+05  9.10431114763751203611e+00  4.69523656084655689746e-03  1.66484666665286312082e+02  1.87999936002050838102e-01  5.00000000000000027756e-02  5.03119999997761553345e+01  5.00000000000000027756e-02
1.09597222222222228538e+02  1.21300127897684273393e+01  1.00236996482813685816e+03  4.94399808153473614425e+01  6.10408672380915731992e+02  9.69860333458800450899e+05  4.11870677073794184253e+05  9.24454658494434333704e+00  4.70056724867725424927e-03  1.65621333334713710883e+02  1.84000063997949159234e-01  5.00000000000000027756e-02  5.01720000002238393222e+01  1.09999776001773449940e-01
1.09604166666666671404e+02  1.24299760191847123991e+01  1.00218003357314137247e+03  4.93899088729019126731e+01  5.98021791904761471415e+02  1.03718712490141578019e+06  4.06751874951612844598e+05  9.38478202225088864452e+00  4.70441865079360577867e-03  1.64758000004142900252e+02  1.80000191993855696015e-01  5.00000000000000027756e-02  5.00320000006718146324e+01  1.10000095999035318872e-01
1.09611111111111114269e+02  1.26900287769807977867e+01  1.00243996962429810083e+03  4.85000783373366175510e+01  5.87962808730054007356e+02  1.01954693743427714799e+06  3.98093708301075210329e+05  9.52501745955743217564e+00  4.64811243386240371955e-03  1.66584666660822904305e+02  1.97999423990785294869e-01  5.00000000000000027756e-02  5.10413333301043223855e+01  1.19999984000024359498e-01
1.09618055555555557135e+02  1.27400063948840092110e+01  1.00245992326139196393e+03  4.79797825739437087122e+01  5.64030208571401317386e+02  1.00190674996713863220e+06  3.89435541650537634268e+05  9.66525289686397570676e+00  4.59180621693120166044e-03  1.68411333330411451925e+02  2.15999711995392668085e-01  5.00000000000000027756e-02  5.20506666650521623296e+01  9.99994240045603138833e-02
1.09625000000000000000e+02  1.28800000000000007816e+01  1.00228999999999996362e+03  4.75700000000000002842e+01  5.53046000000000049113e+02  9.84266562500000000000e+05  3.80777375000000000000e+05  9.80548833417052101424e+00  4.53549999999999960132e-03  1.70237999999999999545e+02  2.34000000000000013545e-01  5.00000000000000027756e-02  5.30600000000000022737e+01  5.00000000000000027756e-02
1.09631944444444442865e+02  1.28399680255799566453e+01  1.00240993605115988885e+03  4.72204284572285644117e+01  5.26626266031746695262e+02  9.98273104140574228950e+05  3.91800322896132303867e+05  9.94572377147706632172e+00  4.66223941798938387032e-03  1.68919333331224038375e+02  2.01332810658305189078e-01  5.00000000000000027756e-02  5.30046666665781600614e+01  5.00000000000000027756e-02
1.09638888888888885731e+02  1.29499920063942219883e+01  1.00241999200639418177e+03  4.85698960831248953696e+01  5.11911723492080966480e+02  1.01227964578114857432e+06  4.02823270792264665943e+05  1.00859592087836098528e+01  4.78897883597876900669e-03  1.67600666662448077204e+02  1.68665621316610392366e-01  5.00000000000000027756e-02  5.29493333331563107436e+01  5.00000000000000027756e-02
1.09645833333333328596e+02  1.29599760191847135360e+01  1.00232002398081533556e+03  4.69999040767388507334e+01  4.98329381904791659963e+02  1.02628618742172280326e+06  4.13846218688396969810e+05  1.02261946460901533840e+01  4.91571825396815327569e-03  1.66282000000675026286e+02  1.35999424018432873984e-01  5.00000000000000027756e-02  5.28940000017051445980e+01  5.00000000000000027756e-02
1.09652777777777771462e+02  1.28999872102315737976e+01  1.00234002238209473035e+03  4.73400863309368773457e+01  4.85027608888906911488e+02  1.02246081250712880865e+06  3.99749489609603362624e+05  1.03664300833966969151e+01  4.94076195767193405289e-03  1.66422666666891586829e+02  1.23999808006152484330e-01  5.00000000000000027756e-02  5.32493333339014753847e+01  2.49999552003546898771e-01
1.09659722222222228538e+02  1.32299296562736579119e+01  1.00238996802557892352e+03  4.74300799360526639248e+01  4.63245655238048868796e+02  1.01863543749287119135e+06  3.85652760390396637376e+05  1.05066655207035282160e+01  4.96330494708996285830e-03  1.66563333333108431589e+02  1.12000191993847530991e-01  5.00000000000000027756e-02  5.36046666660985238195e+01  5.00002559979732044693e-02
1.09666666666666671404e+02  1.29799280575541402527e+01  1.00232003836930448415e+03  4.75000383693044625488e+01  4.42560181428526163927e+02  1.01481006253862183075e+06  3.71556031531275075395e+05  1.06469009580100735235e+01  4.98584793650794656089e-03  1.66703999999324992132e+02  1.00000575981567141337e-01  5.00000000000000027756e-02  5.39599999982948546062e+01  5.00003839961412621662e-02
1.09673611111111114269e+02  1.28600095923269321929e+01  1.00240997442046148080e+03  4.66299840127884479557e+01  4.22552556984118950822e+02  1.02172087502574792597e+06  4.21886021020850050263e+05  1.07871363953166188310e+01  4.98505370370370352179e-03  1.66977999999123454700e+02  1.76664213294085575834e-01  5.00000000000000027756e-02  5.44866666649817830148e+01  7.00001919997077087787e-02
1.09680555555555557135e+02  1.30799808153479748540e+01  1.00247990407673989921e+03  4.61298337330157792735e+01  4.03411561269835203802e+02  1.02863168751287390478e+06  4.72216010510425025132e+05  1.09273718326231623621e+01  4.98308280423280427346e-03  1.67251999999561718369e+02  2.53332106647042754055e-01  5.00000000000000027756e-02  5.50133333324908875284e+01  1.49999680002533497536e-01
1.09687500000000000000e+02  1.28699999999999992184e+01  1.00237000000000000455e+03  4.53900000000000005684e+01  3.82832200000000000273e+02  1.03554250000000000000e+06  5.22546000000000000000e+05  1.10676072699297058932e+01  4.98111190476190589249e-03  1.67526000000000010459e+02  3.30000000000000015543e-01  5.00000000000000027756e-02  5.55399999999999991473e+01  1.10000000000000000555e-01
1.09694444444444442865e+02  1.28699360511599145696e+01  1.00234998081534797620e+03  4.33899104716238852575e+01  3.60383724444449569546e+02  9.21839708545147092082e+05  5.08103843776903871913e+05  1.12078427072362512007e+01  4.90974922222225246271e-03  1.65377333329896401892e+02  3.19333162663936409587e-01  5.00000000000000027756e-02  5.54713333332234981299e+01  5.99999999999999977796e-02
1.09701388888888885731e+02  1.27100015987211563129e+01  1.00250998401278843630e+03  4.40699760191826683808e+01  3.32245115396778146533e+02  8.08136917090294300579e+05  4.93661687553807802033e+05  1.13480781445427965082e+01  4.83300269444447618689e-03  1.63228666659792764904e+02  3.08666325327872748119e-01  5.00000000000000027756e-02  5.54026666664469971124e+01  1.00000031999951291550e-01
1.09708333333333328596e+02  1.28399952038369420393e+01  1.00247001918465230119e+03  4.46999712230216559306e+01  3.10302738095198435531e+02  6.94434125635441392660e+05  4.79219531330711673945e+05  1.14883135818493400393e+01  4.75740111111113469361e-03  1.61080000005816060593e+02  2.97996448113669321067e-01  5.00000000000000027756e-02  5.53340000016667588056e+01  5.00000000000000027756e-02
1.09715277777777771462e+02  1.28100159872105336945e+01  1.00252995203836837845e+03  4.48599999999999994316e+01  2.91611216507906647166e+02  7.55401124886384699494e+05  4.73040052094849117566e+05  1.16285490191558835704e+01  4.70450759259263048134e-03  1.62292000001937879006e+02  2.23998816037940251533e-01  5.00000000000000027756e-02  5.56813333338886806700e+01  1.59999552003546902101e-01
1.09722222222222228538e+02  1.27300191846526384865e+01  1.00245003197442110832e+03  4.54300159872105311365e+01  2.50231452381291063602e+02  8.16368125113615300506e+05  4.66860572905150882434e+05  1.17687844564627148713e+01  4.65161407407401784886e-03  1.63503999998062141685e+02  1.50001183962059747579e-01  5.00000000000000027756e-02  5.60286666661113201826e+01  5.00000000000000027756e-02
1.09729166666666671404e+02  1.27599568345324829721e+01  1.00255990887290181490e+03  4.57499232613910820078e+01  2.51646939047609123463e+02  8.77335125461164512672e+05  4.60681093999555916525e+05  1.19090198937692601788e+01  4.60032658730159804694e-03  1.64715999994183960098e+02  7.60035518863306780446e-02  5.00000000000000027756e-02  5.63759999983332420470e+01  1.00000047999517657771e-01
1.09736111111111114269e+02  1.25900031974423107783e+01  1.00253000159872112818e+03  4.36199760191826655387e+01  2.30532053650767608133e+02  9.59853666974109713919e+05  5.05335416833037277684e+05  1.20492553310758037100e+01  4.61435105820106553770e-03  1.62268000007831517451e+02  1.48664341296133262205e-01  5.00000000000000027756e-02  5.66859999990082599197e+01  1.49999856000219200514e-01
1.09743055555555557135e+02  1.25400127897680153666e+01  1.00247004476418806007e+03  4.38498401278997889108e+01  2.08411890476186329124e+02  1.04237220848705479875e+06  5.49989739666518638842e+05  1.21894907683823490174e+01  4.62837552910053216110e-03  1.59820000003915765774e+02  2.21332170648066650642e-01  5.00000000000000027756e-02  5.69959999995041286525e+01  1.09999872001013396239e-01
1.09750000000000000000e+02  1.22200000000000006395e+01  1.00260000000000002274e+03  4.40000000000000000000e+01  1.85887000000000000455e+02  1.12489075000000000000e+06  5.94644062500000000000e+05  1.23297262056888925486e+01  4.64239999999999965186e-03  1.57372000000000014097e+02  2.93999999999999983569e-01  5.00000000000000027756e-02  5.73059999999999973852e+01  5.99999999999999977796e-02
1.09756944444444442865e+02  1.21600063948840091399e+01  1.00253002557953595897e+03  4.49200639488400881305e+01  1.64654405714290561491e+02  1.06407766677995375358e+06  6.40450541581335011870e+05  1.24699616429954378560e+01  4.73070357142854787391e-03  1.57981333334308004623e+02  3.52000928014845892999e-01  5.00000000000000027756e-02  5.70533333329291707514e+01  2.00000639994933004928e-01
1.09763888888888885731e+02  1.19900079936057775143e+01  1.00259002078337505282e+03  4.59199760191826698019e+01  1.43201761904777839618e+02  1.00326458355990739074e+06  6.86257020662670023739e+05  1.26101970803019813872e+01  4.81900714285709609597e-03  1.58590666668616023571e+02  4.10001856029691802430e-01  5.00000000000000027756e-02  5.68006666658583512231e+01  2.80000063999902570888e-01
1.09770833333333328596e+02  1.18100000000000004974e+01  1.00260998081534773974e+03  4.65099712230216510989e+01  1.22738705714315656792e+02  9.42451500339861027896e+05  7.32063499744005035609e+05  1.27504325176085266946e+01  4.90731071428564431802e-03  1.59200000015624624439e+02  4.67998464049154350164e-01  5.00000000000000027756e-02  5.65479999987459365229e+01  2.70000335996623597179e-01
1.09777777777777771462e+02  1.16400000000000005684e+01  1.00263998081534737139e+03  4.68999840127894671582e+01  1.02248406666711019852e+02  8.66430875141668599099e+05  6.88682375080843106844e+05  1.28906679549150702258e+01  4.78956984126997168533e-03  1.62456000005205993375e+02  4.35999488016406588908e-01  5.00000000000000027756e-02  5.62866666662488270845e+01  1.99999936000506722822e-01
1.09784722222222228538e+02  1.14199872102315733713e+01  1.00258002238209473944e+03  4.74400607514000185461e+01  8.42512184126685212959e+01  7.90410249858331400901e+05  6.45301249919156893156e+05  1.30309033922219015267e+01  4.66676230158721318253e-03  1.65711999994793984570e+02  4.04000511983593435517e-01  5.00000000000000027756e-02  5.60253333337511776335e+01  1.69999744002026803580e-01
1.09791666666666671404e+02  1.10600527577936311729e+01  1.00247008633093503249e+03  4.84899376498802539004e+01  6.63242125237881197108e+01  7.14389624580216011964e+05  6.01920124942389666103e+05  1.31711388295284468342e+01  4.54395476190470621464e-03  1.68967999984375353506e+02  3.72001535950845674261e-01  5.00000000000000027756e-02  5.57640000012540681951e+01  3.19999328006752792319e-01
1.09798611111111114269e+02  1.09599840127884462504e+01  1.00260998401278845904e+03  4.91199536370864890955e+01  4.95200059047419998137e+01  6.39275530970144085586e+05  5.91611604128259699792e+05  1.33113742668349903653e+01  4.49247969444442445119e-03  1.65092000012399893194e+02  3.97332522653697839399e-01  5.00000000000000027756e-02  5.56520000003583064085e+01  2.10000031999951264350e-01
1.09805555555555557135e+02  1.06300255795360349964e+01  1.00262010231814417693e+03  4.94600959232601269377e+01  3.60712690793627714925e+01  5.64161437360072042793e+05  5.81303083314129849896e+05  1.34516097041415356728e+01  4.44460122222220359312e-03  1.61216000006199948302e+02  4.22666261326848924362e-01  5.00000000000000027756e-02  5.55400000001791482873e+01  8.00008959929061902461e-02
1.09812500000000000000e+02  1.03499999999999996447e+01  1.00269000000000005457e+03  5.04799999999999968736e+01  1.85220500000000001251e+01  4.89047343750000000000e+05  5.70994562500000000000e+05  1.35918451414480792039e+01  4.38665261904755496986e-03  1.57340000000000003411e+02  4.48000000000000009326e-01  5.00000000000000027756e-02  5.54279999999999972715e+01  3.20000000000000006661e-01
1.09819444444444442865e+02  9.90999360511599114432e+00  1.00282000639488410343e+03  5.09101726618682235426e+01  6.55090828254118218155e+00  4.19695895962526206858e+05  5.28723354245412512682e+05  1.37320805787546245114e+01  4.19891121693120265151e-03  1.57083333332922762793e+02  3.89999071985154099895e-01  5.00000000000000027756e-02  5.55026666667860979487e+01  1.20000191998479888156e-01
1.09826388888888885731e+02  9.68999680255768858217e+00  1.00266002398081730007e+03  5.05900239808173353140e+01  2.17607458413034171585e+00  3.50344448175052471925e+05  4.86452145990825083572e+05  1.38723160160611680425e+01  4.01116981481485033317e-03  1.56826666665845550597e+02  3.31998143970308245976e-01  5.00000000000000027756e-02  5.55773333335722057313e+01  1.40000175999732079379e-01
1.09833333333333328596e+02  9.18001918465222921384e+00  1.00272996163069558406e+03  5.08399232613910854184e+01  3.83612880953330293021e-01  2.80993000387578736991e+05  4.44180937736237596255e+05  1.40125514533677115736e+01  3.82757857142861741481e-03  1.56570000001074902229e+02  2.74001023967230472600e-01  5.00000000000000027756e-02  5.56520000006622268529e+01  5.00000000000000027756e-02
1.09840277777777771462e+02  8.84000639488421313672e+00  1.00267999040767358565e+03  5.19599264588315534752e+01  -3.84085047617053587654e-01  2.76725812507952156011e+05  4.15615729219899512827e+05  1.41527868906742568811e+01  3.72629880952388223975e-03  1.56794000000358153102e+02  2.95333674655728961600e-01  5.00000000000000027756e-02  5.57900000002206510885e+01  1.49999488004053604939e-01
1.09847222222222228538e+02  8.65999040767368022387e+00  1.00260005435651578409e+03  5.19600991207053013454e+01  -1.04805372063557156181e+00  2.72458624992047843989e+05  3.87050520780100487173e+05  1.42930223279810881820e+01  3.62501904761894019891e-03  1.57017999999641830300e+02  3.16666325344271082365e-01  5.00000000000000027756e-02  5.59279999997793524358e+01  1.59999712002280164436e-01
1.09854166666666671404e+02  8.44998561151082761000e+00  1.00266003357314139066e+03  5.28898848920866200274e+01  -1.49349754285627045469e+00  2.68191437422388873529e+05  3.58485312440531502943e+05  1.44332577652876317131e+01  3.52489214285710023705e-03  1.57241999998925081172e+02  3.37998976032769571365e-01  5.00000000000000027756e-02  5.60659999993377766714e+01  5.00000000000000027756e-02
1.09861111111111114269e+02  8.28000159872115482074e+00  1.00285997921662499266e+03  5.31899632294134221411e+01  -1.92557515396862011237e+00  2.54304078073259239318e+05  3.47844312460354354698e+05  1.45734932025941770206e+01  3.47164809523806692018e-03  1.56280000003077560677e+02  2.58669205373946220483e-01  5.00000000000000027756e-02  5.60086666668500825494e+01  5.00000000000000027756e-02
1.09868055555555557135e+02  7.90005115907206789672e+00  1.00283995523581199905e+03  5.38999104716238832680e+01  -2.10563415873003290102e+00  2.40416718724129605107e+05  3.37203312480177148245e+05  1.47137286399007205517e+01  3.41840404761903316963e-03  1.55318000001538791821e+02  1.79334602686973126895e-01  5.00000000000000027756e-02  5.59513333334250404505e+01  5.00000000000000027756e-02
1.09875000000000000000e+02  7.66000000000000014211e+00  1.00286000000000001364e+03  5.43900000000000005684e+01  -2.15239700000000011570e+00  2.26529359375000000000e+05  3.26562312500000000000e+05  1.48539640772072658592e+01  3.36515999999999985276e-03  1.54355999999999994543e+02  1.00000000000000005551e-01  5.00000000000000027756e-02  5.58939999999999983515e+01  8.99999999999999966693e-02
1.09881944444444442865e+02  7.48996802557995788874e+00  1.00287004476418803733e+03  5.45800127897680127376e+01  -1.57708905714267899612e+00  2.26087906250822357833e+05  3.11355312528328679036e+05  1.49941995145138093903e+01  3.38481608465607914857e-03  1.51813999995933869513e+02  1.06666773335039766213e-01  5.00000000000000027756e-02  5.58379999999104228436e+01  5.00000000000000027756e-02
1.09888888888888885731e+02  7.34001278976924353969e+00  1.00304998081534608900e+03  5.54899920063942246884e+01  -2.12679693809574654750e+00  2.25646453126644744771e+05  2.96148312556657416280e+05  1.51344349518203546978e+01  3.40447216931215887806e-03  1.49271999991867744484e+02  1.13333546670079512997e-01  5.00000000000000027756e-02  5.57819999998208473357e+01  1.29999856000219210506e-01
1.09895833333333328596e+02  7.13001438848917246105e+00  1.00295994724220645367e+03  5.58800671462828049130e+01  -1.33272192380926712829e+00  2.25205000002467102604e+05  2.80941312584986095317e+05  1.52746703891268982289e+01  3.42412825396823817387e-03  1.46730000019549976287e+02  1.20002047934460925882e-01  5.00000000000000027756e-02  5.57259999984196170431e+01  1.40000095999035317762e-01
1.09902777777777771462e+02  7.03004476418949053595e+00  1.00294997122302106618e+03  5.56798944844104823915e+01  -1.65800277142881546943e+00  2.41686656219285534462e+05  2.91916593729546992108e+05  1.54149058264334435364e+01  3.44410063492061376683e-03  1.50804000006513888366e+02  1.62667349311457876126e-01  5.00000000000000027756e-02  5.53966666661400992666e+01  5.00000000000000027756e-02
1.09909722222222228538e+02  6.94999360511578689881e+00  1.00288004476418950617e+03  5.61900127897684242839e+01  -1.14168133015608508352e+00  2.58168312530714465538e+05  3.02891875020453007892e+05  1.55551412637402748373e+01  3.46408079365080829107e-03  1.54877999993486099584e+02  2.05332650688542117656e-01  5.00000000000000027756e-02  5.50673333338598993691e+01  1.29999616003040219248e-01
1.09916666666666671404e+02  6.72005755395668824548e+00  1.00285008633093502795e+03  5.70499280575541334315e+01  -1.34496257142982855726e+00  2.74649968661011604127e+05  3.13867156141547777224e+05  1.56953767010468183685e+01  3.48406095238096161562e-03  1.58951999980450011662e+02  2.47997952065539067901e-01  5.00000000000000027756e-02  5.47380000015803815927e+01  1.29999664003376397270e-01
1.09923611111111114269e+02  6.56999680255768936377e+00  1.00308998561150963269e+03  5.71300223820961790011e+01  -8.72160201585673755531e-01  2.58726817649007745786e+05  2.94461244719365204219e+05  1.58356121383533636759e+01  3.54207388888890016901e-03  1.59131999999424152747e+02  2.49333290665984086409e-01  5.00000000000000027756e-02  5.47306666666901264762e+01  5.00000000000000027756e-02
1.09930555555555557135e+02  6.41005115907206768355e+00  1.00296999360511597388e+03  5.72099360511599144274e+01  -6.67033542857111361180e-01  2.42803666637003858341e+05  2.75055333297182573006e+05  1.59758475756599072071e+01  3.60200444444443981448e-03  1.59311999999712071485e+02  2.50666645332992044093e-01  5.00000000000000027756e-02  5.47233333333450673308e+01  1.60000000000000003331e-01
1.09937500000000000000e+02  6.51999999999999957367e+00  1.00290999999999996817e+03  5.60600000000000022737e+01  -6.34846000000000021402e-01  2.26880515625000000000e+05  2.55649421875000000000e+05  1.61160830129664525145e+01  3.66193499999997945996e-03  1.59491999999999990223e+02  2.52000000000000001776e-01  5.00000000000000027756e-02  5.47160000000000010800e+01  1.49999999999999994449e-01
1.09944444444444442865e+02  6.66999360511599181933e+00  1.00294992965627591275e+03  5.65300575539560767879e+01  -8.25668158730032963888e-01  2.09150979199694527779e+05  2.38598890656762960134e+05  1.62563184502729960457e+01  3.70723022222220520774e-03  1.59835333333882516627e+02  2.77333738673151086740e-01  5.00000000000000027756e-02  5.48353333335242183466e+01  5.00010239918927956726e-02
1.09951388888888885731e+02  6.58999999999999985789e+00  1.00274002877698080738e+03  5.65700543565192859319e+01  -8.01611138094118991226e-01  1.91421442774389055558e+05  2.21548359438525920268e+05  1.63965538875795395768e+01  3.75138994444442624987e-03  1.60178666667765043030e+02  3.02667477346302171703e-01  5.00000000000000027756e-02  5.49546666670484285078e+01  1.50000095999853838569e-01
1.09958333333333328596e+02  6.85002877697834389181e+00  1.00264997601918469172e+03  5.48898848920866200274e+01  -2.37758846666553758098e+00  1.73691906349083583336e+05  2.04497828220288909506e+05  1.65367893248860866606e+01  3.79508428571427016904e-03  1.60521999997456674691e+02  3.27999392019456936787e-01  5.00000000000000027756e-02  5.50739999993569711023e+01  6.00001919980706274749e-02
1.09965277777777771462e+02  7.38997761790525409253e+00  1.00260001598721055416e+03  5.42400319744210648309e+01  -2.27685356825584017670e+00  1.81447348943880642764e+05  1.99809447925403714180e+05  1.66770247621926301917e+01  3.82954857142854673477e-03  1.59991999999152568535e+02  3.15333130673160932922e-01  5.00000000000000027756e-02  5.49399999997857477751e+01  1.59999872001013399014e-01
1.09972222222222228538e+02  7.46998721023157408183e+00  1.00254001278976841149e+03  5.37599712230210400321e+01  -2.18722836508286455626e+00  1.89202791681119357236e+05  1.95121067699596285820e+05  1.68172601994994579400e+01  3.86401285714289355680e-03  1.59462000000847410774e+02  3.02666869326839060861e-01  5.00000000000000027756e-02  5.48060000002142473363e+01  1.29999872001013400125e-01
1.09979166666666671404e+02  7.36004316546751713446e+00  1.00245996163069560225e+03  5.41799232613910817236e+01  -2.43467718571492719448e+00  1.96958234334946522722e+05  1.90432687623437057482e+05  1.69574956368060050238e+01  3.90604980158758014613e-03  1.58932000002543304618e+02  2.90000607980543056996e-01  5.00000000000000027756e-02  5.46720000006430240092e+01  8.00002879971059427389e-02
1.09986111111111114269e+02  7.43000319744231063623e+00  1.00242999200639417268e+03  5.41899392485960902377e+01  -1.92548002539662177490e+00  1.89791260389964358183e+05  2.12519911540624685585e+05  1.70977310741125485549e+01  4.25604153439171958156e-03  1.57226000005457734687e+02  2.46001408022524792329e-01  5.00000000000000027756e-02  5.45773333336361829993e+01  1.39999856000219219387e-01
1.09993055555555557135e+02  7.15002557953603457008e+00  1.00236994244604397863e+03  5.42100831334921124949e+01  -7.02041571428246413689e-01  1.82624286444982164539e+05  2.34607135457812342793e+05  1.72379665114190956388e+01  4.60603326719585988436e-03  1.55520000002728863819e+02  2.02000704011262410820e-01  5.00000000000000027756e-02  5.44826666668180905617e+01  1.60000000000000003331e-01
1.10000000000000000000e+02  7.08000000000000007105e+00  1.00227999999999997272e+03  5.51899999999999977263e+01  8.64729999999999943139e-02  1.75457312500000000000e+05  2.56694359375000000000e+05  1.73782019487256391699e+01  4.95602499999999931979e-03  1.53813999999999992951e+02  1.58000000000000001554e-01  5.00000000000000027756e-02  5.43879999999999981242e+01  1.79999999999999993339e-01
